Run,Index,Algorithm,Case,f1,f2,f3,Node_ids
1,0,CG-MOACO,area_s5_t300,0.4002808988764045,1468.4613205122623,1.4142135623730951,36 47 49 56 65 78 80 86 90 102 137 147 152 154 165 180 182 191 200 202 215 222 276 284 306 313 317 320 363 370 377 379 392 430 440 454 475 499 508 528 534 562 582 594 598 607 615 618 650 664 679 680 695 700 708 719 757 763 771 802 807 812 821 825 829 839 842 858 860 862 866 871 909 911 941 943 967 980 990 999 1035 1036 1038 1042 1053 1056 1062 1069 1073 1086 1105 1127 1138 1139 1143 1160 1162 1164 1188 1198 1202 1245 1256 1267 1280 1323 1350 1374 1375 1387 1412 1423 1426 1434 1435 1440 1482 1510 1518 1520 1531 1537 1540 1542 1544 1556 1577 1580 1591 1594 1606 1618 1636 1649 1654 1659 1662 1677 1707 1718 1720 1726 1734 1735 1750 1756 1766 1772 1788 1793 1797 1802 1808 1812 1815 1830 1840 1847 1866 1901 1950 1983 1989 2004 2006 2038 2044 2058 2063 2073
1,1,CG-MOACO,area_s5_t300,0.39372659176029967,1492.4631703019274,1.8547236990991407,5 9 20 24 30 36 38 47 78 80 102 106 113 115 122 123 129 137 148 151 153 168 175 204 226 270 277 285 310 326 335 369 371 382 399 413 424 429 440 461 463 471 480 483 484 508 531 562 568 594 601 608 609 611 616 644 650 652 669 675 692 698 711 716 719 741 773 862 868 887 903 905 910 911 913 929 936 954 967 986 1001 1002 1021 1036 1051 1052 1060 1071 1086 1102 1122 1123 1158 1164 1182 1183 1184 1199 1212 1223 1226 1236 1237 1256 1262 1264 1280 1291 1292 1315 1346 1367 1376 1383 1392 1394 1406 1407 1430 1435 1440 1458 1459 1480 1496 1499 1505 1523 1544 1562 1565 1574 1602 1621 1623 1645 1652 1673 1680 1711 1718 1743 1750 1752 1754 1756 1763 1787 1797 1805 1808 1819 1831 1838 1839 1840 1854 1860 1882 1924 1957 1963 1978 1984 2032 2036 2038 2044 2047 2052 2066 2082
1,2,CG-MOACO,area_s5_t300,0.41245318352059923,1450.5625128636782,2.1354156504062622,64 79 80 102 126 143 152 165 172 175 180 187 198 206 219 222 246 247 252 261 283 285 307 311 313 317 319 333 357 375 391 392 424 429 440 456 465 478 484 486 508 525 544 558 562 583 593 608 611 615 620 626 627 629 638 645 650 668 695 700 741 745 760 771 786 790 801 812 867 868 911 917 926 929 941 961 980 991 1012 1021 1034 1037 1055 1062 1072 1076 1079 1089 1127 1131 1136 1138 1143 1152 1173 1180 1183 1202 1213 1223 1231 1237 1243 1260 1264 1281 1300 1325 1327 1339 1340 1353 1359 1368 1374 1375 1384 1410 1419 1430 1434 1435 1445 1455 1523 1557 1562 1573 1584 1597 1602 1616 1617 1647 1652 1655 1670 1676 1687 1715 1724 1735 1740 1743 1745 1747 1755 1787 1805 1810 1813 1815 1821 1825 1842 1863 1867 1955 1957 1976 1983 2000 2006 2030 2045 2058
1,3,CG-MOACO,area_s5_t300,0.38436329588014984,1488.8558485440449,3.7094473981982814,17 31 36 47 67 90 102 105 106 109 111 126 137 153 157 165 175 185 195 212 230 236 249 257 270 284 289 300 301 308 311 313 316 406 410 432 439 509 514 539 555 562 579 592 593 613 615 626 629 630 638 675 685 687 696 705 708 716 734 745 771 787 802 808 814 825 853 868 873 909 929 936 942 948 957 959 980 993 1001 1013 1017 1020 1029 1060 1068 1070 1105 1110 1117 1143 1160 1162 1189 1191 1196 1197 1199 1201 1202 1205 1222 1237 1245 1254 1278 1302 1308 1310 1314 1317 1318 1327 1331 1334 1336 1339 1367 1375 1383 1398 1403 1406 1412 1419 1423 1429 1438 1440 1453 1487 1500 1524 1529 1544 1571 1584 1589 1596 1622 1627 1640 1645 1652 1672 1692 1711 1747 1751 1756 1766 1779 1787 1797 1804 1812 1823 1866 1882 1892 1909 1917 1929 1969 1983 1991 2006 2008 2015 2028 2036 2038 2058 2063 2083
1,4,CG-MOACO,area_s5_t300,0.39981273408239704,1465.4663886158955,2.2271057451320084,9 13 36 40 47 53 59 77 80 102 110 117 126 137 152 165 175 182 205 220 243 251 257 261 284 285 290 292 300 311 336 337 353 356 377 391 409 438 442 497 514 537 554 555 558 562 582 593 597 605 615 621 626 631 637 681 685 700 715 728 734 747 773 776 802 807 812 821 828 836 862 866 877 902 911 912 929 941 956 957 960 977 1000 1005 1009 1020 1021 1053 1063 1089 1092 1105 1137 1154 1158 1181 1197 1199 1201 1202 1232 1254 1256 1264 1266 1292 1304 1308 1315 1318 1323 1334 1339 1340 1342 1363 1376 1401 1404 1409 1423 1429 1441 1482 1486 1487 1490 1494 1562 1592 1602 1606 1619 1639 1644 1648 1655 1660 1672 1686 1698 1711 1713 1718 1735 1738 1747 1777 1779 1787 1797 1803 1807 1813 1830 1840 1845 1882 1888 1941 1983 1991 1995 2005 2008 2038 2044 2058 2063
1,5,CG-MOACO,area_s5_t300,0.39981273408239704,1479.8139255195015,0.7483314773547882,31 65 71 78 80 99 104 134 137 150 168 176 194 204 207 231 235 252 272 276 277 291 304 307 322 327 336 353 361 369 383 386 391 412 429 440 442 449 450 453 470 485 503 505 509 535 544 554 590 593 595 606 616 626 650 675 700 708 741 745 771 773 782 794 804 807 812 831 835 847 868 870 885 887 910 911 912 925 929 940 955 978 1013 1018 1055 1062 1067 1073 1077 1084 1129 1173 1183 1187 1199 1203 1205 1212 1225 1231 1234 1262 1264 1297 1302 1314 1323 1355 1361 1376 1392 1394 1403 1409 1412 1419 1423 1440 1448 1449 1456 1468 1470 1505 1531 1535 1536 1544 1552 1567 1571 1584 1606 1645 1647 1653 1660 1673 1718 1734 1735 1750 1789 1797 1802 1808 1821 1823 1831 1839 1840 1845 1847 1852 1860 1883 1887 1890 1892 1894 1901 1922 1940 1943 1964 1983 1993 1998 2006 2080 2081
1,6,CG-MOACO,area_s5_t300,0.38576779026217234,1489.0703188861735,3.2619012860600183,1 9 43 59 80 89 91 97 132 137 152 154 164 169 175 176 180 182 187 189 194 200 213 220 241 245 252 256 261 262 270 285 306 317 333 360 369 391 413 427 440 449 450 465 483 510 539 552 578 589 594 602 615 626 638 657 685 700 708 719 721 734 771 776 801 813 814 821 825 826 828 846 852 859 860 862 879 886 911 937 939 944 945 951 958 967 982 999 1021 1033 1036 1096 1109 1127 1132 1143 1150 1163 1167 1173 1187 1188 1199 1224 1247 1257 1264 1280 1290 1293 1298 1308 1315 1337 1339 1340 1365 1383 1400 1412 1425 1454 1480 1482 1486 1487 1496 1576 1578 1584 1595 1615 1629 1645 1648 1660 1706 1708 1718 1726 1734 1738 1747 1756 1766 1776 1779 1787 1790 1797 1807 1815 1822 1823 1835 1840 1854 1867 1882 1892 1940 1963 1965 1983 1989 1995 2001 2018 2037 2058 2064 2076 2080
1,7,CG-MOACO,area_s5_t300,0.39700374531835203,1479.720931365143,1.6733200530681511,1 4 9 24 31 42 43 47 85 96 109 137 155 159 175 176 206 216 235 245 248 252 256 261 269 270 284 285 310 313 317 334 336 337 348 371 403 459 527 528 529 537 546 562 580 589 593 598 602 607 610 613 615 622 629 637 643 656 668 671 712 731 776 784 796 802 804 806 809 812 829 832 843 847 855 865 875 877 884 891 892 905 908 910 911 914 917 929 943 957 961 967 987 1016 1052 1062 1064 1097 1105 1123 1137 1173 1187 1223 1264 1280 1289 1319 1327 1335 1344 1385 1391 1394 1395 1403 1406 1434 1440 1448 1455 1461 1541 1549 1552 1562 1577 1578 1580 1598 1605 1607 1616 1645 1652 1653 1672 1698 1711 1718 1752 1766 1769 1783 1787 1794 1797 1819 1830 1839 1842 1857 1867 1882 1889 1896 1938 1952 1954 1963 1969 1983 1989 1991 2005 2023 2024 2029 2055 2058
1,8,CG-MOACO,area_s5_t300,0.3792134831460674,1509.4518651373005,1.019803902718557,1 14 58 63 65 76 86 102 114 170 175 176 180 182 186 188 200 219 220 261 262 278 283 285 288 307 311 319 328 336 383 395 403 406 425 430 468 488 500 505 508 525 526 562 578 581 593 605 606 607 610 613 620 626 631 638 642 654 656 658 700 735 747 760 766 771 790 803 804 825 836 858 862 868 875 890 902 910 925 946 949 957 976 978 982 991 1000 1024 1028 1036 1058 1064 1092 1118 1124 1137 1143 1158 1173 1187 1189 1200 1202 1205 1225 1237 1244 1254 1268 1274 1278 1338 1339 1346 1370 1373 1379 1386 1388 1393 1401 1403 1407 1412 1419 1441 1476 1486 1513 1519 1524 1553 1568 1575 1577 1584 1614 1619 1637 1645 1652 1654 1685 1697 1700 1708 1710 1718 1747 1756 1767 1779 1785 1793 1794 1815 1829 1854 1878 1888 1892 1902 1924 1929 1931 1952 1953 1965 1983 1996 2027 2030 2037 2046 2058 2074 2076
1,9,CG-MOACO,area_s5_t300,0.40496254681647936,1459.005906612876,1.8547236990991407,1 13 20 26 29 36 56 59 78 80 83 98 112 114 122 125 137 165 175 182 189 201 241 276 278 288 317 321 323 329 334 364 371 385 390 404 411 423 429 454 465 467 485 497 506 508 544 554 562 580 583 593 596 605 615 626 629 640 641 648 656 708 745 750 771 777 782 790 796 812 862 867 872 910 911 944 946 953 961 978 980 995 1013 1026 1066 1073 1076 1077 1089 1091 1117 1137 1142 1143 1150 1172 1174 1187 1188 1202 1206 1222 1265 1283 1300 1304 1314 1334 1339 1352 1360 1371 1376 1385 1401 1404 1411 1412 1422 1434 1446 1448 1455 1463 1479 1482 1484 1486 1544 1577 1585 1607 1617 1644 1652 1655 1660 1665 1673 1700 1718 1733 1747 1751 1756 1767 1776 1792 1805 1849 1860 1882 1883 1885 1919 1934 1960 1962 1966 1984 2013 2024 2027 2028 2046 2063 2070 2076
1,10,CG-MOACO,area_s5_t300,0.3960674157303371,1468.6119402150966,3.6660605559646724,1 18 31 38 43 65 71 98 102 105 109 137 156 165 175 176 178 179 183 189 220 221 227 251 256 306 309 310 317 323 325 359 362 369 379 395 398 402 409 415 420 432 440 442 446 470 486 508 517 523 537 538 560 592 608 613 615 626 648 650 676 705 715 719 731 741 760 762 771 775 790 802 807 829 862 865 870 876 877 887 896 910 916 929 938 939 944 952 955 957 958 973 974 1007 1011 1037 1039 1060 1067 1073 1104 1113 1123 1127 1128 1187 1200 1204 1237 1253 1308 1313 1331 1335 1339 1346 1361 1387 1391 1394 1411 1412 1418 1422 1438 1453 1455 1461 1494 1513 1523 1529 1535 1583 1590 1599 1608 1616 1645 1673 1674 1683 1718 1735 1747 1753 1787 1797 1802 1825 1840 1851 1866 1871 1882 1884 1902 1911 1947 1961 1966 1983 2019 2044 2046 2049 2070 2082
1,11,CG-MOACO,area_s5_t300,0.38389513108614237,1497.1233274275403,0.8,9 26 38 41 47 55 80 86 100 111 137 143 150 152 153 165 175 176 182 189 198 206 220 231 240 252 310 316 327 337 369 379 391 404 415 427 431 437 458 465 468 495 497 508 550 607 613 615 638 659 669 680 693 700 719 727 734 741 760 770 771 773 790 802 812 815 817 829 857 861 865 868 891 911 919 956 959 980 983 992 1012 1016 1028 1037 1039 1060 1065 1068 1085 1092 1102 1108 1123 1124 1127 1137 1157 1161 1183 1190 1199 1203 1245 1259 1264 1281 1295 1319 1326 1331 1336 1339 1350 1361 1363 1369 1384 1401 1404 1416 1419 1426 1433 1436 1448 1483 1494 1513 1544 1556 1562 1565 1571 1575 1616 1618 1647 1658 1708 1709 1718 1747 1768 1783 1787 1790 1797 1800 1808 1815 1819 1834 1840 1860 1882 1888 1895 1907 1940 1946 1964 1983 1989 2020 2023 2026 2027 2038 2039 2058 2063 2081 2082
1,12,CG-MOACO,area_s5_t300,0.38810861423220977,1530.8858020526902,0.6324555320336759,26 31 39 47 60 65 80 119 120 124 134 137 142 165 174 176 189 202 223 230 249 257 258 261 284 288 308 318 324 335 355 364 372 385 410 415 424 433 442 449 450 461 465 484 525 528 537 583 588 593 599 602 605 611 615 626 629 649 654 671 700 701 708 717 723 742 760 776 790 811 843 862 868 911 926 928 931 943 955 957 958 974 980 990 1028 1036 1040 1056 1060 1089 1091 1105 1110 1114 1137 1141 1143 1154 1173 1183 1190 1202 1204 1223 1224 1245 1254 1264 1268 1305 1323 1335 1338 1339 1344 1360 1378 1384 1402 1406 1412 1431 1436 1478 1499 1510 1523 1528 1551 1554 1577 1584 1589 1604 1617 1627 1644 1647 1652 1660 1672 1691 1698 1718 1723 1734 1735 1738 1747 1752 1754 1756 1797 1808 1820 1823 1830 1840 1842 1847 1851 1868 1882 1888 1901 1911 1922 1983 1991 1999 2038 2044 2058 2064 2083
1,13,CG-MOACO,area_s5_t300,0.3721910112359551,1500.0674558238975,1.9595917942265424,31 38 47 61 68 77 80 86 98 106 113 126 137 152 165 175 200 216 219 230 240 242 252 258 270 278 285 307 311 317 324 328 333 338 358 417 432 440 450 461 465 516 525 533 545 560 562 565 574 579 593 597 605 606 612 615 625 638 716 738 748 770 771 775 776 802 806 812 820 821 831 862 911 920 929 930 958 965 967 978 980 994 995 1011 1039 1042 1060 1068 1070 1086 1105 1115 1123 1127 1129 1136 1140 1143 1145 1149 1170 1199 1203 1212 1216 1259 1262 1264 1278 1293 1302 1308 1318 1323 1339 1343 1384 1404 1412 1429 1434 1440 1446 1482 1495 1503 1524 1528 1530 1559 1571 1590 1598 1599 1643 1645 1652 1654 1660 1665 1683 1709 1718 1722 1734 1742 1745 1747 1756 1787 1790 1797 1800 1806 1808 1815 1818 1831 1842 1854 1860 1878 1882 1888 1930 1942 1963 1971 1983 2010 2014 2023 2038 2046 2058 2076 2083
1,14,CG-MOACO,area_s5_t300,0.351123595505618,1565.7148680929067,1.16619037896906,13 24 38 47 56 64 71 79 80 83 91 105 114 121 134 137 143 165 175 176 189 211 215 219 220 261 270 277 286 290 307 316 334 337 362 391 415 432 440 450 461 475 485 486 503 515 516 528 552 562 565 602 605 606 616 620 655 695 708 711 716 722 748 765 771 787 790 802 826 828 836 839 868 886 889 911 935 937 954 957 978 982 999 1020 1022 1024 1036 1039 1050 1052 1063 1070 1104 1127 1139 1143 1158 1167 1183 1187 1188 1199 1202 1213 1224 1229 1233 1259 1264 1279 1293 1302 1318 1327 1339 1361 1379 1395 1403 1404 1412 1419 1422 1435 1468 1482 1486 1495 1499 1503 1508 1524 1528 1535 1544 1565 1571 1573 1590 1594 1605 1614 1637 1647 1660 1709 1711 1747 1753 1756 1768 1770 1784 1786 1787 1792 1802 1808 1815 1821 1829 1840 1853 1860 1868 1879 1888 1901 1941 1983 2006 2008 2009 2025 2045 2049 2058 2063 2074 2078 2083
1,15,CG-MOACO,area_s5_t300,0.37406367041198507,1545.135670516657,0.7483314773547882,7 9 26 31 32 39 62 80 121 132 137 141 151 155 164 165 175 176 180 181 188 191 216 220 221 229 252 257 285 303 309 317 328 331 379 413 415 431 437 449 456 464 465 475 480 488 496 503 506 525 538 542 543 579 589 593 648 650 656 675 692 698 700 708 719 723 762 771 802 806 812 841 862 877 885 910 911 926 939 957 967 968 982 984 999 1017 1021 1024 1027 1039 1058 1062 1068 1105 1124 1160 1163 1170 1181 1184 1188 1199 1202 1222 1237 1243 1262 1264 1288 1295 1297 1318 1323 1327 1336 1339 1348 1369 1376 1378 1383 1385 1400 1402 1405 1440 1463 1490 1523 1528 1529 1544 1562 1577 1584 1619 1631 1643 1645 1648 1650 1652 1680 1688 1718 1726 1735 1743 1747 1755 1765 1778 1787 1842 1855 1858 1866 1867 1871 1882 1924 1937 1978 1980 1983 1989 1995 1997 2005 2023 2036 2038 2044 2046 2058 2064
1,16,CG-MOACO,area_s5_t300,0.39279026217228463,1476.6018447041563,2.039607805437114,9 31 34 49 80 83 85 97 102 105 106 115 137 143 148 152 155 175 176 184 218 226 252 256 270 283 329 334 336 350 360 371 379 390 398 413 440 449 451 480 488 491 508 544 565 566 571 578 588 589 593 598 625 638 648 659 668 675 678 681 693 700 708 725 739 771 802 812 840 843 845 846 866 887 910 929 947 954 995 1016 1020 1033 1045 1056 1065 1086 1114 1129 1138 1139 1143 1144 1166 1175 1179 1187 1199 1202 1234 1280 1302 1323 1353 1361 1369 1387 1394 1402 1412 1416 1419 1423 1435 1441 1446 1469 1475 1486 1492 1494 1510 1528 1531 1573 1580 1584 1599 1609 1637 1645 1649 1652 1654 1660 1672 1700 1715 1720 1724 1738 1747 1752 1753 1756 1779 1787 1792 1813 1823 1840 1842 1873 1875 1888 1911 1940 1963 1979 1984 1986 1989 1991 2009 2019 2024 2037 2058 2063 2078
1,17,CG-MOACO,area_s5_t300,0.36610486891385763,1525.28421871654,1.019803902718557,5 9 28 34 38 47 59 64 78 80 81 102 106 111 122 126 133 169 180 185 187 198 220 231 247 248 252 263 270 285 292 310 316 379 387 395 413 424 427 429 449 450 465 501 514 516 530 535 560 562 564 566 578 615 624 626 637 650 654 662 676 700 708 716 734 741 748 771 776 804 806 826 875 877 884 886 890 903 913 916 920 956 957 967 998 1012 1016 1026 1032 1039 1058 1062 1065 1096 1102 1143 1152 1158 1187 1188 1199 1202 1204 1208 1222 1237 1259 1264 1268 1318 1323 1339 1343 1354 1357 1369 1370 1375 1379 1383 1391 1394 1412 1419 1424 1432 1434 1440 1516 1529 1544 1554 1584 1591 1594 1595 1599 1606 1616 1643 1645 1648 1656 1658 1683 1684 1689 1701 1718 1735 1747 1776 1808 1823 1830 1840 1847 1855 1867 1871 1872 1882 1890 1940 1959 1963 1964 1979 1983 1991 1996 2001 2006 2023 2058 2063 2070 2082
1,18,CG-MOACO,area_s5_t300,0.36704119850187267,1506.2830651075308,2.4166091947189146,9 47 79 80 101 102 106 115 122 137 139 157 164 175 176 182 189 191 197 215 219 235 251 252 265 285 302 317 319 358 367 379 385 391 393 398 411 412 432 440 442 444 450 452 457 458 465 477 507 514 541 555 562 564 578 583 586 599 646 668 715 741 760 771 776 787 790 804 812 826 831 862 873 901 910 911 915 944 946 957 958 959 967 972 980 994 1016 1024 1036 1039 1042 1062 1063 1068 1080 1089 1097 1105 1108 1128 1137 1143 1158 1202 1222 1236 1237 1258 1262 1264 1304 1308 1319 1326 1336 1339 1344 1352 1362 1370 1383 1398 1406 1429 1434 1453 1455 1460 1469 1520 1529 1532 1562 1567 1583 1584 1602 1608 1615 1645 1658 1708 1726 1735 1747 1767 1779 1793 1797 1812 1823 1832 1840 1842 1851 1858 1867 1871 1873 1880 1882 1884 1922 1924 1953 1963 1964 1978 1983 1991 2005 2008 2012 2025 2027 2036 2058
1,19,CG-MOACO,area_s5_t300,0.3806179775280899,1480.4943173856598,3.7629775444453557,9 14 38 41 53 78 91 102 106 109 111 114 117 153 166 173 175 180 182 204 206 211 215 247 252 286 291 300 306 356 369 379 386 391 411 425 465 475 480 485 491 497 514 528 544 545 562 569 578 583 593 618 625 649 654 675 686 697 700 708 728 734 772 775 777 814 829 836 839 858 860 862 879 885 894 905 911 917 967 978 1000 1013 1021 1056 1060 1079 1086 1127 1139 1142 1143 1150 1154 1156 1158 1172 1187 1199 1222 1237 1264 1268 1274 1276 1279 1297 1300 1314 1336 1361 1384 1387 1391 1394 1403 1412 1415 1419 1422 1425 1435 1440 1448 1469 1473 1478 1483 1509 1520 1524 1544 1571 1582 1584 1585 1594 1596 1614 1618 1625 1645 1652 1718 1742 1743 1750 1751 1756 1768 1769 1783 1787 1792 1797 1820 1830 1834 1860 1866 1882 1888 1923 1957 1960 1983 1986 1991 2007 2023 2028 2045 2058 2063 2072
1,20,CG-MOACO,area_s5_t300,0.3609550561797753,1541.8643381768,1.8973665961010275,5 9 40 42 55 64 80 81 98 102 106 115 121 125 129 137 165 175 176 202 218 226 230 272 277 284 285 287 289 292 309 311 317 331 335 371 379 410 413 424 425 429 440 449 464 465 466 503 509 517 525 559 562 574 579 583 593 605 626 643 648 671 677 685 700 708 725 734 738 740 750 760 783 802 806 809 836 842 853 860 865 867 873 910 913 918 929 943 946 950 961 967 980 988 1001 1024 1029 1037 1039 1041 1053 1062 1064 1066 1127 1151 1159 1175 1189 1237 1264 1298 1300 1310 1318 1328 1334 1339 1384 1387 1390 1403 1404 1406 1412 1418 1423 1440 1441 1446 1447 1469 1482 1495 1499 1549 1554 1560 1596 1599 1609 1641 1645 1652 1676 1687 1721 1731 1738 1747 1778 1791 1797 1815 1819 1830 1842 1853 1860 1871 1878 1882 1884 1888 1922 1928 1945 1983 1991 2001 2018 2023 2035 2038 2046 2053 2055 2057 2063 2074
1,21,CG-MOACO,area_s5_t300,0.35159176029962547,1541.8332478197194,2.039607805437114,7 9 14 38 47 80 83 87 96 101 102 132 137 148 165 175 176 178 182 184 196 200 214 219 220 241 251 252 256 261 270 278 285 310 317 336 345 356 362 430 440 450 464 465 485 516 525 534 536 550 589 601 605 606 615 626 671 685 697 701 719 740 747 760 774 782 790 796 802 806 812 814 826 862 868 875 877 888 939 941 943 955 958 976 982 990 1001 1062 1068 1070 1105 1109 1126 1142 1143 1149 1151 1152 1158 1167 1173 1190 1199 1202 1204 1223 1242 1256 1274 1279 1292 1296 1310 1319 1322 1327 1339 1342 1376 1377 1394 1402 1403 1406 1420 1423 1436 1440 1453 1455 1457 1469 1470 1483 1487 1496 1518 1524 1544 1584 1599 1614 1645 1650 1655 1656 1660 1676 1689 1715 1720 1735 1738 1747 1756 1779 1787 1797 1800 1802 1813 1818 1829 1832 1835 1840 1859 1874 1882 1888 1963 1976 1980 1984 1989 2025 2038 2046 2058 2063 2078
1,22,CG-MOACO,area_s5_t300,0.3637640449438202,1525.5554393464051,2.727636339397171,5 9 25 38 42 43 71 80 89 96 137 165 166 175 176 182 188 196 218 220 226 230 245 252 258 263 276 277 285 292 310 332 336 344 351 355 371 379 404 449 461 465 495 528 533 534 552 562 583 590 593 626 627 650 658 675 692 700 719 734 740 747 771 772 776 783 794 802 804 806 815 847 853 858 868 885 888 890 894 910 914 915 929 957 978 979 980 1016 1020 1024 1033 1037 1055 1057 1062 1089 1097 1126 1143 1151 1155 1175 1205 1222 1245 1261 1264 1280 1288 1304 1310 1322 1327 1331 1336 1339 1344 1361 1363 1384 1390 1394 1400 1403 1411 1412 1414 1422 1423 1427 1441 1453 1455 1461 1565 1584 1597 1618 1645 1648 1652 1653 1673 1705 1708 1735 1747 1755 1766 1770 1787 1790 1797 1804 1806 1808 1819 1823 1863 1872 1881 1922 1932 1940 1963 1966 1983 1999 2001 2023 2025 2036 2038 2047 2057 2064 2071 2083
1,23,CG-MOACO,area_s5_t300,0.3651685393258427,1554.028302799456,1.2649110640673518,5 73 80 83 98 100 103 117 120 132 137 148 153 155 166 171 175 176 189 203 222 251 252 261 263 270 277 284 286 300 306 308 309 311 317 337 413 420 424 449 450 457 464 465 467 487 502 504 508 510 518 544 562 593 602 605 611 622 626 650 719 725 734 736 771 784 790 801 804 808 812 815 868 875 881 885 896 905 911 918 934 939 967 1017 1036 1039 1042 1053 1060 1068 1070 1086 1097 1102 1105 1115 1127 1143 1158 1189 1190 1199 1202 1203 1221 1222 1243 1261 1264 1268 1276 1280 1289 1318 1349 1354 1373 1375 1376 1378 1383 1394 1396 1403 1406 1419 1422 1426 1434 1436 1480 1482 1496 1503 1518 1559 1583 1602 1614 1627 1645 1652 1708 1717 1721 1738 1744 1755 1776 1796 1808 1813 1831 1839 1848 1851 1852 1859 1867 1873 1878 1901 1924 1938 1950 1963 1967 1968 1976 1983 1989 2008 2009 2023 2024 2027 2028 2038 2057 2064
1,24,CG-MOACO,area_s5_t300,0.3904494382022472,1496.427986451551,2.5612496949731396,9 13 26 31 47 52 78 80 96 115 132 136 137 152 174 175 178 184 189 199 202 210 213 215 220 228 252 261 265 321 355 370 378 406 413 416 432 446 450 465 500 504 508 517 562 565 578 594 598 625 645 650 653 675 709 716 735 740 771 801 804 809 819 826 828 831 839 851 884 905 911 936 943 957 967 972 977 982 997 1013 1024 1026 1029 1050 1053 1062 1105 1123 1129 1137 1141 1153 1158 1162 1167 1183 1199 1222 1226 1234 1264 1280 1290 1302 1323 1327 1329 1334 1338 1370 1373 1375 1378 1383 1389 1394 1412 1419 1422 1423 1432 1436 1484 1487 1502 1511 1528 1529 1540 1545 1568 1584 1594 1616 1636 1643 1645 1660 1672 1718 1721 1726 1730 1750 1753 1778 1787 1797 1823 1840 1851 1866 1867 1871 1882 1909 1922 1924 1937 1960 1962 1963 1978 1983 1991 2005 2023 2025 2027 2036 2038 2044 2058 2063
1,25,CG-MOACO,area_s5_t300,0.33520599250936334,1579.3821535649865,0.9797958971132712,1 31 38 47 59 77 80 86 102 106 124 132 137 151 165 174 175 176 179 181 184 189 219 220 235 252 256 276 278 307 310 317 334 379 382 395 399 403 421 425 450 464 465 476 480 483 486 489 491 500 502 515 545 558 559 574 593 599 602 605 607 620 626 654 676 695 700 701 708 734 771 773 806 821 829 842 847 860 875 885 910 929 943 948 957 961 967 973 982 991 1001 1019 1022 1024 1032 1037 1039 1049 1062 1064 1127 1137 1142 1143 1158 1163 1187 1199 1202 1222 1224 1243 1258 1264 1280 1344 1352 1370 1375 1378 1383 1391 1395 1412 1419 1422 1436 1455 1480 1506 1520 1524 1529 1535 1541 1553 1584 1585 1591 1594 1599 1605 1614 1616 1619 1645 1652 1685 1701 1708 1718 1738 1747 1754 1755 1776 1778 1787 1797 1815 1823 1829 1836 1871 1888 1901 1922 1928 1937 1940 1961 1977 1983 2001 2005 2008 2009 2018 2023 2027 2037 2045 2057 2065
1,26,CG-MOACO,area_s5_t300,0.36048689138576784,1504.8362220151482,4.604345773288535,1 27 31 40 46 54 65 80 89 102 108 113 117 137 148 175 184 189 202 210 212 220 231 235 248 252 261 285 306 308 311 317 337 361 369 391 392 450 458 465 475 486 509 514 523 544 554 562 580 592 593 599 605 615 626 654 676 681 695 697 705 711 726 734 741 747 748 760 771 772 790 796 802 814 825 847 853 867 874 940 941 965 978 982 1001 1037 1080 1089 1123 1126 1137 1143 1153 1168 1187 1190 1198 1211 1223 1226 1237 1244 1257 1262 1264 1278 1293 1300 1308 1310 1314 1331 1334 1335 1339 1362 1374 1404 1412 1419 1420 1423 1442 1454 1480 1486 1487 1490 1494 1509 1529 1544 1574 1580 1590 1596 1599 1645 1647 1649 1652 1654 1660 1672 1727 1734 1751 1766 1768 1787 1792 1797 1805 1808 1815 1839 1845 1867 1868 1871 1882 1901 1924 1928 1932 1946 1953 1967 1969 1983 1989 1991 2018 2023 2027 2037 2045 2046 2058 2063
1,27,CG-MOACO,area_s5_t300,0.33801498127340823,1575.2744789722483,1.0954451150103321,5 24 36 39 40 71 98 102 105 106 117 119 134 137 155 169 175 182 191 196 211 220 263 270 277 284 311 313 317 334 336 337 344 351 357 370 379 395 412 415 429 432 440 458 461 465 475 484 504 517 525 559 562 578 583 600 620 626 630 637 650 695 698 708 716 719 734 741 760 771 776 780 790 802 806 819 859 860 870 876 885 905 910 920 929 946 952 957 967 976 978 982 1022 1024 1036 1062 1065 1069 1070 1086 1105 1127 1128 1143 1156 1179 1187 1202 1222 1224 1233 1237 1243 1251 1262 1264 1280 1300 1304 1310 1318 1323 1327 1334 1339 1373 1384 1391 1403 1404 1423 1427 1434 1436 1448 1453 1455 1482 1495 1504 1518 1524 1536 1562 1606 1615 1617 1618 1652 1656 1672 1721 1738 1745 1747 1753 1756 1779 1781 1791 1797 1815 1818 1832 1835 1840 1854 1860 1866 1888 1909 1926 1928 1940 1953 1983 2005 2008 2038 2046 2052 2058 2063 2074 2080
1,28,CG-MOACO,area_s5_t300,0.30571161048689144,1648.7522961855204,0.4,1 7 24 38 42 67 79 80 83 98 102 134 137 156 165 172 175 176 179 182 189 196 202 220 252 256 264 273 275 306 310 317 356 358 362 379 391 393 413 415 418 431 439 450 458 464 465 486 495 508 558 562 579 593 598 605 616 645 646 650 671 692 697 700 711 715 716 719 725 734 741 747 760 765 783 790 802 804 812 858 860 862 875 885 900 911 916 935 936 941 957 967 971 977 982 1001 1007 1012 1024 1037 1039 1062 1068 1082 1104 1127 1143 1151 1158 1175 1187 1190 1191 1202 1205 1222 1234 1237 1257 1259 1262 1264 1280 1295 1316 1318 1327 1339 1363 1370 1375 1376 1379 1384 1392 1394 1395 1398 1403 1412 1419 1430 1434 1448 1455 1496 1518 1529 1544 1582 1584 1599 1614 1645 1648 1650 1652 1708 1718 1720 1735 1747 1753 1756 1777 1784 1787 1790 1808 1823 1836 1842 1845 1854 1867 1882 1884 1901 1916 1922 1937 1940 1946 1954 1961 1963 1983 2015 2023 2038 2044 2047 2057 2063 2074 2082
1,29,CG-MOACO,area_s5_t300,0.3216292134831461,1572.7937897925976,1.3266499161421599,1 9 24 31 38 40 47 59 68 80 86 95 102 106 132 137 151 176 179 189 219 223 245 249 251 252 270 278 284 285 311 317 324 333 344 348 367 379 415 440 450 458 461 465 486 499 514 528 537 544 558 562 583 599 605 608 615 620 626 627 629 648 650 676 697 700 734 741 745 760 771 776 790 802 804 812 826 836 850 862 877 884 903 910 917 929 941 943 958 967 976 978 980 983 991 1001 1012 1018 1032 1044 1056 1062 1086 1089 1105 1117 1123 1127 1137 1143 1175 1183 1188 1204 1221 1222 1237 1262 1264 1279 1303 1315 1318 1325 1331 1339 1361 1363 1370 1376 1384 1391 1401 1419 1423 1436 1448 1449 1455 1482 1494 1524 1544 1553 1562 1565 1571 1584 1618 1638 1645 1654 1655 1660 1670 1673 1676 1691 1701 1718 1743 1756 1766 1787 1794 1797 1808 1815 1818 1823 1836 1839 1842 1852 1901 1924 1928 1931 1937 1963 1967 1983 1989 1991 2008 2023 2036 2037 2045 2057 2073
1,30,CG-MOACO,area_s5_t300,0.26029962546816476,1691.7037564560997,2.9664793948382653,1 5 9 23 38 42 47 63 67 80 98 99 102 114 125 137 143 156 165 172 175 176 178 182 204 214 219 226 230 232 252 258 261 270 277 278 284 285 307 310 317 334 336 362 391 415 440 442 450 458 464 465 491 510 537 545 562 574 583 593 611 612 622 626 629 637 674 708 734 740 750 760 771 772 775 776 787 790 796 802 809 812 825 853 858 862 868 875 887 910 917 929 935 943 957 958 978 982 1001 1017 1018 1028 1039 1054 1062 1064 1068 1070 1078 1085 1097 1105 1117 1127 1137 1143 1151 1158 1170 1173 1187 1199 1202 1205 1223 1237 1257 1260 1262 1264 1268 1296 1308 1310 1323 1334 1336 1339 1344 1370 1375 1376 1384 1387 1391 1403 1412 1419 1423 1434 1435 1440 1441 1445 1453 1469 1482 1495 1565 1596 1599 1645 1650 1652 1654 1670 1708 1719 1724 1738 1747 1749 1751 1756 1779 1787 1815 1818 1820 1836 1840 1842 1854 1860 1882 1888 1924 1926 1928 1931 1937 1940 1944 1953 1963 1980 1983 1989 2001 2008 2018 2023 2027 2037 2045 2046 2058 2063 2074 2083
1,31,CG-MOACO,area_s5_t300,0.32209737827715357,1593.6967083641048,0.0,1 7 9 31 47 56 59 67 80 102 106 110 120 122 137 143 153 156 157 159 175 176 179 220 221 252 256 270 285 290 306 308 317 369 371 379 391 395 440 453 458 461 465 503 528 555 558 562 566 578 582 593 602 615 616 626 650 654 656 671 685 700 708 716 722 723 731 741 760 763 773 790 801 825 828 829 831 862 868 870 894 900 910 911 913 917 939 941 943 956 957 1007 1018 1036 1039 1060 1077 1089 1104 1105 1106 1117 1143 1145 1158 1164 1174 1183 1199 1222 1225 1231 1236 1237 1259 1262 1264 1268 1279 1296 1323 1329 1339 1361 1375 1376 1378 1401 1403 1404 1419 1426 1434 1440 1446 1448 1449 1479 1483 1495 1524 1535 1544 1552 1565 1583 1602 1606 1618 1645 1649 1652 1708 1718 1720 1734 1735 1738 1747 1756 1763 1766 1777 1797 1806 1808 1812 1840 1851 1853 1860 1866 1882 1883 1888 1901 1924 1944 1955 1980 1983 1991 2006 2008 2032 2038 2044 2046 2058 2063
1,32,CG-MOACO,area_s5_t300,0.32677902621722843,1570.8205457187573,1.7204650534085253,5 29 31 43 71 80 83 86 98 102 105 111 134 137 151 155 165 175 176 179 184 211 252 256 270 275 276 277 284 285 300 309 310 319 324 334 336 362 379 391 415 426 440 449 464 465 475 485 508 517 528 537 544 559 562 580 590 593 602 615 616 625 629 650 675 700 708 716 734 741 771 775 802 805 812 818 829 862 866 868 910 911 929 934 939 943 955 978 982 994 1016 1017 1028 1039 1054 1060 1068 1070 1086 1089 1104 1115 1127 1143 1164 1172 1173 1183 1184 1187 1189 1199 1202 1204 1223 1242 1254 1259 1264 1268 1288 1292 1308 1314 1318 1327 1331 1339 1361 1378 1384 1404 1412 1416 1418 1422 1436 1440 1448 1482 1509 1524 1544 1568 1595 1625 1638 1643 1645 1648 1652 1671 1678 1705 1708 1747 1753 1756 1787 1792 1793 1797 1808 1812 1815 1860 1872 1882 1888 1896 1901 1923 1924 1928 1940 1963 1983 1991 1996 2008 2010 2023 2024 2045 2046 2049 2057 2063 2078
1,33,CG-MOACO,area_s5_t300,0.2752808988764045,1643.5320650964886,2.4,1 14 31 78 80 86 89 102 110 132 137 148 151 157 159 173 175 176 180 184 186 210 235 252 257 270 276 277 278 284 285 288 311 317 334 336 362 371 379 391 393 420 440 449 450 458 464 465 475 508 528 533 537 544 545 562 593 603 605 606 612 615 616 626 629 650 654 676 678 681 697 700 708 740 745 750 754 760 771 772 775 790 802 814 825 831 846 862 868 894 897 910 911 913 929 934 936 952 958 967 978 980 991 1012 1018 1036 1039 1043 1050 1060 1070 1086 1089 1105 1117 1127 1129 1143 1149 1173 1183 1191 1199 1205 1223 1229 1234 1237 1257 1264 1279 1290 1292 1297 1308 1310 1314 1323 1327 1329 1334 1339 1364 1370 1376 1389 1392 1419 1423 1425 1430 1440 1448 1455 1487 1496 1544 1559 1562 1565 1616 1645 1652 1654 1655 1660 1672 1683 1708 1735 1749 1756 1766 1787 1792 1797 1808 1815 1818 1823 1834 1836 1839 1842 1852 1860 1882 1888 1901 1928 1937 1940 1967 1983 1989 1991 2005 2008 2023 2025 2027 2031 2045 2058 2065 2080
1,34,CG-MOACO,area_s5_t300,0.2780898876404494,1681.3515366802824,0.4898979485566356,1 31 34 38 59 63 65 80 86 90 98 102 106 137 153 173 175 176 200 218 220 226 230 245 252 256 258 263 270 285 292 300 307 311 317 325 334 336 360 379 403 415 432 440 450 458 461 465 486 508 544 554 562 583 593 598 602 608 609 615 622 626 637 645 650 676 680 692 708 716 734 738 740 760 771 772 790 802 807 812 825 862 868 870 900 910 911 929 939 941 943 946 954 958 978 980 1001 1007 1028 1037 1039 1060 1070 1073 1086 1089 1102 1127 1137 1141 1143 1158 1175 1183 1187 1199 1202 1204 1221 1231 1237 1244 1260 1262 1264 1274 1280 1304 1308 1314 1336 1339 1361 1375 1376 1378 1383 1385 1387 1392 1410 1412 1419 1422 1423 1429 1434 1440 1449 1453 1529 1531 1540 1544 1556 1584 1612 1615 1616 1645 1652 1654 1658 1706 1708 1718 1734 1738 1756 1766 1777 1779 1790 1797 1811 1815 1818 1820 1823 1835 1839 1840 1854 1866 1882 1888 1896 1909 1926 1928 1940 1963 1967 1983 2001 2018 2025 2037 2039 2058 2063 2080
1,35,CG-MOACO,area_s5_t300,0.2387640449438202,1804.0424013074921,3.7202150475476548,1 9 46 55 68 78 80 86 102 105 106 110 137 141 148 156 165 167 175 176 182 184 192 198 206 218 220 226 230 252 257 263 270 275 278 284 285 294 310 317 334 336 344 371 379 385 395 415 420 424 431 440 449 450 457 464 465 467 508 517 529 537 543 554 562 583 588 589 593 605 615 626 638 643 654 697 700 708 719 734 741 760 771 790 806 815 825 842 862 868 890 900 910 911 925 929 936 941 946 957 958 961 978 1001 1012 1020 1028 1032 1036 1039 1058 1062 1064 1070 1089 1105 1107 1117 1129 1137 1143 1158 1170 1173 1183 1187 1188 1199 1202 1220 1223 1237 1264 1278 1296 1299 1300 1318 1323 1327 1334 1336 1339 1367 1370 1375 1376 1383 1385 1386 1395 1403 1410 1412 1419 1422 1423 1426 1435 1440 1469 1496 1518 1524 1528 1529 1544 1552 1556 1565 1584 1596 1605 1616 1645 1647 1649 1652 1654 1660 1670 1672 1683 1697 1718 1736 1747 1753 1756 1777 1779 1794 1797 1815 1823 1834 1836 1854 1860 1868 1872 1882 1888 1919 1928 1963 1983 1989 2006 2008 2023 2037 2045 2058 2070 2076 2083
1,36,CG-MOACO,area_s5_t300,0.3370786516853933,1551.0433765856535,1.5999999999999999,1 9 31 38 47 59 80 99 102 121 137 152 153 165 178 180 189 191 215 220 248 252 257 284 285 290 292 300 307 311 317 324 334 348 356 379 391 392 415 432 440 464 496 505 508 510 528 533 546 562 583 591 593 611 612 615 617 625 637 648 656 675 708 734 740 745 775 787 802 807 812 814 828 833 860 862 870 877 885 911 925 934 936 939 957 967 972 980 991 1000 1039 1053 1056 1062 1064 1068 1086 1089 1105 1127 1131 1137 1143 1173 1183 1187 1200 1201 1202 1237 1262 1264 1297 1318 1323 1326 1336 1338 1339 1354 1375 1378 1385 1390 1406 1412 1415 1419 1420 1423 1434 1436 1483 1490 1509 1511 1524 1528 1531 1544 1567 1571 1577 1582 1584 1616 1645 1647 1655 1660 1672 1677 1683 1688 1711 1718 1719 1735 1747 1751 1756 1787 1797 1813 1815 1823 1830 1854 1860 1866 1868 1879 1882 1884 1888 1963 1983 1987 2033 2038 2044 2058 2063 2076
1,37,CG-MOACO,area_s5_t300,0.2949438202247191,1621.0013837705098,2.3151673805580453,1 9 14 31 38 40 47 65 80 95 102 119 132 137 141 175 176 189 191 200 202 216 223 252 270 284 285 306 308 311 317 337 348 362 371 379 393 403 413 420 440 450 461 465 467 477 504 510 516 528 536 545 554 565 583 591 593 599 618 622 625 629 640 650 700 708 731 734 760 771 773 775 790 802 806 812 814 831 847 860 900 907 910 911 917 929 935 936 939 941 943 957 973 978 1001 1017 1024 1039 1056 1068 1072 1089 1091 1104 1105 1107 1117 1127 1137 1143 1158 1162 1173 1183 1187 1199 1202 1223 1234 1259 1264 1278 1293 1295 1304 1308 1323 1327 1339 1350 1375 1383 1390 1403 1404 1411 1412 1419 1422 1429 1434 1435 1445 1482 1486 1487 1490 1524 1528 1529 1544 1565 1615 1645 1652 1654 1660 1677 1691 1708 1718 1726 1735 1738 1745 1756 1757 1777 1787 1793 1794 1797 1808 1815 1818 1820 1829 1839 1840 1888 1901 1922 1932 1937 1940 1963 1967 1980 1989 1991 2006 2008 2009 2023 2038 2046 2055 2058 2064
1,38,CG-MOACO,area_s5_t300,0.25889513108614237,1704.1784890465904,2.7856776554368237,7 9 13 31 38 55 78 80 86 98 102 106 132 143 153 165 169 175 178 189 211 218 222 226 230 247 252 256 258 263 270 292 299 311 317 334 338 344 356 371 379 395 413 415 429 432 437 440 450 458 461 465 480 483 486 508 528 537 545 560 562 570 593 602 613 615 626 629 643 658 708 719 734 740 754 802 806 809 815 821 828 860 862 900 910 911 917 929 939 941 943 955 957 958 978 980 994 1007 1016 1017 1018 1028 1036 1039 1060 1064 1068 1077 1086 1089 1104 1105 1115 1127 1128 1137 1143 1167 1173 1183 1188 1199 1202 1223 1234 1245 1258 1264 1279 1292 1296 1310 1314 1320 1330 1334 1336 1339 1361 1370 1375 1376 1378 1394 1403 1419 1423 1426 1434 1438 1448 1487 1490 1524 1529 1535 1544 1562 1565 1571 1580 1582 1584 1614 1616 1618 1622 1645 1649 1652 1660 1672 1706 1708 1709 1734 1747 1756 1766 1787 1797 1802 1808 1809 1813 1818 1823 1840 1845 1851 1852 1867 1878 1882 1901 1911 1944 1953 1961 1963 1983 1986 1989 2006 2008 2027 2036 2058 2063
1,39,CG-MOACO,area_s5_t300,0.33614232209737827,1550.5018911144064,1.7888543819998317,1 9 14 40 46 55 80 98 102 106 117 137 143 148 156 175 176 178 182 196 202 210 220 252 261 278 284 285 292 299 317 319 334 337 344 350 371 395 403 415 440 442 450 458 464 465 475 485 490 503 525 528 537 544 545 562 593 615 616 618 626 650 675 678 700 708 719 734 745 771 772 775 802 825 876 877 881 910 920 952 954 976 978 982 985 995 1016 1037 1039 1062 1068 1070 1086 1097 1115 1127 1139 1143 1162 1170 1179 1187 1199 1202 1221 1223 1224 1237 1244 1264 1268 1289 1292 1296 1314 1318 1336 1339 1342 1354 1375 1387 1394 1403 1412 1419 1434 1435 1440 1441 1448 1469 1483 1496 1529 1544 1554 1559 1565 1591 1599 1616 1627 1643 1645 1649 1652 1654 1660 1670 1718 1756 1766 1777 1787 1793 1797 1802 1808 1812 1819 1839 1840 1842 1851 1860 1888 1924 1932 1937 1946 1963 1967 1983 1989 2005 2008 2009 2023 2024 2037 2045 2046 2057 2064
1,40,CG-MOACO,area_s5_t300,0.2528089887640449,1730.4560088166959,2.1908902300206643,1 9 38 47 64 80 98 102 106 125 137 152 153 154 156 165 175 176 185 201 218 220 222 226 230 252 257 258 270 292 308 310 317 334 336 371 379 391 393 415 420 440 450 465 475 485 486 496 497 508 528 537 543 544 554 558 559 562 583 591 593 602 615 626 637 650 676 700 708 711 716 719 734 740 760 763 771 775 790 802 812 815 825 847 858 861 868 885 900 905 910 911 917 929 941 943 982 1001 1017 1018 1036 1039 1053 1058 1062 1068 1070 1072 1086 1089 1104 1105 1127 1137 1142 1143 1158 1175 1183 1187 1188 1199 1202 1205 1222 1234 1237 1243 1258 1259 1264 1280 1296 1297 1304 1314 1318 1327 1336 1339 1340 1361 1363 1370 1375 1391 1394 1395 1412 1419 1429 1434 1440 1448 1453 1458 1487 1490 1524 1535 1541 1571 1584 1612 1614 1616 1645 1652 1655 1660 1670 1674 1683 1701 1708 1718 1747 1756 1766 1769 1787 1793 1797 1802 1805 1808 1823 1836 1840 1842 1860 1866 1882 1888 1909 1937 1953 1961 1963 1983 1986 2005 2008 2018 2023 2027 2037 2045 2057 2063
1,41,CG-MOACO,area_s5_t300,0.25795880149812733,1707.3463153515322,2.8284271247461903,9 26 38 46 55 67 80 98 100 102 111 122 132 137 148 153 157 164 165 175 176 179 182 189 191 197 219 235 252 256 263 270 306 308 310 317 362 379 393 411 412 415 420 450 456 458 464 465 467 486 504 508 554 558 562 583 593 598 605 617 622 626 637 648 650 698 700 708 719 734 754 760 771 772 775 790 802 806 807 812 825 840 862 868 892 907 910 917 929 934 936 939 944 946 957 958 978 980 991 1001 1020 1024 1028 1036 1039 1042 1062 1068 1070 1089 1104 1105 1107 1117 1127 1137 1143 1158 1162 1173 1183 1187 1199 1202 1230 1234 1237 1239 1256 1259 1262 1264 1268 1280 1296 1299 1300 1311 1318 1327 1339 1370 1375 1376 1378 1380 1384 1391 1394 1395 1403 1412 1422 1426 1429 1434 1435 1449 1524 1529 1544 1559 1565 1578 1584 1616 1619 1631 1645 1648 1652 1689 1718 1720 1745 1747 1749 1756 1779 1797 1804 1818 1827 1835 1854 1882 1888 1896 1924 1926 1941 1944 1952 1954 1959 1962 1963 1980 1983 1989 2001 2005 2008 2018 2027 2037 2045 2046 2058 2063
1,42,CG-MOACO,area_s5_t300,0.30430711610486894,1616.2178171563385,0.8944271909999159,1 5 9 38 47 55 64 80 98 102 106 111 117 137 144 153 165 175 178 189 191 241 248 252 256 263 265 270 277 284 285 292 300 310 317 324 327 334 379 393 420 440 449 450 464 465 467 475 508 552 559 583 587 592 593 596 605 611 613 615 625 648 687 700 705 708 734 745 750 760 771 775 790 802 806 807 812 814 842 847 853 858 860 871 875 896 900 910 917 929 941 957 978 982 994 1001 1027 1028 1033 1042 1056 1062 1068 1070 1091 1105 1107 1137 1143 1162 1173 1184 1188 1199 1202 1204 1205 1244 1254 1264 1280 1296 1310 1318 1327 1334 1336 1339 1363 1375 1384 1393 1402 1403 1404 1409 1419 1423 1434 1446 1469 1482 1490 1502 1524 1544 1552 1562 1565 1571 1578 1602 1645 1649 1652 1654 1670 1677 1708 1720 1747 1752 1756 1766 1769 1775 1777 1779 1787 1789 1793 1797 1806 1833 1836 1840 1842 1860 1882 1888 1902 1954 1963 1966 1983 1991 2018 2023 2025 2037 2045 2046 2058 2063 2078
1,43,CG-MOACO,area_s5_t300,0.27340823970037453,1662.8016079268673,3.2619012860600183,1 5 9 38 40 42 47 55 80 83 98 101 102 106 117 132 137 160 165 172 175 176 178 182 206 219 248 252 257 270 277 278 284 286 307 311 334 336 348 356 379 391 420 424 425 432 440 442 450 461 465 475 480 484 508 528 537 540 545 559 562 575 583 593 613 626 676 678 685 708 734 760 790 802 807 812 825 860 862 877 910 911 917 929 939 957 978 982 1000 1012 1016 1017 1018 1020 1024 1036 1039 1042 1054 1058 1062 1064 1068 1070 1086 1089 1105 1117 1127 1137 1143 1154 1173 1183 1187 1189 1199 1202 1204 1224 1230 1237 1262 1264 1314 1318 1323 1327 1339 1340 1370 1375 1376 1384 1392 1393 1394 1395 1403 1412 1419 1423 1434 1435 1440 1458 1490 1502 1524 1553 1559 1565 1568 1580 1584 1597 1605 1616 1645 1647 1649 1652 1654 1658 1677 1689 1710 1718 1735 1738 1747 1755 1765 1776 1787 1797 1808 1811 1818 1823 1829 1840 1842 1851 1860 1882 1888 1896 1901 1937 1952 1963 1965 1983 1989 2001 2006 2008 2044 2049 2058 2063 2083
1,44,CG-MOACO,area_s5_t300,0.32911985018726597,1542.077534106859,3.4409301068170506,1 38 40 47 55 80 99 122 134 154 157 175 180 182 184 198 202 220 222 245 247 252 265 278 285 311 317 334 371 379 391 404 409 411 415 440 444 449 450 458 464 465 467 477 508 515 533 545 562 574 580 583 593 611 617 620 626 697 700 708 719 734 741 750 760 763 771 772 790 802 804 807 812 815 825 836 842 860 862 896 910 911 917 929 935 946 956 957 967 999 1000 1012 1024 1028 1032 1036 1039 1053 1056 1060 1064 1089 1091 1097 1105 1117 1127 1137 1143 1158 1170 1183 1187 1199 1202 1224 1259 1264 1268 1274 1279 1297 1319 1336 1339 1341 1363 1370 1376 1384 1390 1395 1401 1412 1419 1425 1436 1440 1446 1482 1495 1502 1527 1544 1554 1565 1582 1645 1649 1659 1700 1708 1718 1733 1735 1738 1756 1775 1779 1792 1797 1813 1815 1823 1829 1839 1842 1860 1866 1924 1928 1931 1937 1940 1959 1963 1967 1983 2001 2005 2008 2019 2020 2044 2049 2057 2063 2083
1,45,CG-MOACO,area_s5_t300,0.25749063670411987,1715.4313879933025,2.280350850198276,1 24 46 71 78 80 96 102 106 111 134 137 153 157 165 175 176 182 184 191 214 218 226 230 252 256 270 272 285 289 300 310 317 327 334 336 361 379 391 395 411 412 420 424 425 440 445 448 450 452 464 465 479 484 508 528 530 537 544 545 558 562 566 588 594 613 621 626 629 650 654 678 700 708 734 760 771 790 802 825 831 850 857 858 862 884 890 910 911 929 941 967 980 1001 1016 1017 1018 1024 1028 1039 1053 1062 1070 1086 1089 1091 1104 1105 1117 1127 1138 1143 1158 1164 1170 1173 1183 1187 1188 1199 1202 1204 1205 1223 1230 1262 1264 1268 1292 1299 1310 1318 1323 1334 1336 1338 1339 1361 1367 1370 1375 1378 1392 1394 1401 1403 1412 1415 1419 1423 1426 1436 1440 1448 1483 1487 1495 1544 1565 1571 1606 1616 1618 1645 1648 1650 1652 1658 1660 1708 1734 1735 1747 1752 1753 1756 1766 1769 1787 1793 1797 1808 1811 1818 1823 1840 1842 1860 1878 1888 1896 1901 1953 1959 1963 1983 1986 1989 1991 2005 2009 2018 2023 2025 2027 2038 2055 2058 2063 2078
1,46,CG-MOACO,area_s5_t300,0.3117977528089888,1576.439433174654,2.1354156504062622,1 9 26 31 38 55 77 78 80 98 99 102 105 117 133 137 139 141 144 152 165 175 176 184 189 214 220 252 257 278 285 310 317 325 334 356 362 371 379 391 393 412 415 431 442 449 450 458 464 465 475 477 480 491 508 525 528 537 544 554 562 588 593 613 616 626 648 675 700 708 719 734 741 750 754 772 783 802 812 815 825 836 860 870 917 929 941 976 978 980 1008 1020 1024 1029 1033 1039 1056 1060 1063 1068 1070 1089 1117 1127 1128 1137 1143 1156 1162 1172 1173 1183 1201 1202 1208 1223 1237 1257 1259 1262 1264 1318 1323 1336 1339 1340 1359 1364 1384 1395 1404 1410 1419 1425 1426 1435 1441 1446 1469 1482 1490 1495 1502 1513 1520 1524 1562 1565 1571 1602 1606 1645 1652 1654 1683 1703 1706 1708 1718 1725 1747 1756 1769 1777 1787 1793 1797 1808 1820 1836 1840 1842 1854 1866 1882 1888 1901 1926 1937 1959 1963 1966 1983 1986 1989 2008 2025 2046 2047 2057 2063
1,47,CG-MOACO,area_s5_t300,0.2682584269662921,1673.657883482366,3.1622776601683795,9 13 31 38 42 47 55 80 91 102 115 117 137 152 165 172 174 175 176 178 181 218 220 226 230 252 256 258 260 278 285 306 310 317 336 356 362 369 371 379 393 395 413 415 440 449 450 458 464 485 489 525 528 562 583 589 593 602 607 612 615 626 648 650 654 675 678 685 700 708 716 719 725 734 741 745 772 776 802 806 807 820 825 853 862 868 887 892 910 913 926 929 952 954 957 967 972 977 980 1018 1028 1036 1039 1062 1070 1086 1089 1097 1105 1117 1127 1137 1143 1164 1175 1183 1187 1199 1205 1230 1237 1243 1259 1264 1268 1278 1297 1314 1318 1323 1339 1340 1359 1370 1374 1375 1376 1384 1387 1394 1398 1411 1412 1414 1419 1434 1435 1440 1448 1483 1496 1520 1529 1554 1559 1606 1618 1645 1652 1660 1670 1708 1711 1718 1734 1747 1753 1756 1766 1777 1787 1797 1808 1811 1812 1823 1840 1842 1851 1854 1860 1866 1878 1882 1883 1888 1896 1901 1909 1959 1965 1983 1993 2001 2006 2008 2018 2023 2024 2037 2045 2057 2063 2076 2080
1,48,CG-MOACO,area_s5_t300,0.3089887640449438,1598.7824639430646,1.4966629547095767,1 9 13 31 38 40 42 47 55 71 77 79 80 86 98 102 106 132 137 152 157 165 179 189 200 202 216 231 252 257 265 270 286 292 307 308 317 334 379 386 440 442 449 458 485 508 516 528 535 537 544 545 554 562 580 593 608 615 616 625 629 650 654 675 681 700 708 716 734 741 745 750 766 771 804 815 877 887 910 911 929 943 953 978 980 990 999 1001 1012 1016 1029 1039 1056 1057 1060 1070 1080 1085 1089 1104 1105 1127 1137 1139 1143 1167 1175 1187 1189 1199 1202 1204 1205 1221 1222 1228 1264 1268 1296 1297 1304 1310 1314 1323 1327 1334 1336 1339 1361 1363 1370 1394 1400 1412 1423 1434 1458 1487 1495 1528 1541 1544 1554 1565 1582 1594 1608 1616 1618 1638 1645 1647 1652 1654 1658 1660 1711 1724 1735 1747 1753 1756 1769 1792 1793 1802 1808 1813 1818 1823 1835 1842 1847 1860 1882 1888 1901 1924 1937 1959 1963 1983 2006 2008 2019 2025 2036 2044 2058 2063 2078 2083
1,49,CG-MOACO,area_s5_t300,0.30852059925093633,1583.2413748361057,1.7204650534085253,1 80 91 98 105 111 112 132 137 141 143 148 152 153 165 175 176 180 182 189 191 204 220 246 252 260 276 285 292 300 310 317 334 341 350 356 379 393 404 420 431 437 440 442 449 450 457 497 529 534 537 544 562 579 583 589 593 605 626 648 650 671 676 700 708 719 734 740 745 760 776 783 790 802 812 815 825 833 842 858 862 868 885 901 910 911 917 929 936 941 946 958 978 980 983 999 1036 1039 1062 1079 1089 1105 1137 1143 1162 1175 1183 1187 1189 1202 1203 1221 1222 1244 1264 1296 1297 1304 1318 1331 1336 1339 1360 1369 1383 1385 1394 1412 1423 1434 1435 1446 1449 1453 1455 1458 1469 1480 1483 1496 1524 1529 1531 1544 1565 1571 1584 1608 1618 1645 1652 1654 1673 1697 1706 1708 1711 1718 1720 1722 1726 1734 1735 1747 1766 1769 1777 1793 1797 1808 1818 1823 1842 1854 1860 1871 1882 1898 1901 1924 1926 1947 1959 1963 1978 1983 1989 2006 2008 2025 2036 2044 2057 2063
1,50,CG-MOACO,area_s5_t300,0.297752808988764,1594.901911965673,3.3105890714493698,1 15 31 38 47 55 67 80 90 98 102 106 137 151 153 175 176 178 180 191 197 220 227 245 252 257 263 270 277 284 285 299 306 307 311 315 326 333 336 344 379 394 440 449 464 475 508 528 534 546 554 562 566 583 593 596 598 613 615 622 626 648 650 675 700 708 734 740 750 771 772 775 802 806 825 828 836 840 862 865 868 870 890 910 913 929 939 943 957 958 991 1026 1037 1039 1053 1060 1070 1086 1089 1104 1115 1127 1128 1137 1158 1170 1173 1183 1184 1187 1199 1202 1204 1223 1237 1244 1262 1264 1278 1300 1310 1318 1323 1334 1339 1361 1373 1375 1376 1380 1385 1392 1394 1408 1411 1412 1419 1422 1423 1426 1434 1440 1455 1466 1483 1495 1524 1534 1567 1568 1571 1616 1618 1638 1643 1645 1647 1650 1652 1660 1672 1676 1677 1704 1711 1734 1735 1738 1752 1766 1787 1797 1802 1808 1818 1820 1823 1839 1853 1866 1871 1882 1888 1901 1953 1963 1967 1984 1987 1989 2005 2025 2027 2044 2058 2063
1,51,CG-MOACO,area_s5_t300,0.2794943820224719,1710.4677102041917,0.0,9 38 54 59 78 80 102 106 117 137 154 165 174 175 176 179 182 189 220 233 251 252 256 264 270 285 288 290 292 300 306 308 310 317 332 344 356 361 379 395 411 415 431 440 448 450 456 458 461 465 480 491 508 525 528 537 540 543 544 558 562 583 593 611 613 615 626 648 649 654 700 719 734 740 749 760 770 775 790 802 815 825 861 862 868 885 905 910 913 917 925 946 958 967 980 1012 1016 1017 1026 1032 1036 1039 1053 1058 1062 1070 1086 1089 1096 1104 1105 1127 1137 1143 1160 1170 1173 1188 1199 1202 1204 1223 1237 1260 1262 1264 1280 1281 1299 1304 1320 1323 1334 1339 1352 1370 1376 1383 1385 1390 1394 1395 1403 1411 1412 1419 1423 1429 1434 1455 1469 1496 1526 1528 1529 1535 1544 1567 1584 1616 1645 1647 1649 1652 1658 1660 1691 1708 1718 1720 1724 1747 1752 1756 1768 1777 1792 1806 1808 1813 1818 1820 1823 1840 1842 1851 1854 1860 1867 1882 1901 1937 1976 1983 2001 2005 2023 2025 2028 2045 2058 2063 2070 2076 2083
1,52,CG-MOACO,area_s5_t300,0.28558052434456926,1627.4228188310422,1.8330302779823362,1 9 24 46 76 78 80 98 102 106 110 114 137 154 156 165 167 175 176 180 182 214 219 245 252 257 270 278 284 292 306 307 310 336 379 391 393 398 415 440 449 450 458 464 465 484 508 518 537 544 562 583 588 593 605 608 611 615 626 629 637 645 693 697 700 716 726 734 741 747 760 771 787 790 802 825 836 842 861 862 868 885 890 905 910 916 917 943 956 958 967 976 1012 1018 1026 1028 1032 1039 1056 1062 1064 1070 1086 1089 1092 1105 1127 1128 1137 1143 1173 1183 1187 1189 1199 1202 1228 1237 1257 1264 1268 1279 1289 1292 1296 1318 1323 1336 1339 1375 1376 1378 1383 1395 1401 1403 1404 1412 1419 1426 1434 1436 1440 1449 1496 1524 1529 1544 1549 1559 1568 1571 1580 1606 1616 1637 1645 1652 1654 1660 1672 1689 1706 1708 1718 1734 1747 1756 1766 1776 1779 1787 1797 1806 1811 1815 1818 1830 1842 1854 1860 1882 1888 1896 1928 1937 1940 1954 1963 1983 2005 2008 2018 2027 2037 2046 2058 2063 2076 2080 2083
1,53,CG-MOACO,area_s5_t300,0.26357677902621723,1688.3506633741042,3.1874754901018454,1 9 38 47 55 60 63 78 80 98 102 105 132 137 153 156 157 159 165 174 175 176 182 189 200 218 220 226 230 252 256 258 260 270 277 283 285 308 310 315 317 334 361 362 371 379 393 395 440 449 450 458 461 465 475 508 525 528 537 543 545 562 583 593 624 626 649 654 678 685 689 697 700 708 731 734 740 745 749 750 760 771 772 790 802 806 815 825 831 836 858 862 868 871 910 911 917 929 941 943 957 958 978 1012 1017 1018 1024 1028 1033 1036 1054 1060 1070 1086 1089 1092 1096 1105 1117 1126 1137 1173 1183 1199 1202 1205 1223 1237 1244 1262 1264 1268 1279 1296 1304 1310 1318 1327 1334 1336 1339 1346 1359 1364 1370 1375 1383 1391 1394 1403 1419 1422 1423 1430 1434 1435 1449 1469 1487 1496 1532 1544 1562 1602 1615 1616 1618 1645 1652 1654 1660 1673 1677 1708 1726 1735 1747 1756 1765 1777 1787 1793 1797 1808 1811 1818 1820 1840 1851 1860 1866 1882 1901 1911 1937 1963 1980 1983 1991 1996 2006 2008 2018 2023 2036 2038 2046 2055 2063
1,54,CG-MOACO,area_s5_t300,0.31694756554307113,1567.5448426008488,2.939387691339814,5 17 31 38 46 55 71 80 83 99 102 105 117 134 137 141 175 176 178 179 184 200 211 215 219 220 252 261 263 270 277 278 285 288 307 311 317 334 358 361 362 399 415 420 440 450 456 458 464 465 486 504 514 523 528 559 562 579 593 613 617 643 675 708 711 734 763 771 775 787 796 802 806 807 812 825 839 841 853 862 868 877 917 947 954 957 958 978 982 994 1001 1012 1016 1024 1036 1039 1057 1060 1064 1068 1086 1089 1105 1127 1137 1143 1170 1175 1183 1187 1199 1202 1205 1224 1237 1244 1262 1268 1278 1296 1299 1310 1314 1318 1327 1331 1334 1339 1344 1361 1364 1375 1384 1403 1404 1412 1419 1423 1435 1440 1446 1461 1469 1535 1559 1565 1582 1618 1645 1649 1652 1653 1726 1735 1756 1768 1787 1793 1797 1808 1815 1829 1839 1842 1845 1852 1854 1860 1867 1901 1923 1924 1932 1953 1965 1967 1983 1989 2006 2008 2009 2010 2014 2018 2023 2024 2027 2038 2046 2055 2057 2064
1,55,CG-MOACO,area_s5_t300,0.30290262172284643,1601.7025835876677,0.9797958971132712,1 26 31 47 55 59 78 80 83 86 102 106 110 134 137 139 152 169 174 175 176 178 180 184 220 252 257 260 278 286 289 310 317 334 336 356 371 379 410 413 415 449 450 458 461 485 490 508 515 528 540 543 562 589 591 593 611 615 626 641 648 676 685 700 708 716 734 741 745 772 802 806 809 812 815 821 825 847 867 868 879 890 894 910 911 917 929 939 941 946 957 967 978 991 1012 1016 1021 1028 1036 1039 1043 1056 1064 1069 1086 1105 1117 1126 1128 1131 1143 1167 1173 1187 1199 1223 1262 1264 1278 1293 1323 1334 1339 1352 1361 1367 1370 1374 1375 1376 1383 1385 1394 1412 1419 1423 1446 1458 1483 1486 1490 1520 1524 1529 1544 1548 1571 1584 1594 1599 1606 1618 1645 1649 1652 1660 1672 1683 1708 1711 1718 1735 1756 1769 1777 1797 1808 1813 1818 1820 1823 1829 1830 1839 1845 1860 1878 1882 1888 1901 1959 1963 1967 1983 1986 1991 1996 2006 2008 2023 2038 2044 2058 2063
1,56,CG-MOACO,area_s5_t300,0.30664794007490637,1589.1555369092446,2.039607805437114,1 7 29 31 40 47 59 80 102 106 111 117 125 129 134 137 143 165 175 176 178 180 219 220 235 252 256 270 278 285 292 311 317 334 370 379 424 432 440 461 465 485 508 528 529 537 552 562 580 593 603 605 615 617 620 626 648 650 654 676 678 681 708 734 741 745 760 771 790 802 804 806 807 808 815 825 860 862 879 900 905 910 917 926 929 941 971 976 977 980 1000 1012 1018 1020 1032 1036 1039 1062 1070 1086 1127 1143 1151 1156 1163 1172 1173 1189 1191 1199 1202 1228 1237 1243 1262 1264 1293 1308 1310 1314 1319 1323 1327 1334 1339 1370 1375 1376 1383 1385 1403 1410 1419 1423 1434 1435 1440 1446 1449 1455 1479 1496 1528 1529 1535 1544 1554 1559 1562 1565 1584 1602 1615 1645 1649 1652 1660 1673 1677 1708 1738 1745 1747 1752 1756 1766 1776 1787 1797 1808 1815 1818 1823 1836 1842 1852 1860 1901 1928 1937 1940 1963 1966 1983 1989 1991 2001 2023 2027 2028 2038 2057 2063 2083
1,57,CG-MOACO,area_s5_t300,0.28604868913857673,1652.361475110132,0.7483314773547882,1 38 46 55 65 67 79 80 90 91 98 102 106 137 141 152 174 175 176 178 180 182 189 197 220 231 252 256 270 292 306 307 310 313 317 344 369 379 393 410 417 440 465 477 479 486 528 529 537 558 562 565 566 578 580 583 593 602 605 611 613 622 626 638 650 654 671 700 708 711 734 740 760 766 775 776 790 802 806 818 825 831 847 848 858 868 910 911 916 929 957 967 982 994 1018 1024 1026 1039 1048 1060 1073 1089 1091 1104 1105 1115 1127 1137 1143 1152 1158 1173 1187 1189 1199 1204 1205 1223 1228 1230 1261 1264 1274 1296 1304 1310 1334 1336 1339 1361 1367 1370 1376 1378 1385 1401 1412 1419 1422 1423 1434 1436 1455 1462 1482 1524 1529 1536 1544 1571 1575 1582 1584 1612 1614 1618 1645 1648 1649 1652 1660 1672 1687 1700 1705 1708 1734 1747 1756 1766 1787 1797 1802 1806 1811 1815 1823 1835 1860 1865 1882 1888 1896 1922 1928 1937 1940 1954 1960 1963 1983 2015 2023 2025 2027 2045 2058 2063 2065 2078 2083
1,58,CG-MOACO,area_s5_t300,0.26076779026217234,1710.6682563183763,1.624807680927192,1 5 9 31 38 47 55 68 80 102 105 111 137 153 165 174 175 176 181 196 218 226 230 252 256 264 277 284 292 300 308 310 317 344 356 362 369 379 387 393 413 415 431 440 449 450 458 461 465 467 475 479 508 528 537 543 554 562 575 580 583 589 593 605 606 613 615 622 626 641 648 654 671 700 708 719 741 749 760 772 775 790 806 815 825 862 868 870 894 900 910 911 929 935 936 939 941 943 946 957 958 972 974 978 982 994 1001 1012 1028 1036 1039 1042 1056 1060 1064 1070 1089 1091 1104 1105 1107 1127 1143 1158 1173 1199 1228 1234 1256 1262 1264 1278 1310 1323 1334 1336 1339 1342 1350 1370 1379 1384 1394 1395 1408 1418 1423 1430 1434 1435 1440 1448 1453 1469 1482 1490 1495 1520 1524 1526 1544 1562 1565 1571 1573 1584 1597 1602 1626 1645 1648 1652 1658 1708 1719 1734 1747 1751 1756 1766 1769 1777 1792 1793 1805 1808 1813 1823 1833 1842 1854 1860 1882 1888 1901 1937 1954 1961 1963 1964 1983 1986 1989 2006 2008 2023 2028 2045 2058 2063 2078 2082
1,59,CG-MOACO,area_s5_t300,0.28183520599250933,1638.6653508775835,3.2,1 26 31 38 46 78 80 98 102 117 134 137 143 152 156 175 176 180 196 210 219 222 252 263 270 278 284 285 292 307 308 311 317 334 336 344 362 379 393 407 415 429 432 450 456 458 464 475 486 503 528 530 537 559 562 575 583 593 603 613 626 648 650 659 675 678 708 734 741 771 775 783 802 806 812 836 862 868 885 900 910 911 917 929 941 946 957 958 965 978 991 999 1012 1020 1024 1037 1039 1042 1056 1060 1068 1086 1089 1128 1137 1143 1158 1183 1187 1189 1202 1204 1205 1222 1230 1237 1258 1262 1264 1278 1310 1314 1318 1327 1334 1339 1344 1359 1361 1370 1375 1376 1378 1384 1394 1395 1410 1412 1419 1423 1434 1435 1440 1454 1455 1483 1524 1527 1529 1545 1565 1571 1584 1590 1614 1615 1616 1631 1645 1647 1652 1672 1683 1706 1708 1711 1745 1756 1777 1797 1804 1808 1823 1839 1842 1852 1854 1860 1866 1882 1888 1901 1922 1931 1940 1963 1966 1967 1979 1983 1989 2006 2008 2015 2024 2026 2037 2039 2058 2063 2082 2083
1,60,CG-MOACO,area_s5_t300,0.25608614232209737,1723.8505616874313,1.5491933384829668,1 26 46 64 67 71 78 80 91 102 106 110 114 132 137 152 153 157 165 172 175 176 180 189 197 220 231 235 246 251 252 257 263 264 270 275 308 310 317 334 344 377 379 424 437 448 450 452 465 475 477 497 499 514 528 533 543 545 554 558 562 575 583 593 602 615 626 650 676 681 700 708 734 738 740 745 760 771 773 776 790 802 806 812 820 825 831 836 858 862 868 870 910 911 915 917 929 957 978 980 991 1022 1033 1036 1039 1055 1060 1076 1086 1089 1104 1105 1117 1127 1137 1141 1143 1173 1183 1184 1187 1199 1202 1204 1205 1223 1224 1237 1244 1256 1259 1262 1264 1279 1296 1300 1303 1308 1318 1323 1339 1361 1374 1375 1379 1384 1391 1401 1404 1412 1418 1430 1434 1448 1455 1469 1495 1536 1544 1559 1571 1582 1616 1643 1645 1649 1652 1654 1660 1677 1705 1718 1734 1735 1747 1756 1766 1787 1793 1808 1811 1815 1818 1842 1852 1860 1866 1878 1882 1888 1901 1922 1953 1959 1963 1965 1980 1983 1989 1991 2006 2014 2023 2025 2027 2036 2038 2046 2058 2063
1,61,CG-MOACO,area_s5_t300,0.24906367041198507,1737.5431667639348,3.3704599092705436,1 9 15 31 38 43 78 80 98 102 105 106 111 114 117 137 150 152 170 175 176 178 189 206 218 226 230 235 252 258 270 284 285 290 300 317 334 348 356 379 380 395 409 420 440 448 450 464 465 480 491 503 535 537 554 558 559 565 569 583 584 592 593 602 608 624 626 629 648 664 671 676 700 705 708 715 734 773 790 802 804 814 825 848 862 868 870 877 900 907 910 911 917 929 941 957 958 978 982 1001 1016 1021 1024 1036 1039 1056 1060 1064 1068 1070 1077 1089 1105 1106 1117 1127 1137 1139 1143 1154 1162 1175 1183 1187 1199 1202 1204 1205 1222 1237 1257 1259 1261 1264 1279 1299 1318 1320 1323 1339 1346 1361 1370 1378 1383 1385 1392 1395 1412 1419 1426 1434 1436 1457 1478 1490 1511 1524 1526 1528 1529 1544 1567 1571 1584 1636 1645 1649 1654 1676 1691 1715 1718 1720 1745 1756 1757 1766 1792 1793 1797 1805 1808 1815 1833 1836 1839 1840 1842 1860 1867 1882 1896 1901 1923 1924 1928 1937 1957 1963 1967 1983 1989 1991 2006 2008 2010 2018 2023 2024 2036 2037 2045 2058 2063 2083
1,62,CG-MOACO,area_s5_t300,0.28464419475655434,1655.0806250274295,0.6324555320336759,9 31 38 40 42 47 63 80 98 102 106 117 125 132 137 143 165 167 172 174 175 176 178 180 181 206 211 219 232 252 256 278 285 307 317 334 336 344 379 395 420 440 449 450 496 497 530 537 545 562 575 583 593 602 608 609 611 612 615 626 638 650 654 681 697 700 708 731 734 737 740 750 760 771 772 776 790 802 806 807 825 842 847 853 860 910 915 929 955 957 968 978 980 1028 1036 1039 1042 1056 1062 1070 1073 1077 1086 1089 1091 1105 1117 1127 1137 1139 1143 1158 1170 1173 1179 1183 1187 1199 1202 1204 1224 1257 1264 1278 1297 1308 1314 1318 1323 1334 1336 1338 1339 1344 1361 1375 1376 1384 1392 1401 1403 1404 1411 1419 1423 1434 1435 1440 1483 1490 1519 1528 1554 1559 1562 1565 1616 1645 1648 1652 1653 1672 1708 1711 1718 1734 1735 1747 1753 1756 1765 1769 1779 1787 1797 1818 1832 1842 1854 1860 1866 1882 1888 1896 1926 1927 1959 1963 1983 1989 2008 2036 2038 2044 2049 2058 2063 2073 2080 2083
1,63,CG-MOACO,area_s5_t300,0.28417602996254676,1641.3147006866807,1.019803902718557,1 9 31 38 47 55 63 78 80 98 99 102 105 106 137 156 159 175 176 179 181 192 223 252 257 263 275 278 284 306 308 310 325 336 344 371 379 393 403 415 440 450 461 465 475 484 504 508 528 544 545 562 565 593 602 605 606 611 615 618 626 629 637 650 686 697 700 708 719 740 745 754 771 772 775 802 812 814 821 825 841 862 868 870 900 910 911 917 929 939 941 946 958 972 978 982 999 1001 1021 1036 1039 1056 1062 1068 1070 1073 1086 1091 1105 1117 1127 1143 1144 1160 1175 1199 1202 1221 1222 1244 1257 1261 1264 1268 1280 1314 1318 1323 1336 1339 1361 1367 1370 1375 1377 1393 1395 1403 1419 1423 1434 1435 1440 1458 1487 1520 1524 1544 1553 1565 1571 1573 1577 1584 1594 1599 1645 1649 1652 1654 1658 1660 1708 1709 1718 1734 1756 1790 1793 1797 1802 1805 1808 1813 1815 1819 1823 1835 1839 1840 1842 1860 1868 1878 1882 1888 1911 1924 1928 1940 1954 1961 1963 1967 1983 1989 2023 2026 2038 2049 2058 2063
1,64,CG-MOACO,area_s5_t300,0.25374531835205993,1724.886845127587,2.4819347291981715,1 5 9 31 38 47 78 80 98 102 105 106 132 137 143 153 156 172 175 176 178 210 219 226 230 252 257 258 270 275 277 285 307 310 316 325 326 336 355 361 379 391 393 395 440 450 458 464 465 475 480 483 486 494 504 508 525 528 550 558 591 593 598 603 605 609 613 615 626 629 648 650 654 678 700 701 712 722 734 740 760 771 790 802 814 836 847 853 860 885 890 900 910 917 929 939 941 943 946 957 972 978 1012 1017 1028 1036 1039 1062 1070 1077 1086 1089 1096 1105 1115 1123 1127 1143 1158 1167 1173 1183 1188 1199 1204 1223 1258 1262 1264 1279 1292 1296 1297 1310 1320 1327 1334 1336 1339 1370 1375 1376 1378 1384 1394 1395 1403 1410 1412 1419 1422 1423 1424 1434 1435 1440 1448 1453 1469 1482 1490 1495 1527 1532 1544 1565 1584 1631 1645 1650 1652 1654 1672 1708 1735 1756 1766 1790 1797 1808 1813 1818 1822 1823 1835 1839 1840 1851 1854 1882 1888 1901 1924 1926 1937 1944 1959 1963 1967 1983 1989 2016 2023 2025 2036 2038 2044 2058 2063 2078 2083
1,65,CG-MOACO,area_s5_t300,0.27059925093632964,1677.7980855365456,1.7435595774162693,1 9 14 31 38 41 47 77 78 80 86 91 98 99 102 106 111 132 137 139 153 174 175 176 178 202 218 230 252 258 260 285 292 300 310 317 334 336 356 364 379 393 411 412 415 432 440 450 458 467 475 477 537 540 544 545 554 562 580 583 592 593 607 615 626 629 650 664 668 705 719 731 740 745 760 772 775 776 790 802 812 815 825 860 862 875 885 892 900 917 929 940 941 943 982 1000 1012 1018 1020 1036 1039 1052 1055 1062 1068 1070 1086 1091 1104 1105 1109 1115 1123 1127 1137 1143 1175 1187 1199 1204 1205 1221 1222 1258 1264 1278 1304 1318 1320 1323 1334 1339 1370 1375 1376 1383 1392 1394 1403 1406 1412 1419 1422 1423 1434 1440 1455 1457 1461 1483 1487 1496 1529 1544 1565 1584 1596 1599 1612 1616 1618 1645 1647 1649 1652 1672 1708 1711 1718 1734 1735 1742 1745 1756 1778 1787 1797 1808 1820 1823 1829 1836 1839 1851 1854 1860 1866 1867 1882 1896 1901 1926 1946 1954 1963 1967 1983 1989 2005 2008 2015 2018 2023 2038 2055 2058 2063
1,66,CG-MOACO,area_s5_t300,0.3033707865168539,1594.4246486121049,3.7629775444453557,1 38 42 46 55 76 78 80 98 102 106 114 134 137 141 143 152 156 165 172 174 175 176 178 180 182 191 202 219 220 221 245 251 257 261 270 278 284 310 317 334 336 344 393 398 413 431 440 449 450 458 465 475 477 497 503 528 537 562 580 589 593 611 615 616 625 648 675 681 697 700 708 734 741 745 754 771 772 775 802 806 812 831 843 868 911 917 929 941 943 950 954 972 978 982 1016 1028 1056 1060 1063 1077 1086 1089 1105 1117 1128 1137 1143 1150 1183 1187 1199 1201 1202 1204 1213 1223 1237 1258 1259 1264 1278 1296 1304 1318 1323 1336 1339 1344 1361 1370 1378 1385 1394 1412 1419 1434 1436 1440 1457 1475 1482 1484 1490 1495 1565 1584 1590 1594 1615 1645 1647 1649 1652 1654 1660 1683 1706 1708 1718 1725 1734 1743 1747 1756 1765 1769 1787 1797 1808 1819 1823 1842 1860 1867 1868 1882 1892 1897 1922 1924 1937 1953 1962 1963 1978 1983 1989 1991 2008 2027 2037 2057 2063
1,67,CG-MOACO,area_s5_t300,0.26451310861423216,1695.8201880675726,0.7483314773547882,9 31 47 55 63 78 80 83 86 98 102 105 106 132 137 151 153 156 169 172 175 176 178 179 210 220 251 252 270 275 285 300 310 316 319 334 379 391 393 411 440 450 461 465 475 486 508 528 554 558 559 562 578 580 583 598 605 613 626 630 648 650 685 687 700 708 716 719 722 734 740 745 749 760 771 777 790 802 812 814 825 831 836 866 868 910 911 917 929 941 943 951 957 978 982 1012 1017 1020 1024 1028 1036 1039 1058 1060 1065 1068 1070 1079 1086 1089 1092 1105 1117 1127 1143 1170 1173 1183 1184 1187 1188 1199 1223 1245 1262 1264 1268 1274 1280 1292 1304 1310 1314 1318 1327 1334 1339 1361 1364 1370 1373 1375 1376 1383 1385 1392 1394 1412 1415 1419 1426 1434 1435 1440 1524 1529 1565 1584 1585 1612 1614 1616 1618 1645 1648 1660 1670 1672 1708 1747 1756 1765 1787 1797 1808 1811 1818 1823 1851 1852 1854 1878 1882 1888 1901 1909 1959 1963 1966 1983 2005 2008 2018 2023 2026 2027 2036 2037 2045 2058 2063 2065 2076 2078 2080 2083
1,68,CG-MOACO,area_s5_t300,0.27574906367041196,1665.4537777937876,0.9797958971132712,1 9 40 47 59 80 102 137 152 153 157 165 175 176 178 182 191 200 210 218 226 230 245 252 257 258 265 270 284 285 292 311 317 324 334 348 362 371 379 391 398 413 420 440 442 449 450 458 465 497 508 517 527 533 537 544 554 560 562 589 593 608 612 616 626 629 638 648 650 700 705 708 712 734 754 760 771 772 775 790 802 812 825 842 853 858 861 867 885 896 905 910 913 917 929 940 946 956 961 978 980 1001 1024 1029 1036 1039 1058 1062 1073 1077 1089 1105 1127 1137 1143 1174 1183 1187 1199 1202 1205 1222 1224 1237 1264 1268 1292 1297 1300 1304 1314 1318 1323 1329 1339 1341 1346 1350 1359 1361 1376 1378 1383 1392 1394 1412 1419 1423 1425 1436 1440 1456 1480 1524 1528 1529 1531 1544 1565 1583 1584 1616 1645 1652 1654 1718 1734 1738 1747 1756 1777 1779 1792 1797 1804 1805 1818 1823 1836 1840 1842 1854 1860 1866 1888 1896 1924 1926 1937 1944 1963 1965 1983 1989 2001 2008 2009 2010 2018 2023 2037 2045 2057 2063
1,69,CG-MOACO,area_s5_t300,0.24953183520599254,1735.9577644571202,2.939387691339814,9 15 24 26 29 38 43 47 71 76 78 80 83 91 98 102 105 106 111 114 117 137 148 175 176 182 200 211 218 220 226 231 232 252 258 261 263 270 285 292 311 317 334 336 356 378 403 415 420 449 450 461 465 481 504 516 545 562 565 569 578 583 593 607 615 626 650 671 676 685 700 705 708 716 719 734 750 760 773 776 790 802 806 809 812 815 825 829 847 858 868 873 910 911 918 942 946 947 957 967 978 982 985 994 999 1001 1007 1012 1028 1036 1060 1068 1073 1089 1104 1105 1127 1137 1143 1153 1173 1183 1187 1199 1202 1204 1205 1223 1237 1257 1259 1262 1264 1292 1303 1308 1318 1327 1339 1361 1375 1376 1378 1383 1392 1403 1404 1412 1419 1434 1440 1449 1483 1487 1490 1503 1524 1529 1544 1559 1565 1571 1578 1616 1631 1645 1652 1654 1708 1718 1719 1735 1747 1756 1767 1778 1797 1805 1808 1815 1840 1842 1854 1860 1866 1878 1882 1888 1892 1901 1909 1922 1926 1928 1940 1959 1963 1966 1980 1983 2006 2010 2018 2023 2026 2027 2036 2038 2046 2055 2058 2063 2080
1,70,CG-MOACO,area_s5_t300,0.28323970037453183,1670.5046408794324,0.4898979485566356,1 9 31 47 65 67 71 80 102 105 110 122 132 137 139 143 153 165 172 175 176 180 189 220 252 257 263 275 277 290 300 307 317 324 334 338 344 348 360 379 395 420 431 440 450 456 458 461 465 475 477 480 486 503 528 533 543 545 558 579 593 615 616 620 626 650 654 676 681 700 701 708 734 749 754 760 771 772 790 802 804 806 862 867 868 885 910 911 919 929 941 945 957 978 980 999 1012 1016 1017 1028 1032 1037 1039 1054 1058 1062 1070 1085 1089 1126 1137 1139 1143 1158 1164 1175 1187 1199 1202 1203 1225 1230 1262 1264 1280 1296 1302 1304 1310 1331 1334 1336 1339 1350 1359 1361 1363 1375 1376 1384 1402 1403 1404 1411 1412 1419 1423 1431 1434 1448 1469 1495 1544 1565 1571 1599 1612 1616 1645 1647 1652 1654 1660 1670 1672 1678 1734 1747 1756 1766 1777 1787 1794 1797 1808 1813 1815 1818 1820 1835 1842 1854 1860 1872 1888 1901 1940 1959 1961 1963 1989 2008 2009 2023 2037 2045 2046 2058 2076 2078 2080 2083
1,71,CG-MOACO,area_s5_t300,0.29962546816479396,1610.9244022975006,1.624807680927192,1 9 40 41 47 59 80 86 98 102 106 129 137 152 153 172 175 176 182 202 212 219 220 252 256 270 284 285 307 308 311 317 334 337 348 356 379 410 440 442 449 450 452 458 461 465 508 527 528 530 537 559 562 575 578 580 583 588 590 593 599 602 626 650 654 700 708 734 741 760 773 790 802 806 809 815 825 829 831 860 862 890 910 911 917 929 942 952 967 968 978 982 1007 1016 1017 1018 1024 1026 1032 1037 1039 1056 1062 1089 1104 1127 1137 1141 1143 1168 1175 1187 1191 1199 1202 1204 1222 1228 1237 1257 1262 1264 1268 1308 1310 1318 1323 1334 1336 1339 1353 1369 1370 1375 1376 1384 1412 1419 1420 1423 1434 1440 1448 1482 1496 1524 1528 1529 1540 1544 1559 1571 1577 1580 1582 1599 1645 1648 1649 1652 1677 1708 1725 1734 1735 1747 1756 1769 1776 1787 1797 1806 1808 1812 1829 1854 1865 1867 1882 1896 1901 1922 1926 1941 1944 1963 1980 1983 2006 2036 2038 2044 2046 2049 2058 2061 2063
1,72,CG-MOACO,area_s5_t300,0.31273408239700373,1641.3047101931447,0.4,1 5 14 31 80 96 102 110 134 137 148 166 175 176 180 191 219 220 223 235 252 256 261 263 275 277 278 284 299 306 307 308 310 336 344 356 362 369 395 415 420 440 450 458 465 477 486 497 508 523 537 545 553 562 578 588 593 598 607 613 615 626 638 693 708 734 741 745 746 760 773 787 790 796 802 806 825 829 860 862 870 877 910 911 913 917 929 936 939 943 957 980 1018 1020 1026 1039 1062 1070 1086 1096 1102 1105 1117 1127 1129 1137 1142 1143 1173 1183 1187 1199 1223 1231 1234 1236 1237 1254 1260 1264 1268 1280 1289 1304 1308 1318 1339 1340 1370 1376 1378 1383 1394 1403 1410 1412 1418 1424 1434 1436 1440 1463 1480 1487 1492 1520 1540 1568 1577 1606 1616 1638 1645 1652 1654 1705 1718 1734 1735 1738 1747 1756 1766 1787 1792 1797 1818 1823 1825 1836 1842 1852 1854 1866 1882 1888 1896 1917 1924 1926 1928 1940 1944 1963 1971 1983 1989 2001 2006 2023 2027 2045 2057 2063
1,73,CG-MOACO,area_s5_t300,0.29260299625468167,1633.459190050537,1.5491933384829668,1 9 31 38 47 55 80 91 102 105 106 117 137 153 154 172 175 176 179 191 206 219 252 256 270 275 277 285 307 310 317 336 348 356 379 391 412 415 432 440 450 458 464 465 480 486 514 516 528 537 544 562 580 583 591 593 608 611 613 620 626 650 654 671 680 716 734 741 747 760 773 776 783 787 790 802 804 825 851 861 868 890 900 910 911 915 917 929 941 946 952 967 972 980 1001 1024 1028 1032 1036 1039 1053 1056 1062 1065 1089 1091 1104 1105 1117 1137 1143 1150 1173 1183 1187 1202 1223 1234 1243 1262 1264 1280 1293 1318 1327 1331 1336 1339 1364 1370 1375 1376 1380 1385 1395 1403 1419 1423 1429 1434 1435 1440 1445 1482 1495 1535 1540 1544 1552 1553 1556 1562 1565 1580 1584 1597 1643 1645 1649 1652 1660 1673 1704 1708 1718 1725 1756 1776 1777 1797 1802 1805 1808 1815 1818 1823 1830 1836 1839 1842 1860 1896 1901 1922 1928 1937 1940 1963 1967 1983 2001 2008 2018 2023 2036 2037 2057 2063 2070 2072
1,74,CG-MOACO,area_s5_t300,0.3188202247191011,1579.1921999413107,1.16619037896906,1 9 38 41 80 83 98 102 106 117 124 137 147 152 156 173 175 176 178 180 182 184 191 197 200 214 220 252 257 270 278 284 285 306 333 336 369 371 379 420 440 449 458 465 475 484 508 517 528 554 562 578 583 589 593 605 626 648 650 656 668 671 676 700 708 712 716 738 740 760 775 790 801 806 812 825 858 862 868 885 894 900 916 917 941 946 957 976 982 991 1024 1039 1062 1068 1085 1089 1097 1105 1115 1127 1143 1164 1167 1175 1180 1183 1187 1188 1199 1205 1222 1230 1243 1254 1260 1261 1264 1266 1274 1280 1296 1304 1310 1314 1327 1334 1339 1384 1386 1404 1406 1412 1419 1423 1425 1435 1440 1449 1458 1469 1482 1490 1496 1544 1565 1568 1580 1612 1618 1645 1649 1652 1655 1658 1705 1708 1722 1735 1736 1738 1747 1756 1767 1775 1781 1790 1797 1808 1813 1815 1842 1860 1882 1888 1901 1909 1940 1953 1963 1983 1991 2001 2005 2027 2032 2038 2046 2058 2063 2070 2078
1,75,CG-MOACO,area_s5_t300,0.2963483146067416,1608.1739331500514,3.006659275674582,1 9 31 46 77 80 98 102 105 106 111 132 137 152 153 169 175 176 179 184 196 200 206 215 220 252 256 263 270 276 284 300 311 317 334 336 344 379 395 419 440 448 453 456 458 464 465 491 508 528 545 558 562 578 583 593 596 613 615 622 625 654 675 678 700 734 741 771 775 802 806 809 815 828 862 868 887 892 910 911 913 929 939 946 947 957 967 977 982 999 1001 1012 1039 1053 1056 1062 1064 1070 1073 1086 1089 1104 1105 1117 1127 1137 1143 1158 1164 1175 1183 1187 1189 1199 1202 1204 1222 1237 1257 1262 1264 1268 1280 1308 1310 1314 1318 1320 1323 1334 1339 1361 1369 1370 1376 1378 1383 1392 1401 1408 1412 1419 1423 1425 1440 1478 1487 1524 1529 1544 1549 1559 1565 1571 1576 1615 1645 1648 1652 1660 1672 1706 1708 1738 1747 1752 1753 1756 1777 1797 1808 1815 1818 1823 1835 1840 1860 1866 1882 1888 1901 1928 1940 1962 1963 1966 1976 1983 1989 1991 2005 2025 2037 2058 2063 2080 2083
1,76,CG-MOACO,area_s5_t300,0.2626404494382022,1704.7834460367542,2.0591260281974,14 31 47 80 86 91 102 106 134 137 148 152 156 165 174 175 176 189 198 218 226 230 252 256 264 270 272 278 283 285 292 310 317 334 344 356 371 379 393 413 415 440 449 450 461 465 483 496 514 528 540 552 554 562 589 593 597 602 605 613 615 616 648 676 685 700 708 715 716 719 734 740 748 760 765 772 776 790 802 812 814 820 836 862 867 868 885 900 903 910 911 917 929 941 946 958 978 982 999 1008 1039 1042 1058 1062 1064 1068 1070 1077 1086 1089 1105 1127 1128 1137 1143 1150 1158 1167 1174 1183 1187 1199 1202 1205 1215 1221 1222 1245 1257 1260 1264 1268 1280 1304 1310 1314 1323 1334 1339 1361 1363 1367 1370 1374 1375 1376 1384 1390 1394 1395 1412 1419 1423 1434 1446 1448 1458 1462 1480 1495 1544 1565 1577 1584 1606 1645 1649 1652 1654 1658 1660 1677 1683 1701 1708 1727 1735 1745 1747 1756 1766 1797 1808 1818 1823 1827 1836 1840 1842 1851 1852 1854 1882 1888 1901 1937 1951 1963 1965 1983 2001 2023 2038 2044 2058 2063 2076 2078
1,77,CG-MOACO,area_s5_t300,0.2851123595505618,1648.0038175740626,0.8944271909999159,1 15 24 31 46 59 78 80 98 102 106 111 114 129 134 137 143 148 152 153 156 165 175 176 218 226 230 235 252 257 270 286 292 300 311 317 334 336 370 379 395 440 449 450 464 465 494 504 508 525 528 562 589 593 607 613 615 616 626 629 646 648 650 654 658 675 687 700 708 716 719 734 745 771 773 802 804 809 815 825 843 847 860 867 870 910 911 913 917 929 941 946 947 952 978 994 999 1012 1020 1032 1036 1056 1078 1086 1089 1105 1126 1137 1143 1155 1170 1175 1183 1187 1199 1202 1221 1222 1237 1264 1279 1295 1299 1302 1308 1318 1320 1334 1339 1369 1370 1375 1376 1380 1385 1394 1410 1419 1423 1431 1434 1435 1445 1469 1486 1524 1527 1534 1544 1562 1565 1578 1584 1616 1631 1645 1647 1650 1652 1653 1660 1672 1718 1720 1734 1747 1756 1766 1777 1797 1802 1808 1813 1819 1823 1833 1840 1842 1851 1860 1882 1888 1922 1937 1959 1963 1965 1983 1986 2006 2008 2023 2024 2025 2036 2037 2045 2058 2063 2083
1,78,CG-MOACO,area_s5_t300,0.2823033707865169,1645.568569975165,1.2,7 9 26 38 47 71 78 80 99 102 105 106 111 117 132 137 141 148 153 165 175 176 179 182 252 257 265 270 276 285 292 300 310 317 334 379 391 410 413 415 448 450 458 464 465 467 475 479 484 508 528 537 544 554 558 562 580 583 593 602 615 626 629 648 650 700 708 716 719 734 740 745 760 762 771 775 790 802 812 814 825 848 862 868 870 875 910 917 929 956 978 982 990 1001 1018 1020 1021 1032 1036 1039 1056 1060 1068 1070 1073 1091 1104 1105 1137 1143 1162 1164 1168 1187 1189 1199 1202 1204 1222 1224 1256 1262 1264 1280 1302 1308 1314 1318 1323 1334 1339 1350 1361 1370 1375 1376 1378 1385 1403 1412 1423 1429 1434 1435 1440 1446 1482 1524 1529 1535 1544 1552 1565 1571 1577 1587 1590 1615 1645 1649 1652 1660 1671 1672 1676 1689 1718 1734 1745 1747 1752 1756 1787 1797 1802 1808 1811 1815 1818 1823 1829 1842 1860 1866 1878 1882 1888 1896 1901 1928 1952 1963 1983 1986 2005 2018 2023 2029 2037 2049 2058 2063
1,79,CG-MOACO,area_s5_t300,0.2949438202247191,1632.2249328270964,1.3564659966250538,9 31 38 71 78 80 91 98 102 105 106 115 137 141 148 151 153 165 172 175 176 178 179 210 215 220 252 270 285 306 311 336 351 369 371 379 391 398 411 420 424 440 450 464 465 475 495 503 528 537 543 554 558 562 575 583 593 602 605 607 613 625 650 672 676 719 722 734 740 742 747 760 771 772 775 790 802 812 831 862 876 877 910 911 917 929 943 946 957 978 982 991 995 1001 1020 1024 1039 1060 1068 1070 1086 1104 1105 1107 1114 1117 1123 1126 1143 1145 1151 1158 1164 1167 1170 1175 1187 1199 1205 1222 1254 1259 1262 1264 1268 1279 1292 1296 1308 1314 1323 1336 1339 1362 1366 1376 1383 1385 1387 1404 1409 1412 1419 1434 1435 1440 1483 1524 1526 1528 1535 1544 1565 1568 1616 1645 1649 1652 1683 1724 1725 1734 1747 1756 1765 1775 1777 1792 1808 1815 1842 1852 1854 1860 1878 1882 1888 1901 1932 1963 1969 1980 1983 1989 2001 2008 2018 2023 2037 2045 2046 2058 2063 2070 2076 2078 2083
1,80,CG-MOACO,area_s5_t300,0.24906367041198507,1742.269087538347,1.4696938456699067,9 31 38 47 55 67 76 78 80 83 91 98 102 106 111 114 137 153 156 175 176 215 219 222 226 230 252 257 258 263 264 265 270 277 283 292 306 308 311 317 358 379 386 393 429 440 449 450 458 464 465 480 503 528 544 562 580 589 593 602 608 613 615 616 648 650 658 697 700 712 716 734 740 747 760 771 775 777 790 797 807 812 814 818 831 836 843 862 868 900 910 911 917 929 941 943 961 967 972 978 982 985 1018 1028 1032 1036 1042 1045 1056 1062 1068 1070 1076 1089 1104 1105 1137 1143 1158 1162 1173 1183 1187 1199 1202 1204 1221 1237 1245 1256 1264 1268 1279 1292 1310 1314 1318 1323 1327 1334 1339 1353 1361 1370 1376 1384 1392 1394 1395 1403 1412 1418 1423 1425 1426 1430 1435 1440 1448 1483 1524 1544 1559 1565 1584 1616 1645 1649 1652 1654 1655 1658 1660 1708 1756 1777 1787 1789 1792 1797 1804 1806 1818 1823 1835 1839 1842 1853 1860 1866 1882 1888 1901 1924 1940 1944 1954 1961 1963 1967 1979 1983 1991 2001 2006 2008 2016 2018 2023 2026 2037 2045 2058 2063
1,81,CG-MOACO,area_s5_t300,0.2570224719101124,1706.66750849507,3.4292856398964497,1 15 26 31 38 42 47 63 76 78 80 83 98 102 111 114 134 137 141 152 153 157 165 172 175 176 188 191 200 219 220 252 257 265 270 275 276 284 285 306 317 337 362 379 391 393 398 415 432 442 450 458 465 475 485 486 497 503 510 525 528 537 543 544 559 562 576 579 583 593 615 626 650 675 708 711 719 734 741 771 775 802 812 825 848 860 862 885 900 910 911 929 941 943 958 967 978 980 985 999 1001 1016 1032 1036 1039 1060 1068 1070 1089 1104 1105 1115 1127 1137 1139 1143 1162 1168 1175 1183 1187 1189 1199 1202 1204 1222 1237 1262 1264 1274 1296 1297 1304 1318 1334 1339 1343 1360 1375 1376 1383 1385 1404 1412 1419 1423 1434 1435 1440 1446 1449 1455 1479 1483 1496 1524 1529 1544 1565 1571 1580 1614 1618 1645 1649 1652 1654 1660 1672 1691 1708 1718 1720 1734 1735 1747 1756 1766 1777 1787 1797 1808 1811 1815 1818 1835 1842 1852 1854 1888 1896 1901 1924 1928 1937 1940 1963 1983 1989 2005 2008 2023 2025 2030 2038 2044 2046 2058 2063 2076 2083
1,82,CG-MOACO,area_s5_t300,0.29260299625468167,1644.8905673220513,0.8,1 9 31 38 42 63 71 77 80 102 106 111 121 137 143 153 157 165 175 176 202 252 256 262 270 284 285 292 300 311 317 334 336 337 360 379 391 395 403 420 423 431 440 442 450 458 465 475 486 497 503 543 544 558 562 579 583 593 602 615 621 626 637 645 654 676 681 700 734 740 760 770 771 773 786 790 803 825 831 842 862 884 902 910 911 913 917 929 939 943 968 980 994 1016 1018 1020 1039 1042 1053 1056 1062 1064 1070 1086 1089 1104 1127 1137 1143 1158 1170 1172 1183 1199 1202 1222 1224 1234 1237 1264 1299 1304 1314 1319 1334 1339 1346 1350 1376 1384 1387 1392 1395 1400 1403 1404 1406 1412 1419 1423 1426 1429 1434 1435 1440 1446 1490 1496 1526 1528 1544 1565 1571 1590 1614 1645 1649 1652 1653 1672 1683 1703 1708 1718 1747 1756 1766 1775 1787 1792 1797 1808 1811 1819 1842 1851 1860 1878 1882 1888 1895 1963 1965 1983 1986 1989 1991 2006 2008 2023 2025 2045 2046 2049 2058 2063 2074 2083
1,83,CG-MOACO,area_s5_t300,0.28838951310861427,1625.6999179627853,1.8330302779823362,1 26 47 63 68 80 91 98 102 105 117 134 137 141 156 175 176 179 182 183 219 248 251 252 256 270 278 285 292 334 336 338 356 360 362 370 379 391 393 415 420 449 450 458 461 465 467 475 503 528 537 540 544 545 562 566 583 611 613 615 626 637 650 675 685 700 708 716 719 723 750 763 772 802 807 812 825 847 867 868 885 910 913 917 929 940 967 968 976 982 985 991 1012 1016 1026 1028 1031 1032 1037 1039 1042 1053 1058 1060 1067 1070 1086 1089 1127 1137 1143 1149 1173 1183 1187 1199 1202 1230 1237 1259 1262 1264 1280 1296 1319 1323 1327 1339 1359 1361 1375 1380 1403 1404 1412 1419 1426 1430 1434 1435 1440 1446 1469 1487 1490 1509 1524 1544 1565 1568 1571 1618 1622 1645 1648 1652 1653 1660 1701 1708 1718 1719 1735 1738 1756 1766 1777 1787 1797 1802 1808 1819 1820 1836 1839 1842 1851 1860 1888 1909 1959 1963 1965 1967 1980 1983 2006 2008 2009 2010 2023 2024 2038 2044 2046 2058 2063 2080 2083
1,84,CG-MOACO,area_s5_t300,0.2485955056179775,1739.0658473001843,2.5768197453450252,1 9 31 47 76 78 80 102 106 137 148 151 165 174 175 176 184 189 191 202 207 220 222 230 235 245 252 257 258 260 270 278 284 306 308 310 317 319 333 371 393 411 415 420 424 440 449 450 464 475 485 504 510 514 528 543 544 562 583 589 591 593 605 611 615 626 648 650 676 693 700 708 719 734 741 745 760 771 775 776 790 802 812 814 825 846 860 862 910 911 913 917 929 936 939 941 943 958 967 978 980 999 1001 1017 1018 1033 1036 1039 1055 1060 1086 1088 1089 1105 1107 1115 1117 1126 1137 1143 1162 1173 1183 1187 1188 1199 1202 1221 1223 1234 1237 1262 1264 1280 1290 1296 1297 1314 1318 1323 1339 1370 1374 1375 1385 1387 1391 1394 1411 1412 1419 1423 1435 1453 1490 1496 1524 1528 1529 1544 1553 1565 1584 1616 1618 1627 1645 1650 1652 1660 1673 1683 1700 1708 1711 1715 1718 1734 1735 1747 1756 1757 1766 1787 1793 1797 1802 1808 1819 1823 1836 1840 1842 1860 1882 1900 1922 1937 1940 1963 1984 1986 1989 2006 2008 2023 2025 2038 2044 2057 2063 2083
1,85,CG-MOACO,area_s5_t300,0.24531835205992514,1747.167624198893,1.6733200530681511,1 9 38 47 55 67 77 78 80 102 106 137 152 153 154 172 175 176 180 182 200 220 222 251 252 256 263 270 275 284 285 300 308 310 317 334 344 356 377 379 393 415 420 440 449 450 458 464 465 475 504 514 528 562 579 589 593 605 606 613 616 622 626 648 650 676 697 700 708 719 735 741 749 754 760 772 776 784 790 802 804 807 812 814 825 862 868 901 903 910 911 920 929 936 939 941 952 957 958 967 980 999 1013 1017 1018 1024 1028 1036 1039 1050 1053 1056 1062 1068 1070 1104 1105 1117 1126 1137 1143 1173 1183 1187 1199 1202 1215 1234 1237 1259 1262 1264 1280 1281 1302 1314 1318 1323 1336 1339 1346 1347 1370 1374 1383 1385 1387 1392 1394 1395 1400 1412 1418 1426 1434 1435 1440 1482 1513 1524 1528 1529 1544 1565 1580 1584 1596 1608 1619 1645 1647 1649 1652 1654 1658 1667 1676 1700 1718 1735 1753 1755 1766 1777 1784 1787 1792 1793 1797 1808 1819 1823 1830 1834 1836 1839 1842 1855 1860 1882 1888 1900 1963 1967 1983 1986 1989 2006 2008 2023 2036 2044 2058 2063 2083
1,86,CG-MOACO,area_s5_t300,0.29588014981273403,1618.0520770832559,1.7435595774162693,1 9 20 31 38 71 80 86 102 105 137 147 159 167 173 175 176 200 219 220 223 226 230 235 252 257 258 270 278 284 285 307 311 317 334 348 360 362 378 391 399 420 437 440 449 450 458 461 465 479 485 508 517 528 537 543 562 566 594 598 615 626 648 649 671 675 708 709 712 734 740 750 772 802 809 812 825 826 862 870 885 887 905 910 911 917 929 935 940 943 946 957 958 967 982 999 1001 1016 1028 1036 1039 1060 1068 1080 1089 1097 1115 1127 1137 1143 1162 1167 1173 1187 1199 1202 1205 1223 1236 1262 1264 1280 1300 1304 1310 1314 1318 1323 1334 1339 1350 1375 1376 1385 1391 1403 1404 1416 1419 1423 1434 1435 1440 1441 1453 1458 1469 1480 1490 1528 1544 1557 1562 1565 1599 1616 1619 1645 1654 1655 1660 1673 1734 1738 1745 1756 1777 1797 1802 1805 1808 1815 1818 1829 1839 1842 1853 1872 1882 1901 1922 1937 1963 1967 1969 1983 1989 2001 2006 2008 2010 2037 2045 2046 2057 2063 2078 2080
1,87,CG-MOACO,area_s5_t300,0.26451310861423216,1679.8268243996715,2.727636339397171,1 9 80 102 106 121 132 137 153 156 166 175 176 180 182 189 191 220 222 251 252 256 260 270 276 285 289 292 300 309 310 317 334 350 370 379 393 403 413 420 440 449 450 453 465 475 496 504 508 517 528 544 559 562 578 589 593 611 613 626 637 641 648 676 700 708 716 734 740 766 771 775 802 812 815 821 825 831 868 879 885 892 894 900 905 910 911 917 929 936 939 941 943 967 978 982 1024 1028 1034 1036 1039 1056 1064 1065 1068 1070 1086 1104 1105 1107 1122 1127 1143 1158 1162 1168 1173 1184 1187 1189 1199 1223 1262 1264 1268 1278 1293 1299 1300 1323 1330 1334 1336 1339 1350 1370 1375 1378 1383 1385 1403 1412 1419 1423 1426 1430 1434 1435 1446 1453 1483 1486 1496 1524 1529 1544 1571 1584 1594 1618 1636 1645 1652 1654 1660 1670 1673 1683 1718 1720 1725 1734 1747 1756 1777 1787 1793 1797 1808 1813 1815 1818 1823 1835 1842 1854 1860 1866 1882 1884 1924 1928 1937 1940 1959 1963 1983 1995 2006 2008 2018 2023 2025 2037 2045 2057 2063 2076
1,88,CG-MOACO,area_s5_t300,0.25749063670411987,1715.693623130379,2.039607805437114,1 9 31 38 46 55 63 77 78 80 83 98 102 105 114 117 122 132 137 141 153 165 172 175 176 178 200 205 218 220 226 230 252 258 263 275 285 290 310 317 334 371 379 393 411 420 431 437 440 449 450 458 465 467 475 497 508 517 543 544 562 575 583 589 592 593 598 602 615 626 648 650 654 678 700 705 708 719 734 740 760 771 773 790 802 819 825 831 862 868 910 911 929 936 941 946 958 967 978 1017 1028 1036 1039 1056 1062 1086 1089 1104 1105 1107 1117 1126 1128 1137 1143 1158 1162 1173 1183 1187 1199 1202 1221 1223 1226 1230 1237 1264 1280 1292 1299 1302 1304 1310 1314 1318 1323 1334 1339 1342 1359 1375 1376 1383 1385 1403 1404 1408 1412 1419 1422 1423 1434 1435 1440 1449 1458 1482 1496 1520 1524 1529 1535 1544 1565 1571 1577 1606 1618 1645 1652 1660 1672 1734 1735 1747 1752 1756 1779 1797 1815 1818 1820 1827 1840 1854 1866 1882 1888 1896 1922 1924 1931 1944 1954 1963 1983 1987 1989 2005 2014 2018 2026 2027 2038 2046 2055 2058 2063 2076 2083
1,89,CG-MOACO,area_s5_t300,0.31835205992509363,1591.6207546453095,1.5491933384829668,14 47 55 79 80 86 102 115 122 134 137 148 175 176 180 182 184 196 198 202 213 215 220 252 256 270 299 311 317 334 336 344 356 362 370 379 386 411 415 424 432 440 450 452 456 461 465 485 486 508 523 528 545 562 588 593 615 622 650 654 658 676 692 708 719 734 741 760 772 790 806 807 809 815 825 858 862 868 877 903 910 911 917 943 946 954 957 958 967 978 980 983 1016 1026 1036 1039 1043 1062 1070 1086 1089 1096 1104 1105 1117 1127 1137 1143 1151 1167 1175 1187 1199 1205 1228 1234 1264 1278 1310 1318 1334 1336 1339 1350 1352 1361 1375 1384 1392 1403 1404 1419 1422 1423 1436 1440 1441 1448 1480 1482 1490 1529 1544 1554 1559 1562 1599 1606 1618 1645 1648 1649 1652 1673 1683 1709 1720 1755 1767 1793 1797 1808 1815 1818 1836 1839 1840 1859 1882 1901 1924 1951 1953 1962 1963 1966 1967 1983 1989 1995 2008 2010 2014 2023 2038 2046 2057 2063 2078 2083
1,90,CG-MOACO,area_s5_t300,0.3019662921348315,1610.4952382276877,0.9797958971132712,1 9 40 47 71 80 102 106 117 148 152 156 157 165 175 176 180 182 189 197 252 256 260 264 265 270 278 283 285 292 308 311 317 319 334 371 379 395 420 440 442 448 450 458 464 465 475 485 504 506 508 528 544 545 554 558 562 588 593 602 615 616 622 626 650 654 675 681 700 708 734 740 762 771 802 807 815 825 858 860 862 867 870 875 910 911 929 941 946 954 978 994 1020 1021 1028 1034 1036 1038 1042 1062 1073 1102 1115 1137 1141 1143 1158 1162 1164 1172 1187 1189 1199 1202 1225 1237 1257 1262 1264 1268 1296 1308 1310 1314 1318 1323 1334 1335 1339 1350 1364 1374 1383 1391 1404 1412 1419 1423 1434 1445 1469 1480 1483 1529 1544 1554 1591 1594 1606 1615 1616 1636 1645 1649 1652 1654 1660 1673 1708 1723 1734 1738 1747 1756 1765 1776 1793 1797 1805 1808 1815 1818 1840 1842 1860 1882 1901 1928 1940 1963 1978 1983 1987 1989 1991 2005 2008 2028 2038 2046 2049 2057 2063 2083
1,91,CG-MOACO,area_s5_t300,0.27340823970037453,1683.9299701375023,1.5999999999999999,1 20 31 38 41 80 86 91 102 106 114 134 137 152 153 157 174 175 176 192 202 215 219 220 222 223 226 230 245 252 257 258 270 276 307 317 322 334 336 344 378 380 393 421 440 449 458 464 465 475 476 518 527 537 543 544 559 562 580 583 592 593 605 609 615 622 650 656 700 705 708 723 741 760 771 773 790 802 812 814 825 829 831 862 868 875 900 907 910 911 929 941 943 946 958 967 978 980 985 1001 1012 1036 1039 1062 1073 1086 1104 1105 1115 1117 1127 1137 1140 1143 1158 1187 1200 1202 1204 1221 1222 1237 1262 1264 1274 1278 1299 1302 1308 1318 1336 1339 1343 1350 1361 1370 1375 1376 1378 1384 1392 1412 1419 1423 1429 1434 1435 1440 1446 1448 1453 1482 1524 1529 1544 1553 1571 1584 1614 1645 1650 1652 1654 1670 1672 1677 1691 1718 1726 1734 1756 1766 1778 1797 1808 1815 1823 1836 1839 1842 1854 1860 1882 1888 1901 1926 1928 1937 1940 1944 1959 1961 1963 1967 1983 1989 2005 2008 2016 2023 2028 2036 2045 2049 2058 2063
1,92,CG-MOACO,area_s5_t300,0.2710674157303371,1671.970656155994,2.3323807579381204,1 15 24 46 65 80 98 99 102 105 106 114 117 134 141 151 165 172 175 182 218 220 221 226 230 236 247 252 257 270 272 275 278 284 285 306 317 371 379 391 393 411 415 420 424 440 449 450 457 464 465 480 508 537 544 545 554 560 562 593 599 602 605 606 607 626 638 650 654 671 676 700 719 741 747 748 750 754 772 775 802 815 821 825 833 847 858 868 890 907 910 911 929 936 942 952 955 978 982 991 999 1001 1021 1024 1026 1028 1036 1039 1060 1077 1084 1089 1107 1114 1117 1127 1137 1139 1143 1146 1173 1183 1187 1199 1202 1205 1223 1228 1256 1261 1264 1280 1290 1299 1308 1320 1323 1336 1339 1370 1375 1384 1390 1412 1414 1422 1434 1435 1440 1448 1458 1478 1480 1490 1496 1529 1544 1553 1565 1573 1580 1585 1645 1648 1652 1673 1708 1718 1734 1735 1738 1747 1751 1753 1756 1778 1787 1793 1797 1808 1815 1819 1823 1829 1835 1854 1882 1924 1926 1928 1940 1953 1963 1973 1983 1989 2006 2008 2018 2025 2027 2032 2038 2055 2057 2063 2083
1,93,CG-MOACO,area_s5_t300,0.29868913857677903,1622.7602109920442,1.4966629547095767,9 38 55 78 80 86 91 98 100 102 106 111 132 137 152 153 165 166 173 175 176 178 179 182 197 215 220 231 245 252 256 270 285 292 306 311 324 336 344 356 379 393 415 420 437 440 442 448 450 458 465 475 477 480 528 537 540 558 559 562 594 599 612 615 616 625 648 675 700 708 719 734 741 766 776 802 806 807 812 826 840 862 868 870 910 929 939 941 946 954 957 958 967 982 993 994 1012 1028 1039 1053 1060 1064 1070 1073 1086 1096 1104 1105 1126 1143 1144 1175 1187 1189 1199 1202 1234 1237 1262 1264 1296 1297 1300 1304 1310 1318 1323 1334 1336 1338 1339 1370 1385 1405 1412 1423 1434 1435 1440 1445 1448 1458 1469 1479 1483 1490 1529 1535 1544 1554 1565 1580 1584 1608 1612 1618 1643 1645 1672 1676 1706 1726 1734 1735 1747 1753 1756 1776 1785 1797 1802 1808 1811 1812 1815 1823 1829 1835 1882 1888 1901 1928 1937 1953 1963 1964 1983 1989 2025 2027 2036 2044 2058 2063 2080 2082 2083
1,94,CG-MOACO,area_s5_t300,0.26872659176029967,1687.6183768250662,1.3564659966250536,1 38 47 55 80 86 90 102 106 122 132 137 164 175 176 182 218 220 222 226 230 235 249 252 258 263 270 278 285 308 310 317 331 334 336 356 358 371 379 393 412 415 440 449 450 457 458 461 480 483 514 562 575 578 583 589 593 611 613 615 625 638 648 650 671 697 700 708 719 731 734 740 760 775 776 790 802 806 812 814 828 833 848 858 862 868 890 910 911 928 929 936 941 943 957 958 967 971 978 982 991 999 1001 1012 1018 1028 1062 1068 1089 1091 1105 1107 1117 1118 1126 1137 1143 1153 1173 1183 1199 1202 1205 1223 1256 1258 1262 1264 1280 1302 1304 1311 1322 1336 1338 1339 1344 1363 1375 1376 1383 1385 1392 1395 1403 1423 1434 1440 1445 1446 1458 1480 1527 1529 1535 1554 1562 1565 1584 1602 1612 1615 1645 1652 1660 1672 1676 1711 1718 1726 1734 1735 1738 1747 1756 1778 1787 1797 1808 1815 1819 1823 1829 1842 1854 1860 1878 1882 1888 1922 1928 1932 1963 1983 1986 1989 2006 2016 2018 2023 2025 2038 2049 2055 2058 2063 2076
1,95,CG-MOACO,area_s5_t300,0.28745318352059923,1639.7204372188032,1.2,9 31 40 46 55 80 98 102 105 106 115 117 137 141 143 153 157 167 174 175 176 206 218 226 230 252 256 270 272 285 292 300 307 308 317 334 335 344 379 431 440 449 450 453 458 464 475 480 485 508 528 543 559 562 583 589 593 605 607 611 615 648 649 654 676 685 692 700 708 723 741 760 771 773 790 802 806 815 848 860 862 871 900 907 911 917 929 941 957 958 978 980 994 999 1001 1012 1018 1021 1042 1056 1062 1073 1089 1105 1127 1137 1143 1152 1158 1183 1187 1199 1202 1204 1205 1222 1228 1237 1244 1256 1261 1264 1280 1296 1314 1318 1323 1334 1336 1339 1340 1361 1370 1375 1378 1385 1387 1403 1412 1422 1423 1434 1436 1440 1461 1469 1482 1490 1508 1529 1549 1565 1584 1590 1606 1618 1630 1645 1650 1652 1654 1660 1673 1691 1705 1708 1711 1718 1734 1735 1738 1742 1756 1766 1787 1793 1797 1802 1808 1815 1818 1839 1852 1860 1882 1883 1890 1901 1922 1924 1928 1940 1957 1963 1965 1967 1973 1983 1987 1989 2006 2063
1,96,CG-MOACO,area_s5_t300,0.29822097378277157,1625.5704753065693,1.4142135623730951,1 31 38 40 55 59 65 80 91 98 106 129 134 137 152 153 156 165 172 175 176 179 189 198 220 252 256 270 283 290 300 307 311 317 334 351 379 386 412 415 431 440 449 450 458 464 465 480 503 516 528 533 537 554 583 594 607 615 626 648 650 659 685 700 701 708 716 734 741 748 750 760 771 790 806 809 812 862 896 910 911 929 931 955 968 978 982 991 999 1016 1026 1028 1033 1036 1039 1045 1056 1068 1070 1077 1080 1089 1104 1127 1137 1143 1150 1172 1173 1184 1187 1188 1199 1202 1204 1205 1223 1237 1259 1261 1264 1280 1299 1323 1336 1339 1361 1363 1370 1375 1378 1385 1390 1412 1419 1422 1426 1434 1436 1441 1448 1449 1482 1486 1490 1509 1524 1529 1544 1549 1565 1571 1577 1606 1618 1645 1652 1654 1660 1708 1720 1734 1735 1738 1747 1749 1753 1756 1787 1793 1797 1802 1808 1813 1818 1821 1822 1823 1851 1860 1882 1888 1901 1941 1945 1961 1963 1983 1986 2038 2040 2044 2057 2063 2073
1,97,CG-MOACO,area_s5_t300,0.32631086142322097,1551.9739497778378,1.8547236990991407,13 31 38 46 80 102 106 117 134 137 153 176 185 189 220 222 252 257 263 270 276 285 292 300 307 310 317 334 337 344 379 393 403 412 415 440 442 449 450 458 464 465 489 505 508 515 527 528 562 578 579 589 593 598 606 613 615 616 626 648 650 675 700 708 741 745 771 773 775 802 806 812 825 847 868 870 887 910 911 929 946 947 952 957 978 980 999 1001 1016 1020 1032 1037 1039 1062 1068 1086 1089 1104 1115 1127 1137 1142 1143 1162 1175 1187 1199 1202 1204 1222 1237 1256 1257 1264 1308 1310 1318 1331 1334 1336 1339 1346 1363 1370 1384 1392 1393 1394 1401 1403 1422 1423 1425 1441 1446 1479 1482 1490 1496 1524 1535 1544 1562 1571 1573 1599 1643 1645 1649 1652 1656 1673 1683 1708 1720 1722 1726 1734 1735 1747 1756 1766 1769 1776 1793 1797 1808 1823 1830 1836 1847 1854 1882 1901 1922 1963 1983 1986 1989 2006 2008 2023 2024 2038 2039 2057 2063 2082
1,98,CG-MOACO,area_s5_t300,0.300561797752809,1606.657970630279,2.8000000000000003,9 24 31 54 78 80 91 98 99 102 106 111 113 114 137 173 175 176 180 191 200 252 257 292 300 311 317 326 334 356 370 379 395 399 406 411 440 449 450 453 458 461 465 475 477 484 537 562 580 583 588 592 605 606 613 615 626 627 629 648 670 671 676 697 700 705 708 735 740 750 760 763 772 776 790 802 825 836 862 868 870 877 885 905 910 917 929 943 956 957 958 960 961 967 976 982 1036 1050 1053 1056 1062 1063 1068 1070 1089 1105 1137 1143 1156 1158 1183 1184 1187 1197 1199 1202 1222 1224 1237 1262 1264 1268 1278 1304 1310 1318 1323 1334 1336 1339 1340 1370 1375 1376 1379 1383 1394 1403 1406 1412 1419 1423 1434 1435 1440 1446 1454 1469 1482 1496 1524 1528 1529 1549 1565 1571 1583 1615 1618 1645 1652 1672 1706 1734 1756 1776 1777 1787 1804 1813 1818 1820 1823 1829 1839 1842 1854 1860 1882 1888 1924 1926 1947 1960 1961 1963 1967 1978 1983 1989 2005 2018 2036 2037 2058 2063 2083
2,0,CG-MOACO,area_s5_t300,0.37827715355805247,1498.6928610063035,1.4142135623730951,9 26 40 42 47 64 80 102 107 108 137 151 175 201 205 207 219 223 230 252 263 272 275 277 278 284 317 326 332 334 335 352 354 385 415 429 432 458 461 465 486 500 527 533 536 545 553 559 578 587 591 605 620 626 641 649 654 694 695 708 709 733 734 741 760 771 773 806 820 830 842 860 862 908 910 911 918 926 941 953 957 958 973 980 991 1001 1005 1008 1024 1035 1039 1041 1062 1070 1077 1091 1126 1133 1151 1174 1199 1202 1223 1225 1228 1243 1251 1264 1279 1288 1296 1308 1318 1339 1341 1363 1370 1386 1394 1420 1423 1429 1440 1446 1447 1448 1458 1480 1487 1541 1544 1553 1559 1562 1584 1608 1614 1615 1619 1629 1645 1649 1673 1690 1708 1718 1720 1733 1758 1765 1768 1779 1787 1793 1794 1803 1823 1831 1833 1845 1846 1890 1900 1911 1928 1940 1941 1983 1991 1995 2053 2055 2057 2074 2083
2,1,CG-MOACO,area_s5_t300,0.38951310861423216,1464.21817974251,1.019803902718557,1 9 36 47 80 86 123 132 137 151 167 175 178 180 182 206 219 235 237 263 265 270 291 303 306 307 317 327 331 336 348 369 370 432 440 443 486 508 552 559 562 581 593 602 606 608 611 615 620 626 629 638 650 664 692 694 708 712 721 742 768 771 802 804 806 818 821 825 835 859 867 910 911 928 943 957 978 979 982 990 1022 1032 1055 1060 1065 1068 1073 1077 1096 1102 1105 1118 1143 1159 1167 1171 1174 1176 1187 1188 1198 1212 1223 1225 1256 1258 1260 1261 1264 1296 1302 1303 1311 1314 1326 1336 1343 1354 1374 1376 1379 1383 1404 1412 1437 1440 1445 1478 1487 1494 1517 1529 1541 1640 1645 1650 1652 1654 1700 1711 1717 1724 1738 1744 1750 1756 1764 1775 1779 1787 1811 1815 1828 1839 1854 1888 1890 1924 1963 1970 1978 1983 1996 2000 2004 2005 2014 2028 2057 2063 2074 2083
2,2,CG-MOACO,area_s5_t300,0.41198501872659177,1451.1086238830783,3.0594117081556713,9 13 19 26 47 59 62 64 66 80 83 101 117 150 152 156 175 189 195 198 219 240 247 252 261 285 290 306 307 333 353 391 404 412 450 465 472 485 496 508 537 550 553 554 555 566 580 598 629 655 681 685 723 760 766 770 771 773 790 796 810 823 839 853 862 870 875 903 918 926 956 957 982 1001 1004 1016 1024 1033 1036 1039 1045 1060 1074 1126 1137 1143 1151 1164 1191 1199 1202 1204 1205 1218 1222 1225 1250 1260 1264 1281 1284 1289 1300 1323 1339 1340 1353 1361 1384 1386 1388 1395 1404 1412 1416 1419 1422 1429 1435 1448 1453 1469 1480 1483 1490 1535 1582 1606 1615 1625 1645 1647 1652 1659 1687 1735 1749 1756 1773 1780 1787 1797 1808 1820 1839 1874 1901 1902 1932 1933 1945 1969 1970 1983 1993 1996 1998 2001 2004 2038 2046 2047 2074 2082
2,3,CG-MOACO,area_s5_t300,0.37546816479400746,1506.4252825167569,2.280350850198276,9 14 20 36 41 47 64 67 79 80 99 115 137 165 175 183 188 190 206 226 230 245 263 273 284 292 311 328 336 338 344 355 356 370 404 412 440 449 452 488 499 504 514 525 552 562 571 579 590 609 615 626 629 650 671 700 714 719 734 737 760 766 776 790 802 806 809 814 825 862 868 877 891 918 938 944 947 953 956 957 990 1000 1003 1017 1020 1062 1105 1124 1129 1137 1143 1157 1167 1185 1189 1199 1201 1202 1211 1222 1228 1234 1236 1247 1264 1274 1280 1304 1308 1318 1327 1360 1370 1385 1400 1403 1408 1412 1422 1427 1435 1449 1496 1499 1511 1518 1527 1529 1537 1542 1544 1556 1565 1577 1584 1590 1614 1615 1616 1627 1649 1654 1656 1657 1672 1689 1711 1718 1747 1756 1768 1787 1802 1806 1815 1818 1825 1866 1879 1882 1888 1889 1891 1896 1913 1922 1924 1965 1983 1999 2023 2026 2038 2058 2064
2,4,CG-MOACO,area_s5_t300,0.42509363295880154,1441.2752959192633,2.1354156504062622,13 31 36 47 60 66 83 85 89 102 106 112 166 170 175 180 181 183 188 189 191 199 246 260 273 284 306 311 319 338 341 354 360 366 379 386 437 440 442 481 484 486 489 490 497 525 558 578 595 605 614 619 650 658 664 703 705 708 711 719 734 741 745 765 768 776 799 831 841 877 881 884 911 925 928 948 980 996 1027 1032 1044 1045 1056 1078 1101 1143 1150 1159 1162 1168 1171 1175 1188 1203 1222 1224 1244 1264 1266 1292 1294 1296 1344 1346 1369 1387 1394 1395 1412 1418 1448 1473 1483 1486 1494 1505 1508 1513 1538 1541 1549 1566 1569 1584 1596 1608 1617 1640 1648 1652 1653 1659 1660 1697 1703 1710 1717 1738 1744 1747 1752 1756 1787 1797 1802 1809 1818 1820 1822 1823 1835 1842 1869 1872 1892 1894 1924 1962 1969 1983 1989 1999 2057 2074
2,5,CG-MOACO,area_s5_t300,0.38576779026217234,1476.001412644193,3.54400902933387,1 9 19 31 42 46 65 67 83 109 120 135 137 148 167 175 176 178 185 189 207 241 252 258 264 278 283 306 311 317 319 369 371 391 393 440 449 450 465 475 479 496 508 515 516 519 539 562 566 578 582 589 592 593 611 615 626 648 654 671 681 694 700 708 721 734 740 749 760 775 802 815 825 828 832 853 867 868 879 914 929 943 957 975 980 1011 1017 1027 1033 1039 1055 1062 1065 1077 1117 1126 1141 1151 1174 1201 1223 1228 1262 1264 1279 1283 1302 1308 1314 1323 1334 1339 1341 1349 1359 1363 1378 1384 1387 1391 1393 1412 1419 1423 1425 1449 1475 1482 1509 1525 1527 1539 1599 1617 1627 1652 1672 1718 1732 1739 1747 1754 1756 1775 1779 1790 1797 1815 1823 1831 1860 1866 1888 1889 1922 1924 1931 1944 1966 1971 1973 1983 1991 2014 2030 2031 2032 2033 2038 2058 2083
2,6,CG-MOACO,area_s5_t300,0.36142322097378277,1516.3031784161126,1.7204650534085253,5 38 78 80 96 101 102 105 111 128 132 137 154 174 175 176 182 215 217 219 236 252 270 277 278 284 285 292 306 308 317 335 356 359 362 374 379 386 409 430 438 440 450 466 472 497 506 523 532 541 545 562 578 580 593 608 609 615 618 641 654 676 698 700 710 712 724 731 734 740 760 769 776 813 829 870 878 910 913 921 929 941 945 955 961 972 980 1001 1037 1041 1059 1060 1064 1080 1089 1113 1126 1133 1143 1153 1158 1199 1202 1204 1221 1223 1230 1237 1242 1248 1251 1262 1280 1281 1296 1318 1323 1326 1338 1339 1373 1384 1394 1403 1411 1412 1425 1435 1439 1441 1456 1469 1490 1496 1503 1523 1559 1584 1598 1599 1606 1616 1645 1647 1672 1676 1710 1711 1718 1720 1747 1752 1765 1775 1779 1781 1787 1812 1823 1834 1842 1855 1860 1866 1867 1871 1909 1937 1952 1954 1976 1983 1991 2005 2018 2037 2049 2063 2070
2,7,CG-MOACO,area_s5_t300,0.35065543071161054,1551.1731531387554,0.8,27 43 48 67 78 80 85 98 118 126 137 142 148 167 175 176 182 194 198 200 215 230 240 242 252 263 270 273 292 299 311 317 326 329 336 344 413 414 424 431 443 450 465 497 508 527 543 547 569 584 586 589 593 608 612 638 654 658 692 708 712 716 722 734 736 740 760 767 773 786 790 796 801 808 836 862 868 870 885 905 910 911 913 929 941 947 957 978 982 984 999 1001 1012 1023 1031 1033 1056 1060 1079 1092 1105 1127 1141 1143 1164 1200 1202 1222 1237 1239 1242 1264 1281 1289 1295 1300 1314 1319 1323 1340 1342 1375 1384 1399 1402 1403 1404 1416 1419 1422 1434 1436 1440 1455 1483 1501 1541 1542 1562 1571 1580 1590 1602 1606 1615 1636 1647 1673 1677 1682 1718 1733 1756 1765 1775 1779 1787 1793 1797 1815 1839 1845 1854 1859 1878 1887 1890 1895 1907 1913 1922 1954 1962 1963 1969 1983 2023 2037 2040 2071 2074 2076
2,8,CG-MOACO,area_s5_t300,0.3693820224719101,1510.7996043481562,2.0591260281974,1 5 41 47 80 86 112 114 119 120 129 132 157 172 175 178 182 186 247 252 261 265 273 277 284 285 288 311 317 327 334 337 378 386 404 409 413 426 440 450 464 465 466 486 491 508 515 554 558 562 583 593 598 622 626 629 637 652 687 698 700 708 711 716 720 731 734 749 760 771 787 804 806 809 825 833 853 859 868 878 885 887 910 978 979 980 985 991 1001 1016 1022 1037 1060 1085 1090 1127 1137 1140 1158 1167 1175 1183 1189 1199 1202 1230 1232 1259 1265 1266 1279 1296 1314 1318 1320 1353 1368 1376 1384 1388 1400 1404 1419 1426 1440 1441 1446 1448 1451 1480 1496 1503 1518 1528 1542 1544 1562 1602 1614 1618 1622 1653 1697 1718 1735 1738 1745 1750 1753 1756 1774 1775 1790 1797 1808 1813 1815 1839 1842 1854 1867 1887 1917 1983 2005 2009 2023 2027 2035 2038 2044 2046 2058 2063 2072 2076 2080
2,9,CG-MOACO,area_s5_t300,0.3707865168539326,1528.9767925294273,1.4966629547095767,1 2 5 17 31 33 55 63 68 78 80 113 122 131 132 139 151 157 165 174 175 187 194 223 246 247 252 257 277 308 310 317 334 336 371 379 395 406 427 440 458 465 499 514 544 555 558 577 593 601 607 613 620 626 627 638 643 671 692 700 708 719 725 734 741 763 776 794 802 804 821 829 836 840 862 890 907 910 929 939 943 966 971 973 978 980 991 1001 1037 1042 1062 1064 1077 1089 1092 1118 1126 1137 1143 1158 1164 1167 1174 1183 1187 1198 1202 1221 1267 1303 1318 1328 1338 1341 1344 1353 1370 1375 1384 1412 1423 1424 1430 1434 1440 1448 1451 1454 1455 1482 1495 1509 1519 1527 1532 1553 1575 1576 1603 1645 1652 1654 1667 1672 1687 1700 1705 1708 1718 1733 1750 1753 1756 1773 1775 1787 1797 1808 1809 1819 1823 1843 1854 1858 1870 1888 1940 1961 1963 1983 2032 2049 2058 2063 2069 2074 2076
2,10,CG-MOACO,area_s5_t300,0.37593632958801493,1514.5159015229824,1.16619037896906,2 9 26 31 42 58 80 83 87 96 102 107 114 137 155 165 174 176 184 189 196 207 230 249 252 272 286 306 317 322 328 332 371 412 424 442 449 450 465 472 483 487 506 508 510 518 537 562 579 593 598 609 629 637 652 686 700 708 719 721 723 739 771 774 802 806 809 821 830 842 860 867 872 910 911 929 952 959 967 978 1001 1012 1024 1039 1045 1078 1091 1127 1132 1143 1151 1164 1175 1179 1182 1184 1187 1191 1199 1202 1207 1222 1229 1248 1264 1268 1274 1300 1339 1352 1370 1375 1383 1392 1394 1403 1407 1412 1419 1422 1423 1431 1445 1450 1453 1480 1482 1487 1511 1516 1544 1553 1561 1594 1614 1615 1643 1645 1647 1654 1660 1673 1717 1720 1726 1734 1738 1747 1776 1784 1787 1797 1818 1820 1823 1831 1871 1882 1889 1918 1919 1922 1924 1931 1937 1960 1963 1984 1996 2013 2018 2038 2055 2057 2063 2076
2,11,CG-MOACO,area_s5_t300,0.37687265917602997,1512.797658605933,1.3266499161421599,1 9 17 36 42 64 65 67 70 78 80 88 102 119 129 143 148 175 189 198 202 215 223 230 241 242 245 249 273 311 317 322 334 367 370 432 453 471 486 508 528 530 531 547 562 586 591 615 629 641 656 676 692 695 708 709 711 716 721 731 741 749 760 762 768 771 773 829 857 862 868 910 915 968 976 978 980 990 1004 1013 1016 1035 1039 1055 1059 1089 1105 1110 1127 1141 1143 1152 1158 1183 1187 1202 1205 1221 1222 1224 1228 1237 1256 1260 1262 1276 1296 1297 1302 1304 1307 1327 1336 1353 1354 1360 1361 1373 1376 1383 1385 1388 1391 1403 1412 1422 1435 1483 1486 1503 1529 1579 1584 1585 1616 1627 1645 1652 1654 1659 1660 1678 1690 1705 1711 1718 1721 1749 1750 1784 1787 1792 1797 1823 1830 1839 1840 1851 1860 1869 1871 1877 1881 1885 1895 1900 1983 1991 2019 2036 2058 2063 2067 2074
2,12,CG-MOACO,area_s5_t300,0.37312734082397003,1523.3992911383657,1.4966629547095767,1 9 36 47 61 80 111 112 121 132 137 143 167 175 182 208 209 219 223 257 261 268 278 284 308 311 324 327 333 348 357 370 378 395 400 413 430 440 472 489 490 494 496 497 514 530 533 545 562 588 594 605 611 618 640 644 650 679 705 716 734 740 749 760 771 776 783 790 802 806 808 853 867 868 871 873 878 910 916 920 929 957 971 977 979 982 984 993 994 1001 1024 1033 1042 1060 1068 1073 1086 1105 1127 1143 1157 1174 1202 1222 1237 1246 1257 1262 1266 1280 1281 1297 1311 1318 1323 1337 1339 1342 1361 1384 1392 1395 1403 1408 1427 1428 1440 1441 1478 1480 1490 1517 1524 1528 1544 1559 1562 1565 1584 1643 1647 1651 1654 1659 1672 1718 1735 1756 1773 1787 1796 1808 1819 1823 1839 1857 1859 1874 1922 1929 1933 1962 1963 1966 1967 1969 1970 1976 1983 1991 1999 2023 2036 2038 2044 2058 2063
2,13,CG-MOACO,area_s5_t300,0.35580524344569286,1530.8184712620944,2.85657137141714,9 38 64 72 86 98 101 102 106 109 111 112 115 120 132 143 165 169 175 181 189 210 219 220 232 247 249 252 278 288 306 308 311 317 344 354 366 369 375 379 429 440 443 449 450 461 465 483 534 559 562 590 593 598 601 608 617 650 664 692 700 708 734 736 740 771 773 775 776 787 806 812 821 829 842 847 848 871 872 879 884 910 911 914 921 943 957 982 1016 1018 1020 1024 1028 1034 1037 1068 1097 1127 1140 1143 1158 1162 1173 1199 1219 1223 1260 1264 1314 1323 1334 1336 1339 1342 1354 1361 1373 1383 1394 1403 1405 1412 1423 1430 1434 1435 1464 1480 1483 1486 1487 1490 1508 1513 1520 1525 1529 1541 1584 1596 1608 1645 1648 1652 1656 1689 1718 1735 1738 1739 1747 1756 1765 1792 1797 1808 1813 1840 1845 1854 1867 1873 1882 1901 1928 1962 1980 1981 1983 1987 1989 2001 2008 2022 2024 2045 2046 2058 2063 2073 2082
2,14,CG-MOACO,area_s5_t300,0.34082397003745324,1563.7080504654423,1.5999999999999999,9 18 31 47 55 80 86 89 102 108 113 148 150 162 175 178 190 200 216 252 257 261 300 310 317 326 334 336 337 353 362 370 378 382 395 399 420 429 431 438 440 449 452 464 467 480 508 537 542 543 554 584 589 592 598 606 613 615 644 650 653 656 685 705 708 719 740 758 760 771 801 806 809 831 868 875 886 897 910 911 913 929 941 943 957 961 978 979 982 1001 1016 1017 1029 1032 1041 1054 1060 1077 1104 1126 1137 1143 1158 1174 1187 1189 1197 1199 1202 1223 1234 1237 1245 1262 1280 1293 1302 1318 1323 1326 1334 1338 1350 1370 1384 1387 1403 1412 1419 1422 1423 1428 1433 1440 1456 1462 1496 1509 1518 1519 1524 1544 1565 1574 1596 1606 1622 1645 1647 1652 1654 1658 1673 1711 1718 1721 1738 1750 1756 1765 1773 1787 1809 1812 1815 1819 1823 1839 1840 1854 1858 1928 1941 1955 1959 1962 1963 1965 1969 1970 1983 1989 2001 2037 2045 2083
2,15,CG-MOACO,area_s5_t300,0.35720973782771537,1529.5550286205907,1.7435595774162693,1 26 36 43 47 77 80 83 98 105 114 117 131 137 143 157 175 182 194 198 227 235 251 257 261 263 265 270 284 290 306 310 312 315 317 363 378 411 415 449 464 470 472 481 489 510 518 559 562 564 593 606 607 612 642 650 654 676 685 700 705 719 731 741 747 760 771 776 790 798 802 806 807 808 829 842 848 860 862 875 910 911 936 947 954 957 958 959 978 980 997 999 1012 1020 1024 1026 1028 1033 1035 1042 1044 1059 1060 1070 1096 1105 1127 1137 1199 1202 1226 1237 1251 1264 1268 1280 1311 1318 1338 1341 1342 1344 1354 1360 1379 1392 1394 1398 1412 1423 1434 1440 1553 1560 1583 1584 1590 1600 1606 1607 1614 1619 1625 1645 1652 1665 1672 1697 1708 1711 1718 1726 1731 1735 1738 1750 1756 1779 1787 1795 1802 1823 1835 1838 1839 1840 1842 1851 1860 1882 1890 1943 1955 1961 1963 1983 2005 2008 2031 2034 2058 2080
2,16,CG-MOACO,area_s5_t300,0.36329588014981273,1536.0425879406423,1.3266499161421599,9 36 38 40 41 47 70 80 83 88 102 106 137 142 143 153 156 165 167 169 175 180 182 216 220 284 292 299 300 306 307 308 356 369 379 398 415 423 429 431 443 445 448 461 465 509 532 544 558 562 593 602 608 623 637 644 650 654 671 686 700 708 716 723 741 760 763 773 776 790 805 810 817 829 835 862 869 872 910 911 925 929 941 958 978 982 1006 1016 1018 1024 1028 1036 1043 1045 1062 1070 1077 1083 1092 1127 1143 1153 1158 1161 1174 1182 1186 1199 1203 1219 1223 1245 1254 1260 1262 1264 1276 1311 1314 1323 1338 1339 1340 1353 1361 1384 1387 1403 1412 1419 1428 1430 1448 1478 1490 1506 1523 1536 1540 1557 1584 1625 1639 1652 1654 1708 1709 1715 1724 1726 1732 1747 1756 1787 1790 1792 1808 1815 1818 1820 1854 1859 1867 1873 1877 1882 1883 1928 1932 1940 1957 1963 1983 1996 1999 2001 2036 2045 2058 2063 2078
2,17,CG-MOACO,area_s5_t300,0.33473782771535576,1575.5548924526033,0.9797958971132712,9 13 31 40 47 80 86 95 101 102 106 115 129 132 137 152 166 175 176 178 181 189 191 204 252 278 284 288 311 313 317 319 327 334 335 354 371 379 415 440 452 464 465 475 476 486 496 507 515 526 528 541 552 558 593 595 626 629 654 656 700 716 719 722 734 740 760 771 775 790 802 808 810 825 828 829 830 846 853 860 862 910 929 936 941 943 954 958 972 973 978 982 1001 1009 1039 1051 1060 1064 1086 1093 1105 1107 1117 1143 1150 1158 1175 1199 1202 1221 1237 1241 1251 1264 1302 1308 1318 1325 1336 1339 1352 1370 1373 1376 1384 1394 1409 1412 1419 1423 1425 1448 1480 1483 1496 1518 1524 1527 1529 1553 1584 1599 1601 1603 1614 1616 1644 1645 1647 1649 1673 1688 1700 1717 1726 1732 1755 1757 1788 1792 1797 1814 1823 1839 1842 1866 1873 1878 1882 1913 1924 1932 1940 1962 1964 1967 1978 1983 2018 2023 2025 2037 2045 2057 2064 2069
2,18,CG-MOACO,area_s5_t300,0.3384831460674157,1564.908400347667,0.8944271909999159,1 9 31 51 54 80 82 86 101 105 114 125 141 165 175 200 204 206 215 221 228 231 241 247 252 261 284 292 311 317 322 325 334 336 352 370 391 403 440 443 450 461 465 475 510 514 537 539 542 561 580 583 588 593 595 606 629 651 654 687 700 708 711 719 731 738 740 760 771 773 776 790 802 810 825 829 831 862 899 910 911 929 938 941 944 957 960 967 973 978 980 1008 1012 1016 1038 1045 1062 1080 1089 1091 1105 1114 1127 1137 1143 1158 1164 1175 1187 1199 1202 1222 1259 1262 1266 1274 1284 1293 1303 1308 1314 1318 1339 1359 1370 1384 1394 1398 1403 1411 1412 1419 1425 1435 1440 1449 1480 1483 1496 1520 1524 1527 1544 1566 1614 1629 1645 1651 1654 1675 1697 1708 1718 1732 1738 1747 1753 1756 1765 1775 1787 1792 1823 1833 1842 1851 1854 1869 1882 1887 1932 1937 1962 1963 1977 1983 1989 2023 2027 2028 2045 2058 2063 2074 2076
2,19,CG-MOACO,area_s5_t300,0.3792134831460674,1484.0213871404178,0.8,14 36 47 55 60 66 80 106 111 124 137 150 153 165 175 178 182 191 196 218 226 230 240 246 249 261 284 300 306 310 317 333 336 358 370 465 497 503 510 533 537 555 558 561 563 574 577 580 583 594 615 626 629 638 687 697 700 731 734 740 760 762 770 771 775 790 802 806 814 847 854 857 867 868 929 941 957 965 978 982 994 1001 1020 1039 1055 1062 1089 1091 1123 1126 1136 1137 1143 1158 1175 1183 1185 1191 1199 1222 1225 1228 1243 1264 1272 1292 1297 1302 1310 1320 1328 1334 1336 1345 1353 1361 1363 1383 1387 1412 1422 1423 1427 1434 1440 1482 1487 1520 1524 1525 1527 1542 1544 1559 1565 1575 1577 1628 1652 1660 1672 1690 1709 1734 1738 1750 1753 1756 1763 1777 1779 1787 1797 1823 1860 1866 1874 1882 1888 1931 1941 1962 1963 1983 1989 1991 2014 2015 2038 2047 2058 2063 2083
2,20,CG-MOACO,area_s5_t300,0.35159176029962547,1543.5543918817016,1.3564659966250538,1 39 41 47 49 68 80 86 91 98 106 114 137 175 176 178 180 182 220 229 249 252 257 263 270 285 292 310 319 342 344 354 369 379 380 410 415 420 429 439 461 467 486 532 558 584 605 611 615 617 655 656 691 696 700 711 719 734 739 741 747 749 758 760 771 775 776 783 806 811 842 860 862 877 885 902 905 906 910 913 917 929 930 942 947 955 957 973 978 980 1000 1011 1019 1039 1060 1064 1077 1105 1107 1135 1143 1158 1175 1204 1219 1231 1237 1264 1268 1304 1318 1353 1361 1376 1383 1387 1394 1400 1403 1412 1416 1419 1423 1434 1440 1446 1449 1457 1482 1524 1528 1529 1531 1544 1565 1575 1584 1599 1614 1618 1637 1638 1645 1648 1652 1687 1717 1721 1738 1750 1756 1777 1787 1797 1808 1811 1812 1819 1823 1830 1839 1840 1842 1854 1856 1860 1865 1867 1879 1882 1890 1924 1945 1966 1978 1983 1999 2034 2037 2057 2063 2083
2,21,CG-MOACO,area_s5_t300,0.35861423220973787,1518.8218566635799,3.370459909270543,1 5 9 14 19 22 41 65 80 88 101 102 106 119 169 170 175 178 182 187 189 191 204 206 209 219 220 247 248 252 257 262 277 284 306 307 311 317 348 370 379 386 439 449 450 484 489 497 500 508 510 515 525 562 578 590 593 626 655 700 712 731 734 737 746 760 768 770 773 775 790 806 808 812 814 825 829 831 862 877 910 911 929 941 946 947 957 959 961 978 982 1000 1016 1017 1020 1022 1033 1037 1039 1055 1062 1089 1104 1127 1137 1143 1157 1167 1171 1200 1202 1222 1234 1257 1264 1280 1281 1289 1297 1306 1308 1314 1326 1339 1340 1393 1394 1403 1412 1419 1469 1470 1482 1487 1513 1518 1520 1524 1537 1560 1578 1582 1584 1645 1648 1649 1652 1673 1709 1711 1738 1747 1756 1765 1779 1785 1793 1797 1802 1813 1820 1823 1829 1840 1919 1928 1963 1965 1970 1983 1986 1996 2032 2038 2047 2057 2063 2078 2082
2,22,CG-MOACO,area_s5_t300,0.32537453183520604,1615.9513461402953,0.4,1 9 31 38 42 48 76 80 89 102 106 114 117 143 167 175 180 188 199 215 247 252 260 261 266 270 283 285 292 308 311 317 334 336 348 371 393 400 438 442 445 449 450 461 481 508 515 518 562 586 593 605 613 617 629 637 650 654 700 705 716 734 741 743 745 760 771 773 784 790 802 804 810 815 828 829 862 877 884 910 911 928 929 941 947 956 957 978 980 1000 1017 1024 1039 1055 1060 1073 1077 1079 1089 1092 1102 1123 1127 1137 1141 1143 1151 1166 1174 1177 1187 1199 1222 1237 1251 1262 1264 1268 1276 1313 1323 1336 1339 1370 1372 1378 1383 1401 1403 1410 1412 1416 1419 1422 1423 1425 1436 1440 1442 1469 1487 1524 1529 1540 1553 1599 1606 1616 1627 1636 1649 1652 1711 1716 1718 1724 1726 1734 1738 1752 1756 1775 1806 1808 1809 1812 1815 1819 1823 1839 1848 1853 1882 1883 1885 1888 1911 1937 1963 1967 1977 1983 1991 2014 2018 2037 2045 2058 2064
2,23,CG-MOACO,area_s5_t300,0.34925093632958804,1547.2713670750572,1.4966629547095767,7 19 31 47 80 96 102 106 118 133 142 143 153 164 175 180 189 191 206 216 217 232 247 251 252 261 270 276 284 285 297 300 306 310 314 317 319 356 395 415 440 445 450 463 465 477 496 497 499 510 526 536 562 586 591 593 611 620 629 637 650 654 675 695 719 729 734 739 745 769 773 802 809 828 856 862 884 888 911 929 940 941 971 978 980 994 1000 1016 1018 1055 1062 1072 1089 1104 1126 1133 1137 1143 1151 1162 1166 1171 1199 1202 1204 1221 1223 1230 1232 1237 1262 1264 1296 1303 1318 1327 1334 1339 1340 1342 1353 1370 1380 1385 1394 1395 1399 1403 1410 1412 1423 1429 1434 1435 1446 1455 1469 1483 1524 1529 1578 1584 1600 1622 1627 1649 1652 1658 1697 1700 1703 1718 1742 1758 1761 1775 1779 1788 1797 1800 1803 1823 1839 1840 1842 1854 1859 1875 1884 1888 1928 1932 1937 1966 1969 1983 2023 2038 2058 2064 2076 2083
2,24,CG-MOACO,area_s5_t300,0.33099250936329583,1561.313809537196,2.4819347291981715,1 9 19 31 38 40 41 47 77 80 83 96 102 106 167 175 178 180 185 206 223 247 252 257 263 265 270 284 303 306 311 317 327 330 336 344 367 369 379 412 424 440 450 461 465 475 504 510 516 525 532 554 562 586 591 593 605 615 629 640 641 643 651 654 694 698 700 708 711 722 734 740 760 771 773 775 776 790 802 808 857 862 873 877 879 889 903 910 918 929 938 957 968 976 978 994 1012 1018 1020 1039 1060 1064 1073 1092 1105 1118 1127 1143 1157 1173 1215 1223 1237 1240 1262 1264 1284 1294 1306 1308 1310 1318 1334 1370 1373 1375 1378 1383 1386 1390 1403 1408 1414 1419 1423 1434 1440 1446 1483 1487 1524 1527 1565 1602 1615 1619 1642 1645 1649 1652 1654 1658 1738 1750 1756 1758 1777 1780 1782 1787 1793 1797 1808 1812 1819 1823 1831 1839 1842 1860 1882 1888 1889 1955 1963 1983 1987 1989 1991 2005 2012 2014 2029 2052 2058 2074
2,25,CG-MOACO,area_s5_t300,0.3300561797752809,1568.1217784950716,1.7435595774162693,1 19 26 31 41 70 80 83 86 88 98 102 105 106 134 151 167 173 175 176 206 230 242 252 263 272 276 278 290 292 306 311 317 333 344 371 426 450 452 458 465 486 497 528 536 545 558 562 588 594 613 615 624 626 638 655 692 700 708 716 725 734 740 760 762 771 790 802 806 807 808 812 825 829 831 850 862 868 877 911 929 941 943 945 957 958 961 967 978 980 1001 1017 1032 1042 1062 1064 1070 1089 1105 1127 1137 1143 1153 1158 1162 1173 1187 1189 1199 1201 1202 1234 1237 1243 1248 1264 1278 1297 1304 1308 1314 1318 1376 1384 1388 1398 1404 1412 1416 1419 1435 1440 1441 1448 1455 1469 1480 1483 1496 1503 1517 1529 1537 1538 1544 1606 1614 1627 1643 1645 1648 1652 1673 1705 1718 1732 1738 1750 1756 1757 1765 1775 1787 1797 1810 1813 1815 1821 1831 1839 1842 1860 1866 1881 1904 1952 1980 1983 1987 1991 2001 2006 2014 2016 2029 2046 2063
2,26,CG-MOACO,area_s5_t300,0.33754681647940077,1555.937308254313,2.0,1 9 31 41 47 77 80 82 106 114 117 151 167 174 175 179 188 204 215 247 252 257 260 261 276 278 285 292 296 317 319 334 366 371 415 424 427 429 440 450 452 465 497 503 516 519 547 555 558 562 593 607 613 629 638 700 719 734 741 749 760 770 771 784 802 804 806 811 828 829 857 860 878 885 910 925 929 937 946 951 954 957 967 972 976 982 1001 1012 1032 1036 1039 1043 1062 1064 1068 1086 1089 1091 1105 1109 1127 1143 1175 1183 1199 1212 1224 1256 1264 1266 1303 1314 1318 1323 1339 1370 1373 1383 1391 1395 1406 1412 1422 1423 1425 1429 1436 1440 1481 1483 1487 1490 1496 1520 1524 1529 1553 1564 1565 1574 1580 1584 1604 1606 1645 1649 1652 1673 1677 1718 1732 1735 1738 1753 1756 1775 1779 1793 1797 1823 1828 1833 1838 1839 1853 1854 1866 1882 1937 1940 1963 1965 1967 1983 1989 2008 2023 2026 2038 2044 2057 2064 2069 2074 2076
2,27,CG-MOACO,area_s5_t300,0.3202247191011236,1578.6967924487608,0.6324555320336759,1 5 9 38 42 43 64 65 67 80 87 102 106 112 132 137 147 150 170 175 176 180 181 189 191 200 252 261 262 277 283 299 317 328 334 344 348 371 400 431 440 450 461 475 494 507 515 532 543 552 579 583 584 593 605 615 618 626 637 654 676 687 708 711 716 734 737 749 760 771 775 776 790 802 806 825 858 862 868 877 879 885 910 929 947 957 967 978 982 1000 1017 1027 1037 1039 1054 1062 1064 1070 1078 1097 1139 1143 1158 1173 1185 1187 1189 1199 1202 1205 1223 1224 1228 1237 1247 1260 1261 1264 1279 1323 1326 1336 1338 1339 1370 1375 1384 1394 1403 1419 1434 1435 1449 1482 1490 1496 1503 1520 1528 1537 1541 1544 1559 1562 1565 1584 1599 1618 1627 1652 1654 1655 1705 1711 1718 1720 1735 1738 1756 1765 1769 1775 1787 1793 1797 1808 1819 1823 1834 1839 1842 1860 1867 1882 1884 1887 1895 1941 1963 1967 1969 1970 1978 1983 1991 2008 2038 2058 2063 2073
2,28,CG-MOACO,area_s5_t300,0.3412921348314607,1536.9013877449847,1.624807680927192,1 9 31 42 78 80 83 96 99 102 114 144 150 154 167 173 175 178 181 189 191 200 206 218 220 241 247 252 261 278 284 317 319 334 354 362 371 386 391 427 440 445 450 458 465 466 477 497 508 525 537 545 547 554 577 578 581 593 605 613 626 654 664 685 708 710 712 729 734 740 749 750 760 771 773 814 847 853 857 867 868 877 885 887 910 929 935 954 957 972 980 984 1001 1017 1024 1032 1037 1039 1060 1127 1139 1143 1174 1191 1202 1211 1223 1228 1236 1237 1256 1259 1264 1297 1318 1326 1339 1341 1375 1377 1384 1404 1416 1434 1435 1437 1469 1480 1483 1496 1518 1524 1544 1564 1565 1580 1596 1601 1614 1616 1617 1618 1629 1649 1651 1654 1677 1709 1718 1747 1753 1756 1769 1779 1784 1787 1793 1797 1809 1812 1831 1845 1881 1888 1902 1929 1941 1961 1963 1966 1969 1973 1983 1989 1991 2006 2008 2036 2045 2046 2058 2063 2083
2,29,CG-MOACO,area_s5_t300,0.24625468164794007,1744.8857208734273,2.638181191654584,1 5 9 31 47 55 65 67 78 80 91 98 102 107 114 132 137 142 148 175 176 184 188 196 199 219 220 226 230 252 257 258 263 266 270 277 286 307 308 311 319 334 336 338 348 362 379 440 450 452 461 465 503 506 528 533 537 543 562 565 566 593 611 615 626 638 650 651 654 700 711 734 740 745 754 760 771 772 775 787 790 802 806 808 825 828 831 835 862 868 890 892 910 911 929 941 957 982 1001 1016 1028 1033 1036 1053 1055 1060 1085 1086 1089 1104 1105 1117 1123 1126 1137 1140 1143 1164 1173 1183 1184 1187 1199 1206 1223 1228 1230 1237 1259 1262 1264 1268 1274 1279 1304 1311 1336 1370 1376 1378 1384 1393 1395 1403 1408 1412 1416 1419 1426 1429 1431 1435 1440 1441 1449 1469 1483 1494 1496 1518 1524 1534 1544 1568 1614 1616 1631 1645 1647 1652 1700 1708 1718 1732 1736 1750 1756 1766 1775 1787 1792 1797 1808 1815 1819 1823 1839 1840 1842 1854 1877 1882 1885 1888 1892 1928 1940 1954 1959 1963 1966 1983 1989 2006 2008 2018 2023 2037 2045 2049 2058 2063 2076 2083
2,30,CG-MOACO,area_s5_t300,0.28417602996254676,1630.1114790182019,1.8973665961010275,1 9 47 58 71 78 80 86 102 105 114 143 157 167 174 175 178 180 182 191 219 235 247 252 260 265 278 285 292 307 310 317 334 336 348 370 379 380 395 399 440 450 458 464 465 528 532 547 575 583 589 593 595 613 617 626 629 648 685 692 700 708 712 717 730 731 734 736 740 760 771 772 776 790 802 806 825 829 847 853 860 871 906 910 925 929 935 957 971 973 978 980 1016 1017 1020 1024 1045 1056 1062 1064 1068 1092 1096 1105 1137 1143 1158 1170 1173 1183 1187 1199 1202 1223 1224 1237 1248 1257 1262 1264 1280 1297 1308 1314 1318 1334 1336 1338 1339 1361 1373 1383 1385 1394 1403 1412 1419 1422 1423 1425 1435 1440 1458 1469 1473 1490 1503 1516 1520 1529 1540 1565 1584 1601 1614 1616 1645 1648 1652 1673 1697 1708 1718 1726 1734 1754 1756 1765 1787 1792 1793 1797 1808 1812 1823 1839 1854 1859 1865 1882 1892 1901 1924 1928 1937 1940 1963 1967 1978 1983 2008 2018 2023 2036 2037 2045 2049 2057 2063 2082
2,31,CG-MOACO,area_s5_t300,0.30102996254681647,1628.971641497633,0.7483314773547882,1 8 19 26 31 80 86 102 105 106 125 132 137 143 153 167 175 176 180 206 220 232 246 252 257 270 284 292 300 307 311 317 334 336 358 360 370 375 379 391 449 450 465 497 510 514 516 525 537 543 552 562 583 588 589 592 593 605 611 613 622 626 638 648 650 674 687 700 705 734 740 760 771 776 790 802 812 825 836 842 853 862 867 875 877 884 910 913 929 943 957 958 978 982 994 1012 1018 1024 1039 1050 1056 1062 1086 1105 1123 1127 1137 1143 1158 1170 1173 1179 1187 1199 1223 1224 1237 1244 1259 1264 1279 1311 1318 1323 1339 1342 1363 1370 1375 1379 1384 1394 1401 1403 1412 1416 1419 1434 1439 1446 1483 1490 1496 1524 1528 1529 1541 1544 1565 1571 1589 1599 1618 1643 1645 1652 1654 1677 1700 1705 1720 1726 1734 1735 1738 1756 1757 1777 1787 1793 1819 1823 1829 1839 1842 1854 1858 1860 1882 1888 1922 1929 1937 1945 1961 1963 1967 1983 1989 2006 2008 2014 2038 2057 2064 2076
2,32,CG-MOACO,area_s5_t300,0.27481273408239704,1660.0215553271826,3.40587727318528,1 9 26 55 59 64 77 78 80 89 91 98 99 102 106 114 137 143 148 152 170 175 176 180 188 189 199 219 220 232 252 257 260 262 270 274 292 306 307 308 311 317 354 370 379 415 420 423 449 450 458 461 500 504 528 536 545 569 578 593 595 603 605 626 638 671 676 678 697 700 708 716 734 740 750 760 772 790 806 808 812 814 825 858 862 877 900 910 911 929 941 943 958 959 973 978 982 999 1017 1024 1039 1045 1062 1064 1068 1070 1073 1089 1104 1105 1127 1128 1137 1143 1158 1168 1170 1171 1173 1199 1202 1205 1223 1237 1239 1244 1262 1264 1266 1274 1279 1289 1314 1318 1328 1339 1370 1375 1376 1392 1394 1412 1419 1422 1424 1435 1442 1448 1453 1468 1480 1483 1487 1490 1524 1529 1537 1544 1559 1565 1582 1599 1605 1614 1616 1645 1647 1652 1654 1673 1700 1709 1711 1718 1726 1734 1747 1756 1769 1775 1787 1797 1800 1808 1819 1823 1835 1840 1853 1854 1872 1882 1884 1954 1959 1963 1983 2008 2025 2032 2038 2049 2057 2063 2076
2,33,CG-MOACO,area_s5_t300,0.31647940074906367,1566.1125088130755,2.9933259094191533,6 9 31 47 63 78 80 83 102 105 132 141 156 165 174 175 179 188 191 215 219 220 247 252 270 278 284 286 292 307 308 317 334 336 344 356 362 370 379 393 398 403 429 431 437 440 448 450 461 475 495 510 528 532 537 554 558 562 607 613 615 624 637 648 650 654 671 700 734 741 762 768 770 776 802 806 821 828 862 867 868 877 885 911 917 925 929 941 956 957 978 982 991 999 1001 1004 1032 1036 1039 1056 1060 1073 1089 1091 1105 1126 1137 1139 1143 1150 1158 1164 1183 1189 1199 1202 1222 1228 1239 1264 1280 1303 1319 1323 1338 1339 1340 1370 1372 1383 1385 1399 1401 1403 1412 1422 1423 1435 1440 1454 1490 1503 1524 1529 1540 1553 1565 1571 1606 1608 1616 1645 1652 1656 1673 1700 1718 1721 1734 1735 1747 1756 1766 1773 1775 1780 1792 1793 1797 1808 1815 1823 1854 1866 1882 1896 1911 1928 1940 1954 1963 1983 1987 1989 2008 2045 2049 2057 2063 2076 2083
2,34,CG-MOACO,area_s5_t300,0.25749063670411987,1743.7614259036545,0.0,1 9 41 47 80 83 91 98 102 105 106 111 132 137 143 153 165 174 175 176 182 189 191 206 207 230 249 252 257 270 276 290 292 300 310 317 329 334 335 356 357 398 415 420 429 437 449 450 452 458 465 475 497 528 530 532 537 545 582 584 593 607 615 626 629 650 654 671 676 678 700 708 716 725 734 740 750 760 762 776 790 802 806 808 848 860 862 875 907 910 911 915 917 929 936 941 957 958 965 973 978 982 1001 1020 1022 1032 1044 1045 1062 1070 1104 1105 1107 1126 1137 1143 1158 1173 1187 1199 1202 1212 1223 1228 1234 1237 1262 1264 1276 1279 1281 1300 1304 1308 1310 1323 1327 1339 1370 1375 1376 1378 1380 1384 1394 1403 1412 1416 1419 1423 1429 1434 1436 1483 1490 1524 1529 1535 1536 1544 1599 1606 1616 1619 1645 1647 1649 1652 1670 1676 1720 1726 1738 1744 1747 1756 1765 1787 1797 1808 1820 1823 1829 1840 1860 1865 1866 1882 1888 1892 1901 1909 1928 1937 1963 1983 1986 1991 2001 2005 2008 2018 2023 2037 2045 2049 2057 2063 2082 2083
2,35,CG-MOACO,area_s5_t300,0.3188202247191011,1573.8257965348744,1.8973665961010275,1 26 38 61 68 78 80 83 85 86 89 98 102 105 106 134 143 144 153 156 174 175 178 182 196 206 215 240 247 252 257 273 306 317 344 349 356 377 379 403 429 449 450 461 465 467 489 508 562 589 593 596 598 615 622 629 643 645 648 654 671 687 692 697 700 708 719 734 740 775 802 806 814 821 829 858 862 868 879 885 910 929 944 957 978 982 985 991 1012 1016 1020 1021 1028 1034 1036 1039 1060 1105 1139 1143 1158 1164 1167 1173 1185 1187 1189 1199 1202 1204 1205 1223 1224 1228 1239 1257 1259 1262 1264 1268 1280 1300 1311 1318 1323 1361 1363 1373 1375 1376 1385 1395 1400 1403 1404 1412 1419 1422 1434 1440 1469 1495 1520 1537 1554 1559 1565 1582 1599 1616 1645 1652 1654 1660 1700 1705 1717 1734 1735 1749 1756 1765 1769 1779 1787 1797 1802 1813 1839 1867 1882 1900 1924 1937 1945 1954 1963 1967 1978 1983 1989 2005 2008 2023 2026 2038 2046 2049 2057 2064
2,36,CG-MOACO,area_s5_t300,0.31273408239700373,1574.7748494155237,1.3564659966250538,1 9 31 42 47 71 98 102 109 111 114 132 152 157 174 175 178 179 191 199 200 247 252 257 260 270 284 285 300 310 317 326 334 348 362 370 379 398 405 420 429 438 440 450 461 495 508 537 543 554 555 558 559 562 591 593 605 612 615 626 641 654 671 676 681 685 700 708 716 734 741 760 782 790 802 806 808 831 862 910 911 929 935 941 943 946 957 958 978 1001 1032 1036 1039 1042 1045 1056 1062 1064 1073 1077 1089 1104 1105 1126 1137 1143 1150 1158 1162 1170 1171 1187 1199 1202 1222 1228 1234 1237 1257 1260 1262 1264 1266 1279 1283 1289 1302 1303 1308 1314 1318 1320 1323 1336 1339 1343 1370 1378 1385 1412 1435 1440 1446 1454 1469 1482 1529 1544 1565 1590 1606 1608 1645 1649 1652 1654 1717 1722 1734 1738 1739 1752 1765 1775 1779 1797 1803 1809 1810 1813 1829 1839 1840 1842 1845 1860 1882 1888 1902 1963 1965 1967 1983 1987 1991 2014 2028 2034 2045 2046 2058 2063 2083
2,37,CG-MOACO,area_s5_t300,0.27481273408239704,1678.288958446704,1.2649110640673518,1 5 27 38 47 60 78 80 85 91 98 102 106 132 137 153 154 170 175 176 178 179 182 189 206 215 222 223 252 257 264 270 277 285 300 307 311 317 331 334 356 379 420 450 458 461 465 530 533 537 540 544 553 554 560 562 593 612 629 638 648 650 651 676 681 685 700 708 716 731 734 741 749 760 772 776 790 802 808 812 814 825 831 862 877 884 896 902 910 911 917 928 941 956 958 980 1001 1016 1017 1018 1024 1039 1056 1068 1077 1086 1089 1104 1105 1109 1117 1122 1126 1137 1143 1168 1174 1183 1187 1199 1202 1205 1222 1234 1237 1248 1257 1259 1262 1264 1266 1280 1281 1312 1318 1323 1336 1340 1361 1370 1375 1385 1394 1395 1403 1411 1412 1419 1434 1441 1448 1455 1457 1482 1486 1495 1565 1584 1606 1615 1636 1645 1648 1649 1652 1700 1710 1718 1756 1768 1769 1779 1787 1793 1797 1802 1811 1823 1835 1839 1840 1842 1845 1860 1865 1882 1888 1924 1937 1952 1966 1967 1971 1983 2006 2008 2017 2018 2025 2037 2049 2057 2063 2082 2083
2,38,CG-MOACO,area_s5_t300,0.24672284644194753,1751.0749462170281,1.019803902718557,1 9 14 47 67 77 78 80 83 95 132 137 152 157 174 175 176 178 182 190 194 200 218 223 226 230 252 257 260 261 265 270 272 278 284 285 289 317 334 336 338 371 393 415 420 429 431 440 450 452 464 465 467 486 506 514 526 528 533 537 543 558 562 565 569 583 593 608 626 638 650 652 700 708 716 719 734 736 740 760 771 775 776 790 802 806 829 833 862 868 872 892 900 910 911 920 929 941 957 958 967 978 1001 1018 1024 1036 1039 1041 1052 1060 1089 1105 1117 1127 1137 1143 1158 1179 1183 1187 1189 1199 1202 1223 1228 1231 1237 1239 1243 1257 1264 1281 1293 1297 1308 1314 1318 1341 1360 1363 1370 1375 1376 1378 1383 1385 1394 1400 1412 1419 1423 1436 1440 1449 1453 1480 1483 1490 1496 1518 1528 1529 1544 1553 1565 1584 1614 1616 1627 1645 1647 1652 1673 1683 1687 1708 1718 1734 1743 1750 1756 1765 1769 1775 1787 1797 1808 1812 1819 1823 1836 1839 1840 1842 1854 1860 1882 1884 1896 1922 1937 1963 1983 1986 2008 2018 2023 2037 2045 2049 2057 2063 2076
2,39,CG-MOACO,area_s5_t300,0.28464419475655434,1635.3574422846234,1.0954451150103321,1 9 40 47 64 67 76 80 98 102 106 142 148 152 165 175 178 181 184 206 219 247 252 257 264 265 278 283 285 307 311 317 334 337 348 370 379 395 438 440 449 450 508 528 530 537 554 562 580 589 593 605 613 615 626 629 643 648 654 676 681 708 709 734 736 741 749 754 760 766 771 772 775 802 806 809 815 825 831 859 860 867 878 900 910 911 929 941 943 945 954 957 960 978 980 1001 1012 1017 1020 1028 1032 1045 1060 1064 1073 1089 1105 1127 1137 1143 1158 1184 1187 1199 1202 1223 1237 1239 1258 1264 1268 1293 1297 1304 1308 1310 1311 1314 1319 1323 1327 1334 1336 1338 1339 1340 1361 1383 1385 1394 1412 1419 1423 1425 1435 1440 1468 1473 1483 1520 1527 1529 1554 1565 1616 1645 1647 1652 1654 1660 1673 1687 1711 1738 1747 1753 1756 1765 1769 1787 1793 1797 1808 1811 1818 1823 1831 1842 1845 1854 1860 1882 1890 1901 1937 1963 1966 1969 1983 1986 1989 2008 2018 2023 2037 2049 2057 2063 2076 2083
2,40,CG-MOACO,area_s5_t300,0.26638576779026213,1676.1654237534385,3.0983866769659336,9 14 19 31 38 40 47 63 80 83 98 102 106 111 114 137 151 153 157 167 175 176 178 180 188 191 219 220 252 257 263 265 270 284 292 306 317 344 379 380 393 413 415 420 440 450 458 461 465 486 528 536 554 558 562 578 583 593 605 608 615 617 626 630 637 650 654 676 694 700 708 711 716 719 734 740 760 771 772 775 790 802 806 825 848 860 862 885 900 907 910 911 917 929 941 943 957 978 980 1020 1022 1028 1032 1034 1037 1039 1060 1070 1073 1089 1104 1127 1137 1139 1143 1150 1158 1162 1164 1173 1183 1187 1199 1202 1204 1223 1228 1237 1245 1264 1274 1280 1293 1302 1304 1310 1314 1318 1334 1339 1341 1353 1361 1370 1375 1383 1387 1390 1391 1394 1395 1412 1419 1423 1426 1434 1435 1440 1482 1487 1524 1527 1529 1544 1571 1614 1643 1645 1649 1652 1670 1673 1726 1734 1738 1747 1756 1787 1793 1797 1804 1808 1819 1820 1823 1835 1842 1853 1854 1882 1924 1963 1965 1983 1987 1996 2008 2025 2037 2045 2047 2049 2057 2063 2082
2,41,CG-MOACO,area_s5_t300,0.31835205992509363,1599.0262664877912,0.8,1 26 38 42 47 60 70 80 82 98 102 134 137 143 144 148 152 175 176 182 218 232 252 257 261 278 284 285 292 306 311 317 328 336 338 354 369 371 391 393 415 432 445 450 461 465 467 472 475 508 510 528 533 537 562 565 580 593 607 629 648 650 652 674 685 708 719 731 734 745 760 771 773 790 802 812 815 829 833 842 850 862 877 908 910 911 915 918 929 936 941 957 978 980 994 1000 1012 1020 1024 1033 1039 1055 1059 1060 1086 1105 1127 1143 1151 1159 1171 1175 1199 1205 1222 1237 1264 1279 1281 1318 1323 1339 1347 1370 1379 1383 1385 1412 1422 1423 1426 1435 1440 1449 1454 1469 1482 1490 1494 1496 1518 1524 1529 1544 1553 1565 1606 1608 1618 1627 1645 1648 1649 1652 1673 1683 1709 1718 1726 1734 1756 1765 1773 1787 1792 1793 1808 1812 1823 1831 1836 1839 1845 1851 1854 1860 1865 1882 1901 1937 1963 1965 1967 1983 1989 2008 2023 2027 2045 2057 2063 2082
2,42,CG-MOACO,area_s5_t300,0.26919475655430714,1669.556428226268,2.3323807579381204,1 5 9 40 42 47 80 95 96 102 106 132 143 148 154 157 174 175 178 182 218 226 230 247 252 257 265 270 272 277 278 284 285 292 306 336 344 369 371 379 393 415 420 440 450 452 458 464 465 467 486 528 530 532 545 558 562 583 593 611 613 615 617 626 629 637 685 700 708 716 719 734 738 741 760 762 771 773 776 790 802 806 812 825 848 853 858 862 877 884 910 917 929 941 948 957 958 980 991 1001 1007 1008 1012 1016 1018 1039 1045 1056 1060 1064 1068 1089 1092 1105 1126 1137 1143 1150 1158 1173 1183 1187 1199 1205 1223 1237 1244 1257 1262 1264 1268 1278 1296 1310 1318 1329 1334 1336 1339 1361 1370 1376 1378 1383 1394 1395 1403 1412 1419 1422 1423 1425 1440 1446 1469 1483 1487 1508 1544 1554 1559 1565 1584 1587 1601 1643 1645 1649 1652 1654 1673 1704 1720 1726 1734 1735 1752 1756 1757 1765 1769 1787 1797 1808 1811 1812 1819 1823 1839 1854 1882 1884 1948 1963 1964 1967 1977 1983 1999 2001 2023 2036 2044 2049 2057 2063 2076
2,43,CG-MOACO,area_s5_t300,0.31554307116104874,1577.7668316286706,1.0954451150103321,7 9 26 40 42 47 55 80 87 102 106 115 118 132 137 175 176 182 189 200 206 220 252 261 263 270 272 278 285 289 292 308 311 317 331 334 337 354 371 426 432 450 458 461 465 475 480 486 499 508 527 528 537 542 544 562 578 580 593 605 615 626 637 648 650 654 708 712 716 734 740 771 775 802 821 825 829 853 858 860 862 917 928 967 971 977 982 994 996 1000 1012 1036 1039 1053 1062 1070 1073 1089 1092 1101 1127 1137 1143 1146 1151 1168 1175 1183 1199 1202 1205 1222 1224 1228 1230 1239 1264 1289 1296 1304 1318 1328 1339 1361 1375 1384 1394 1403 1412 1419 1422 1429 1434 1435 1449 1458 1469 1475 1480 1482 1503 1529 1535 1544 1556 1565 1576 1582 1601 1612 1615 1627 1645 1652 1673 1687 1708 1718 1720 1726 1734 1738 1747 1756 1764 1777 1787 1793 1808 1812 1819 1829 1836 1851 1860 1882 1983 1986 1991 2018 2023 2024 2025 2034 2038 2046 2055 2057 2063 2082
2,44,CG-MOACO,area_s5_t300,0.29447565543071164,1610.0765347293293,1.9390719429665317,1 9 31 39 47 80 98 102 105 114 117 132 137 143 152 156 174 175 176 191 196 198 206 220 242 252 257 270 272 284 292 310 317 325 334 344 353 354 362 413 415 440 458 465 497 507 508 525 528 562 578 589 591 593 605 612 615 626 648 654 656 678 708 716 719 734 741 771 773 775 796 802 810 819 821 823 825 836 846 848 862 868 870 875 885 905 910 911 929 957 978 982 991 1001 1020 1036 1039 1055 1062 1091 1104 1105 1127 1137 1143 1158 1161 1164 1175 1191 1199 1202 1204 1205 1224 1231 1259 1262 1264 1279 1296 1303 1311 1314 1319 1320 1323 1336 1339 1341 1360 1380 1384 1391 1395 1401 1404 1412 1419 1430 1434 1436 1440 1455 1457 1469 1483 1496 1509 1526 1527 1529 1544 1554 1565 1616 1645 1652 1654 1660 1708 1718 1722 1733 1738 1747 1756 1787 1790 1792 1793 1797 1808 1815 1818 1842 1845 1854 1860 1882 1888 1901 1902 1940 1941 1961 1963 1966 1973 1983 1986 2026 2028 2045 2046 2049 2058 2063 2076
2,45,CG-MOACO,area_s5_t300,0.24765917602996257,1736.0420512863932,3.2,1 9 19 31 38 47 80 83 86 102 105 106 132 137 143 148 153 156 172 174 175 176 188 206 218 220 226 230 232 240 249 252 257 258 270 284 285 308 310 317 334 336 344 356 371 379 415 420 440 450 458 465 467 475 490 497 508 537 544 558 562 566 578 592 593 605 611 612 626 671 700 705 708 711 716 719 734 740 745 760 772 775 790 802 808 812 825 862 868 900 910 911 917 926 929 936 939 941 943 946 958 961 982 1001 1012 1017 1024 1036 1039 1054 1060 1068 1070 1089 1104 1105 1117 1127 1137 1143 1151 1170 1173 1183 1187 1199 1202 1221 1223 1234 1237 1244 1262 1264 1272 1279 1297 1300 1304 1308 1314 1318 1323 1330 1339 1370 1375 1378 1383 1385 1391 1399 1403 1412 1416 1419 1422 1429 1434 1435 1440 1455 1483 1517 1524 1528 1529 1544 1565 1571 1584 1616 1643 1645 1652 1673 1700 1718 1735 1738 1747 1756 1765 1779 1793 1797 1811 1815 1823 1827 1840 1845 1854 1865 1882 1884 1896 1919 1928 1937 1963 1965 1983 1986 2008 2023 2027 2038 2044 2057 2063 2082
2,46,CG-MOACO,area_s5_t300,0.30992509363295884,1619.0026115287337,0.4898979485566356,9 19 31 41 47 55 78 80 91 102 106 114 132 142 143 152 153 156 174 175 178 180 188 206 215 245 247 252 257 270 285 292 300 307 334 336 354 370 379 415 429 440 442 450 458 461 480 485 516 525 528 536 545 562 583 593 602 618 629 637 692 700 708 716 725 731 734 741 760 771 775 790 802 806 809 812 829 840 862 867 868 910 917 941 943 957 958 978 982 1020 1022 1024 1039 1045 1062 1064 1078 1086 1089 1096 1105 1126 1137 1139 1143 1150 1158 1173 1183 1189 1199 1202 1205 1223 1237 1259 1262 1264 1274 1291 1303 1314 1318 1326 1339 1340 1354 1370 1375 1376 1383 1394 1412 1416 1419 1422 1434 1435 1440 1446 1458 1469 1480 1483 1487 1490 1496 1518 1584 1614 1645 1649 1654 1656 1670 1708 1711 1718 1743 1745 1756 1764 1769 1787 1797 1808 1811 1820 1823 1839 1840 1854 1866 1882 1888 1889 1954 1955 1963 1966 1967 1983 1986 1999 2023 2026 2045 2049 2057 2063 2073 2076
2,47,CG-MOACO,area_s5_t300,0.2837078651685393,1633.7237870491629,2.5612496949731396,1 19 24 41 47 61 64 68 78 80 98 102 106 117 119 132 137 142 170 175 176 180 191 200 206 219 220 246 252 257 270 286 306 307 311 315 317 319 336 338 344 356 369 379 403 440 449 450 452 458 464 465 494 508 518 554 583 588 592 593 595 613 626 637 644 650 676 692 700 705 712 716 734 740 745 760 790 802 806 809 812 815 825 831 842 860 862 903 910 911 913 917 928 929 941 947 956 957 973 978 982 1000 1016 1024 1032 1060 1077 1086 1089 1104 1105 1117 1123 1126 1137 1153 1174 1183 1187 1199 1204 1222 1237 1259 1264 1281 1297 1300 1308 1318 1323 1339 1340 1361 1363 1375 1378 1383 1385 1403 1404 1412 1416 1419 1422 1436 1440 1469 1480 1490 1509 1524 1527 1529 1549 1603 1606 1616 1645 1652 1654 1660 1671 1687 1718 1749 1756 1787 1793 1797 1815 1818 1820 1829 1839 1840 1854 1860 1869 1882 1888 1890 1892 1902 1963 1966 1967 1983 1986 1996 2006 2014 2023 2025 2037 2046 2049 2058 2063 2076 2083
2,48,CG-MOACO,area_s5_t300,0.2710674157303371,1686.6971959898165,0.7483314773547882,1 9 26 40 42 47 55 76 80 85 102 106 111 114 144 174 175 176 182 184 188 196 200 206 219 252 257 270 278 284 308 317 319 334 336 344 348 354 379 398 403 413 415 450 452 458 480 497 515 516 528 532 544 545 554 562 569 580 583 593 613 615 626 629 637 641 650 651 700 708 716 719 734 741 760 771 773 775 776 790 802 812 825 835 846 853 860 862 910 929 941 947 958 965 972 978 982 1012 1016 1036 1039 1056 1062 1068 1070 1077 1086 1089 1092 1096 1105 1117 1127 1137 1139 1143 1157 1173 1199 1202 1221 1223 1237 1261 1264 1280 1283 1296 1304 1314 1318 1323 1336 1340 1370 1378 1383 1386 1395 1403 1412 1419 1422 1423 1425 1429 1436 1440 1455 1457 1469 1475 1482 1487 1528 1529 1553 1565 1584 1599 1612 1645 1649 1652 1654 1673 1678 1690 1704 1708 1711 1718 1726 1732 1735 1738 1753 1756 1775 1787 1793 1797 1808 1809 1819 1823 1833 1835 1839 1851 1854 1882 1924 1962 1963 1965 1967 1983 2006 2008 2023 2044 2049 2057 2063 2076
2,49,CG-MOACO,area_s5_t300,0.2921348314606742,1615.6197928988922,2.925747767665559,1 14 19 38 47 80 98 102 106 114 120 132 137 152 153 160 175 176 179 182 188 191 200 223 252 270 273 284 299 308 311 317 334 344 354 359 379 398 415 420 440 449 450 456 458 465 481 497 499 510 532 537 545 562 578 594 605 608 613 617 622 626 650 654 685 700 705 708 719 734 741 750 760 771 776 790 802 806 808 825 829 848 857 862 868 910 911 917 920 929 941 957 958 967 978 980 991 1001 1024 1039 1041 1059 1060 1073 1079 1089 1091 1104 1105 1117 1127 1137 1143 1150 1158 1162 1170 1183 1199 1202 1223 1228 1264 1281 1296 1297 1304 1310 1314 1318 1323 1334 1339 1340 1361 1370 1375 1376 1383 1394 1411 1412 1419 1422 1423 1430 1434 1435 1440 1469 1480 1482 1487 1490 1529 1554 1565 1612 1618 1645 1647 1649 1652 1654 1660 1673 1708 1715 1734 1735 1747 1756 1765 1769 1779 1797 1813 1818 1820 1823 1854 1882 1922 1937 1962 1963 1965 1983 1986 1989 2008 2023 2036 2038 2044 2057 2063 2076 2078
2,50,CG-MOACO,area_s5_t300,0.30571161048689144,1594.815626579569,2.5612496949731396,9 19 38 47 67 80 83 88 98 102 105 106 119 137 143 152 175 178 182 206 215 218 220 226 230 252 257 258 270 285 288 289 311 334 348 356 371 379 391 440 461 465 508 537 560 562 574 578 593 602 607 615 638 650 651 669 671 687 700 711 716 731 734 740 745 760 772 775 790 802 808 812 815 825 828 829 848 858 862 871 872 885 910 911 929 941 946 952 957 960 977 982 1001 1016 1020 1022 1036 1060 1068 1070 1080 1089 1092 1105 1109 1123 1126 1137 1143 1164 1175 1187 1191 1199 1205 1222 1237 1245 1257 1262 1264 1278 1304 1310 1314 1319 1323 1334 1339 1340 1363 1375 1376 1384 1390 1394 1395 1399 1412 1419 1423 1426 1434 1436 1440 1455 1469 1480 1483 1495 1524 1525 1528 1565 1576 1582 1645 1649 1652 1672 1708 1723 1732 1735 1738 1747 1756 1765 1769 1775 1779 1784 1797 1812 1823 1827 1840 1842 1845 1860 1882 1884 1888 1977 1983 1991 1999 2006 2023 2027 2029 2044 2058 2063
2,51,CG-MOACO,area_s5_t300,0.28136704119850187,1671.3642900236223,0.8,1 9 39 40 47 55 80 98 99 114 132 137 142 152 153 156 165 174 175 176 180 182 188 189 191 220 245 252 260 284 292 308 317 326 334 356 362 370 379 398 412 415 440 449 450 464 465 481 495 496 510 525 532 543 562 583 589 593 611 615 617 626 637 641 648 650 671 675 700 705 708 719 734 740 762 773 775 776 802 806 812 820 853 858 860 862 870 877 910 917 929 930 938 947 958 978 982 991 994 1034 1039 1051 1060 1073 1077 1090 1105 1127 1137 1139 1143 1151 1158 1162 1170 1173 1183 1187 1199 1202 1205 1223 1237 1256 1262 1264 1267 1314 1318 1323 1327 1336 1339 1341 1359 1370 1375 1376 1383 1385 1395 1412 1423 1429 1434 1435 1445 1446 1455 1458 1469 1479 1483 1511 1520 1524 1539 1544 1553 1559 1565 1615 1645 1654 1660 1673 1687 1718 1726 1747 1756 1758 1787 1797 1800 1808 1815 1819 1820 1823 1835 1842 1854 1873 1882 1889 1922 1932 1937 1954 1962 1983 1989 2014 2018 2023 2038 2047 2049 2055 2057 2063 2076
2,52,CG-MOACO,area_s5_t300,0.29962546816479396,1606.292165576648,1.9595917942265424,1 9 14 63 67 76 78 80 98 101 102 114 173 175 178 182 188 199 200 215 232 245 247 249 252 257 263 266 270 284 285 292 299 311 317 319 334 344 348 356 362 371 379 429 440 449 450 452 464 465 528 532 537 539 542 559 562 589 593 602 613 629 638 650 671 687 700 708 716 719 734 740 760 767 773 776 790 802 808 812 828 829 841 848 853 859 862 868 870 877 885 913 917 929 941 957 958 967 978 980 984 991 1016 1024 1033 1055 1062 1096 1105 1127 1143 1157 1162 1173 1187 1199 1201 1202 1223 1230 1237 1257 1264 1266 1278 1296 1297 1311 1318 1323 1339 1340 1370 1377 1380 1384 1387 1395 1403 1411 1419 1422 1434 1435 1440 1446 1469 1483 1490 1517 1526 1529 1554 1569 1584 1606 1636 1645 1648 1652 1705 1718 1720 1734 1735 1756 1765 1775 1777 1787 1792 1808 1812 1815 1819 1823 1839 1854 1878 1879 1882 1888 1892 1954 1963 1965 1967 1983 1996 2006 2008 2023 2045 2057 2063 2076 2080
2,53,CG-MOACO,area_s5_t300,0.30852059925093633,1589.0300422626606,1.3266499161421599,1 9 19 31 47 55 67 80 91 105 107 114 132 151 156 174 175 178 179 189 191 219 220 235 245 252 257 265 278 307 310 317 334 370 379 399 403 404 415 420 443 449 458 461 465 486 500 536 554 559 562 578 593 605 607 617 626 642 650 676 700 708 711 716 734 740 745 760 771 775 790 806 808 812 825 862 870 910 911 917 928 929 941 943 946 957 958 978 1001 1020 1024 1032 1036 1039 1060 1070 1089 1097 1102 1105 1117 1126 1137 1143 1162 1167 1171 1173 1187 1199 1202 1223 1239 1243 1260 1262 1264 1274 1276 1303 1311 1314 1318 1329 1334 1338 1339 1340 1370 1376 1378 1383 1385 1390 1391 1412 1419 1422 1423 1425 1436 1455 1456 1469 1496 1529 1535 1565 1584 1604 1616 1645 1652 1708 1718 1732 1738 1747 1756 1775 1779 1797 1809 1815 1823 1827 1831 1833 1836 1840 1845 1854 1860 1872 1888 1928 1937 1940 1961 1963 1966 1983 1986 2001 2006 2008 2023 2027 2029 2037 2057 2063 2076 2083
2,54,CG-MOACO,area_s5_t300,0.26029962546816476,1699.1754941434126,2.7129319932501073,9 42 47 71 77 78 80 86 89 102 106 112 114 118 132 157 165 175 178 189 191 196 200 218 226 230 247 249 252 257 260 272 278 284 285 292 311 317 334 335 338 371 379 405 415 420 424 431 440 449 450 465 475 480 516 537 543 544 560 562 566 589 592 593 598 605 613 615 626 648 650 654 676 678 700 705 708 716 719 734 741 760 766 771 775 776 790 802 808 825 858 860 862 867 872 875 877 885 910 911 920 926 929 941 967 980 1001 1018 1037 1039 1042 1052 1056 1060 1078 1086 1126 1137 1143 1158 1164 1187 1189 1199 1202 1205 1221 1222 1228 1237 1260 1262 1264 1274 1279 1296 1304 1314 1318 1336 1339 1361 1370 1384 1391 1403 1412 1418 1422 1423 1434 1435 1453 1455 1483 1508 1529 1544 1553 1565 1590 1596 1608 1612 1616 1643 1645 1648 1652 1656 1658 1677 1718 1734 1735 1747 1756 1777 1787 1792 1793 1797 1808 1815 1819 1823 1833 1840 1854 1865 1882 1884 1888 1896 1919 1928 1954 1963 1965 1983 1987 2006 2008 2045 2058 2061 2063 2082 2083
2,55,CG-MOACO,area_s5_t300,0.24906367041198507,1758.204630041449,0.7483314773547882,1 5 9 23 31 42 47 55 80 86 91 98 102 110 137 148 156 157 174 175 179 188 191 196 199 200 204 252 257 260 261 265 266 270 277 286 291 292 308 310 334 362 371 415 440 449 465 497 510 525 528 536 552 554 562 565 578 583 593 613 626 637 648 650 654 692 700 708 719 731 734 740 745 749 750 760 771 772 775 790 802 806 809 814 825 836 862 868 880 889 892 900 911 917 929 941 952 954 957 958 978 994 1001 1028 1032 1039 1042 1052 1056 1060 1070 1077 1089 1105 1127 1129 1137 1143 1170 1174 1183 1187 1199 1201 1202 1228 1237 1239 1262 1264 1268 1279 1290 1297 1304 1318 1320 1323 1336 1339 1359 1363 1370 1376 1379 1383 1385 1387 1394 1395 1403 1412 1419 1430 1434 1440 1454 1469 1483 1496 1517 1524 1526 1527 1540 1544 1565 1616 1627 1645 1652 1654 1673 1708 1718 1734 1738 1747 1756 1766 1777 1784 1787 1792 1808 1818 1823 1835 1840 1842 1853 1854 1857 1866 1882 1889 1940 1963 1983 1989 1999 2006 2008 2015 2018 2023 2025 2045 2055 2057 2063 2069 2076 2083
2,56,CG-MOACO,area_s5_t300,0.29166666666666663,1620.1210230364557,0.8944271909999159,1 9 31 38 42 47 67 77 78 80 98 102 106 114 143 152 157 169 174 175 178 180 191 206 219 247 252 270 278 285 292 307 317 324 334 379 380 405 407 415 429 440 450 464 465 503 509 528 544 547 562 583 593 605 607 611 613 615 626 629 637 648 651 685 700 716 734 741 749 760 770 771 772 787 790 802 805 812 833 835 872 878 885 900 910 911 929 936 941 954 971 978 980 1032 1037 1039 1056 1062 1064 1068 1077 1089 1096 1107 1118 1123 1127 1137 1139 1143 1158 1170 1171 1174 1199 1221 1223 1230 1237 1257 1262 1264 1266 1278 1310 1314 1318 1323 1334 1336 1339 1346 1369 1373 1383 1385 1392 1395 1404 1412 1419 1423 1425 1435 1440 1455 1482 1496 1513 1529 1554 1565 1596 1599 1645 1647 1649 1652 1654 1660 1703 1722 1734 1749 1754 1756 1765 1787 1792 1793 1797 1808 1815 1818 1839 1840 1854 1860 1882 1888 1932 1937 1945 1959 1963 1965 1967 1983 1986 2008 2014 2023 2036 2045 2046 2049 2057 2063 2076 2083
2,57,CG-MOACO,area_s5_t300,0.27059925093632964,1662.9269011507001,1.8973665961010275,1 24 31 42 61 78 80 83 86 91 98 101 102 106 132 137 143 149 153 165 173 175 176 188 191 215 220 232 249 252 257 263 270 273 292 299 317 319 331 334 336 356 358 379 415 440 442 445 450 452 458 464 465 475 480 510 528 532 558 562 569 593 611 613 615 650 654 666 676 699 700 708 711 719 734 741 760 762 775 776 790 802 825 862 868 910 911 917 929 939 952 955 957 978 982 994 1000 1016 1028 1036 1039 1056 1062 1077 1086 1089 1104 1105 1127 1137 1139 1143 1150 1170 1183 1187 1199 1202 1204 1223 1224 1228 1230 1237 1262 1264 1268 1299 1308 1318 1323 1334 1338 1339 1361 1370 1373 1375 1385 1394 1403 1412 1416 1419 1422 1423 1429 1434 1436 1440 1446 1457 1475 1483 1528 1529 1565 1584 1590 1636 1645 1648 1652 1660 1671 1673 1704 1708 1718 1725 1734 1747 1756 1766 1787 1793 1797 1802 1808 1811 1812 1823 1840 1845 1851 1865 1878 1882 1896 1901 1922 1959 1961 1963 1983 1986 1989 2008 2018 2023 2037 2049 2057 2063 2083
2,58,CG-MOACO,area_s5_t300,0.28277153558052437,1656.0020975109721,0.9797958971132712,1 9 19 31 42 47 83 102 106 109 120 137 147 153 156 174 175 176 178 180 188 248 252 270 277 284 289 299 317 330 334 336 344 356 367 370 377 379 398 415 420 438 440 445 448 450 452 461 472 514 537 545 554 558 562 578 592 593 607 613 617 622 643 664 671 676 700 705 708 719 734 741 760 773 775 776 790 802 806 812 833 842 862 868 872 907 910 911 917 929 939 941 943 957 968 978 982 1011 1016 1020 1024 1036 1039 1058 1060 1064 1068 1070 1089 1105 1117 1126 1137 1139 1143 1158 1187 1202 1223 1225 1237 1264 1280 1304 1311 1314 1318 1323 1338 1339 1340 1361 1370 1379 1384 1386 1390 1403 1412 1419 1422 1423 1434 1435 1440 1455 1469 1524 1526 1528 1553 1565 1571 1576 1584 1590 1599 1618 1645 1648 1652 1653 1660 1673 1708 1711 1718 1726 1734 1738 1739 1747 1756 1757 1765 1769 1779 1792 1793 1812 1823 1836 1840 1845 1854 1882 1900 1937 1962 1963 1983 1986 1989 2006 2023 2037 2045 2057 2063 2076 2083
2,59,CG-MOACO,area_s5_t300,0.25234082397003743,1727.1003736918133,2.4166091947189146,1 5 9 19 31 47 80 83 86 91 98 99 102 106 111 114 137 156 160 174 175 176 189 191 200 218 226 230 252 257 270 277 278 292 308 310 327 334 344 356 370 379 393 413 415 420 440 445 449 450 458 461 465 477 485 528 532 537 540 554 559 562 589 591 615 617 620 626 627 629 648 650 676 700 708 719 731 734 741 745 760 773 776 790 802 804 806 812 814 825 862 867 868 871 877 892 900 908 910 911 917 929 941 946 957 958 960 978 982 991 1001 1004 1016 1022 1036 1045 1060 1068 1086 1089 1105 1127 1137 1143 1162 1173 1183 1187 1199 1202 1205 1223 1237 1254 1259 1262 1264 1279 1296 1304 1308 1318 1323 1339 1370 1375 1380 1384 1394 1403 1412 1419 1422 1429 1434 1435 1446 1455 1458 1469 1480 1482 1496 1524 1528 1544 1565 1584 1612 1625 1645 1648 1649 1652 1671 1718 1732 1735 1756 1793 1797 1808 1811 1812 1839 1845 1854 1860 1865 1888 1901 1922 1940 1959 1962 1963 1965 1967 1980 1984 1986 1989 1999 2006 2023 2025 2038 2044 2046 2049 2058 2063 2082
2,60,CG-MOACO,area_s5_t300,0.276685393258427,1649.9914628546421,2.4819347291981715,1 9 24 31 42 78 80 83 98 102 106 111 112 132 137 141 153 156 165 173 175 176 180 181 188 191 206 219 248 257 263 284 285 292 317 319 334 336 344 356 357 379 398 403 413 420 427 440 449 450 452 458 461 465 508 530 537 554 559 562 589 593 607 612 626 629 633 650 654 671 676 685 700 708 712 734 740 760 790 802 806 808 825 857 862 868 910 911 917 928 929 941 943 957 958 978 985 991 994 999 1016 1024 1028 1034 1039 1060 1070 1085 1089 1104 1127 1137 1139 1143 1157 1173 1183 1187 1199 1202 1223 1228 1234 1237 1239 1257 1264 1268 1296 1299 1308 1314 1318 1323 1334 1338 1339 1340 1346 1370 1379 1383 1385 1394 1403 1412 1419 1423 1434 1435 1440 1469 1480 1483 1506 1519 1524 1529 1565 1584 1616 1619 1645 1652 1654 1660 1673 1708 1709 1718 1722 1726 1734 1747 1756 1776 1787 1792 1793 1808 1818 1823 1831 1842 1882 1883 1901 1924 1928 1940 1963 1965 1983 1987 1989 1991 2006 2008 2027 2036 2045 2052 2057 2063
2,61,CG-MOACO,area_s5_t300,0.28464419475655434,1641.0054003071004,0.6324555320336759,1 5 9 31 42 47 63 80 83 98 99 102 106 114 125 137 141 151 153 165 174 175 176 178 180 188 201 206 219 252 261 270 284 285 292 307 310 317 334 348 370 420 440 443 449 450 464 475 494 496 508 537 554 562 589 593 605 607 615 626 629 655 676 700 708 716 734 740 743 760 771 773 775 790 802 806 808 812 815 825 831 862 868 885 900 911 917 936 941 943 957 960 977 980 1012 1020 1037 1060 1064 1070 1086 1089 1096 1104 1127 1137 1143 1153 1158 1161 1187 1199 1201 1202 1205 1212 1223 1234 1236 1237 1259 1262 1264 1266 1296 1314 1318 1323 1339 1340 1354 1370 1375 1376 1383 1385 1394 1398 1412 1415 1419 1422 1424 1434 1435 1440 1455 1458 1469 1480 1483 1528 1529 1554 1565 1599 1610 1645 1650 1652 1670 1683 1697 1708 1711 1717 1726 1734 1744 1747 1756 1769 1777 1779 1787 1797 1820 1823 1830 1840 1854 1882 1888 1932 1937 1963 1965 1983 1986 2006 2017 2018 2023 2037 2045 2047 2057 2063 2082 2083
2,62,CG-MOACO,area_s5_t300,0.2780898876404494,1648.6270090329722,2.65329983228432,1 9 31 40 42 47 80 98 101 102 106 114 132 137 143 156 170 175 176 178 191 204 206 219 220 223 235 251 252 265 270 278 284 311 317 334 344 370 377 379 398 403 420 424 440 449 450 461 465 471 475 480 483 508 528 537 543 579 584 589 591 593 605 609 612 626 648 650 654 664 681 700 708 741 771 772 802 806 821 825 853 860 862 867 907 910 929 943 946 952 957 978 1001 1017 1028 1032 1036 1044 1056 1062 1070 1077 1089 1091 1105 1107 1117 1127 1137 1143 1162 1164 1173 1187 1199 1202 1223 1224 1228 1239 1259 1261 1264 1268 1280 1295 1304 1314 1323 1336 1339 1340 1361 1370 1384 1395 1401 1403 1411 1412 1416 1422 1434 1435 1440 1448 1495 1527 1541 1554 1565 1580 1599 1606 1608 1645 1652 1654 1658 1660 1708 1718 1726 1732 1735 1738 1753 1756 1765 1792 1793 1797 1808 1812 1815 1819 1822 1823 1839 1860 1882 1888 1892 1900 1928 1937 1940 1962 1963 1967 1971 1983 1986 1989 1991 2006 2008 2023 2045 2055 2058 2063 2083
2,63,CG-MOACO,area_s5_t300,0.29728464419475653,1610.265469188418,1.4142135623730951,1 9 26 38 42 47 78 80 98 102 106 111 114 144 148 152 174 175 178 182 189 220 232 247 252 260 270 284 286 300 310 334 348 353 356 379 393 398 412 415 420 449 450 458 461 465 467 480 485 503 516 528 537 544 552 554 578 583 593 595 626 637 643 648 654 675 685 700 708 716 719 734 741 749 750 802 825 842 868 885 910 917 929 941 943 978 979 982 1001 1016 1020 1024 1028 1032 1037 1039 1060 1064 1065 1086 1089 1104 1126 1137 1143 1151 1158 1170 1173 1183 1187 1199 1202 1204 1221 1223 1228 1237 1254 1259 1264 1268 1274 1279 1311 1314 1318 1339 1361 1378 1383 1385 1386 1404 1412 1416 1419 1422 1425 1435 1446 1449 1469 1482 1509 1524 1529 1544 1568 1604 1614 1618 1645 1652 1654 1660 1708 1718 1734 1745 1747 1756 1769 1787 1792 1793 1797 1808 1819 1822 1829 1840 1854 1860 1867 1878 1882 1887 1932 1963 1965 1983 1986 1996 2008 2018 2023 2036 2037 2045 2046 2047 2058 2063 2076
2,64,CG-MOACO,area_s5_t300,0.25046816479400746,1740.172748756714,2.727636339397171,1 9 26 31 40 47 80 86 98 102 106 114 132 137 142 143 148 157 159 165 167 170 175 176 184 188 189 218 220 226 230 232 252 257 270 272 278 284 286 299 308 311 334 344 371 379 415 420 449 450 452 464 465 480 496 508 516 537 543 562 589 592 593 602 607 611 612 626 638 650 654 676 700 705 708 716 719 734 740 760 771 773 775 790 802 806 808 825 860 862 877 910 917 929 941 943 946 957 976 978 980 985 1001 1016 1024 1032 1036 1044 1056 1062 1070 1077 1086 1089 1105 1106 1117 1126 1137 1143 1158 1162 1164 1170 1173 1183 1187 1199 1202 1223 1228 1234 1237 1259 1262 1264 1268 1279 1297 1308 1311 1314 1319 1323 1329 1336 1339 1361 1375 1383 1385 1403 1404 1419 1422 1430 1436 1454 1483 1509 1527 1529 1544 1554 1562 1565 1616 1643 1645 1647 1652 1654 1658 1683 1700 1718 1726 1734 1735 1747 1756 1779 1793 1797 1815 1827 1845 1854 1865 1882 1888 1892 1919 1923 1928 1963 1965 1983 1986 1999 2006 2008 2023 2025 2027 2038 2044 2046 2058 2062 2063 2083
2,65,CG-MOACO,area_s5_t300,0.26076779026217234,1711.2231765086583,0.9797958971132712,1 5 38 47 67 76 78 80 98 102 105 143 148 156 175 178 179 182 220 232 247 252 257 261 263 270 277 278 284 290 292 299 311 317 334 336 338 354 359 362 371 378 415 420 440 450 458 464 465 475 477 480 486 503 510 537 558 562 578 593 607 611 613 615 626 648 650 654 676 700 705 708 719 731 734 741 760 762 771 775 790 802 806 808 825 853 860 862 910 917 929 941 943 956 957 960 965 978 982 991 994 1001 1012 1016 1018 1028 1032 1036 1044 1056 1060 1077 1086 1089 1097 1105 1126 1137 1143 1158 1164 1173 1183 1199 1202 1228 1237 1248 1256 1262 1264 1268 1279 1281 1291 1297 1308 1318 1327 1336 1339 1363 1370 1375 1376 1377 1383 1385 1394 1403 1416 1418 1420 1423 1434 1436 1440 1483 1496 1528 1544 1553 1565 1614 1616 1645 1648 1649 1652 1672 1700 1708 1718 1747 1756 1757 1765 1773 1775 1777 1788 1797 1808 1809 1819 1823 1854 1860 1878 1882 1888 1892 1940 1962 1963 1983 1989 2006 2008 2018 2023 2037 2045 2058 2063 2069 2074 2076 2083
2,66,CG-MOACO,area_s5_t300,0.25514981273408244,1705.6896225697085,1.4696938456699067,1 26 31 38 40 47 71 80 83 86 98 102 105 106 132 137 153 156 175 176 178 180 185 191 193 200 219 220 221 252 261 265 270 284 285 290 292 307 311 317 334 359 391 420 431 449 450 475 496 528 532 537 543 552 554 559 562 589 593 605 613 615 626 648 650 654 674 676 681 700 708 716 734 740 745 760 766 771 775 776 790 802 808 825 831 860 862 875 907 910 911 917 929 941 952 957 958 978 990 1017 1018 1027 1034 1039 1062 1070 1073 1077 1104 1105 1126 1137 1143 1151 1162 1175 1187 1199 1202 1204 1205 1222 1228 1237 1256 1260 1262 1264 1279 1296 1303 1308 1318 1323 1361 1363 1370 1375 1376 1383 1385 1394 1403 1411 1412 1422 1423 1431 1434 1440 1480 1483 1527 1529 1544 1553 1559 1565 1584 1616 1629 1643 1645 1647 1649 1652 1654 1658 1660 1671 1700 1708 1711 1718 1720 1726 1732 1735 1750 1756 1757 1765 1769 1787 1797 1808 1819 1823 1839 1840 1854 1860 1867 1882 1884 1890 1900 1932 1937 1963 1977 1983 2001 2008 2023 2044 2049 2058 2063 2076 2083
2,67,CG-MOACO,area_s5_t300,0.26310861423220977,1679.1870241993422,1.3564659966250538,1 5 9 19 31 42 77 80 91 98 102 106 110 114 132 137 143 160 175 178 180 191 206 219 220 237 252 257 265 270 277 278 292 307 311 317 334 336 344 379 398 415 420 440 442 450 458 461 475 485 486 528 532 537 544 558 562 578 593 611 615 622 626 654 685 700 708 711 716 731 734 741 760 762 771 773 776 787 790 802 808 825 862 867 868 885 900 905 910 911 917 929 941 945 946 971 978 982 1000 1017 1028 1036 1039 1060 1064 1070 1089 1105 1127 1137 1142 1143 1151 1158 1173 1183 1187 1199 1202 1205 1211 1221 1223 1228 1237 1241 1262 1264 1274 1299 1302 1304 1314 1318 1326 1334 1336 1340 1378 1380 1384 1395 1403 1404 1408 1412 1416 1419 1422 1423 1426 1434 1435 1440 1469 1482 1496 1518 1524 1587 1605 1614 1645 1647 1649 1654 1673 1711 1718 1738 1750 1756 1765 1775 1792 1793 1797 1801 1808 1811 1812 1815 1827 1840 1854 1860 1866 1872 1882 1901 1909 1937 1959 1962 1963 1966 1983 1986 2008 2014 2023 2027 2037 2045 2057 2063 2076 2083
2,68,CG-MOACO,area_s5_t300,0.2514044943820225,1729.7013349057472,0.8,9 47 76 78 80 86 98 102 105 106 111 114 137 143 175 176 182 191 196 206 218 227 230 245 252 258 270 277 284 285 292 308 317 319 332 334 338 353 354 364 379 391 415 420 440 445 449 450 458 465 475 480 485 508 528 537 544 552 562 588 589 593 605 611 615 626 627 629 648 700 708 721 734 741 749 760 771 772 787 790 802 812 815 825 853 862 868 870 910 917 929 936 943 955 978 982 986 996 1001 1028 1032 1036 1045 1056 1062 1064 1077 1086 1089 1107 1122 1127 1129 1139 1143 1164 1168 1170 1173 1183 1199 1202 1223 1224 1234 1237 1256 1262 1264 1268 1280 1281 1289 1296 1300 1304 1308 1318 1323 1336 1339 1375 1378 1383 1385 1387 1403 1404 1412 1418 1422 1434 1435 1437 1440 1469 1482 1496 1518 1524 1528 1544 1565 1612 1615 1645 1647 1649 1652 1654 1660 1673 1678 1703 1718 1720 1732 1756 1765 1787 1793 1797 1808 1815 1820 1829 1839 1840 1845 1873 1882 1900 1922 1928 1940 1963 1965 1967 1983 1986 1989 1991 2006 2008 2023 2036 2038 2046 2049 2052 2057 2063 2083
2,69,CG-MOACO,area_s5_t300,0.30243445692883897,1609.0623522860328,1.7204650534085253,1 14 31 47 80 88 102 111 117 120 137 153 165 175 176 180 181 191 219 220 221 249 252 257 263 284 292 308 311 314 317 334 336 344 356 362 370 379 393 395 412 429 431 440 442 449 450 461 465 514 525 528 537 543 544 554 559 562 589 593 613 615 626 648 650 671 675 687 700 708 716 734 740 745 775 776 802 848 862 867 884 892 910 911 920 929 939 941 952 958 978 982 991 994 996 999 1016 1018 1020 1028 1039 1062 1068 1070 1089 1096 1126 1137 1143 1183 1187 1189 1199 1202 1223 1231 1258 1260 1264 1283 1293 1302 1311 1314 1318 1323 1337 1339 1340 1370 1375 1383 1385 1386 1394 1395 1403 1412 1419 1434 1440 1446 1457 1462 1483 1520 1527 1529 1553 1584 1585 1594 1636 1645 1652 1654 1660 1670 1718 1734 1738 1747 1756 1765 1769 1773 1777 1793 1797 1808 1813 1818 1842 1845 1857 1860 1882 1888 1901 1902 1909 1962 1963 1965 1983 1987 1991 2006 2008 2037 2045 2046 2058 2063
2,70,CG-MOACO,area_s5_t300,0.26872659176029967,1693.0610626077364,1.16619037896906,1 5 9 26 31 40 47 55 58 80 86 91 102 105 114 132 137 159 166 175 176 178 191 196 204 206 218 220 226 230 252 257 263 272 277 278 286 292 311 334 348 371 379 415 420 443 445 448 450 458 461 514 537 552 558 578 593 595 622 626 637 648 650 654 676 700 708 716 731 734 741 760 771 772 775 776 790 802 806 809 814 825 829 860 862 877 892 907 910 929 935 941 943 957 967 973 977 980 994 1001 1016 1039 1060 1070 1089 1105 1126 1129 1137 1143 1151 1158 1162 1164 1173 1185 1187 1199 1202 1205 1223 1228 1234 1236 1237 1248 1259 1262 1264 1268 1304 1314 1318 1323 1336 1339 1353 1370 1375 1376 1384 1403 1416 1419 1422 1424 1435 1440 1448 1449 1469 1480 1482 1495 1528 1544 1562 1565 1576 1599 1618 1645 1649 1652 1654 1697 1700 1711 1718 1726 1734 1738 1743 1747 1753 1756 1775 1777 1779 1787 1797 1815 1821 1823 1831 1853 1860 1882 1888 1889 1919 1928 1959 1963 1965 1983 1986 1991 1999 2018 2023 2038 2055 2057 2061 2063
2,71,CG-MOACO,area_s5_t300,0.27434456928838946,1678.2197992163399,1.4966629547095767,1 5 9 19 38 41 47 80 83 87 102 105 106 120 125 137 153 156 175 176 180 182 188 191 200 206 210 220 223 252 257 263 270 285 308 311 317 334 371 379 413 440 450 465 475 480 497 514 525 528 537 542 544 562 578 583 593 605 613 626 637 643 651 658 685 687 700 708 711 719 734 740 749 754 760 771 772 776 790 802 812 814 825 833 862 868 877 901 908 911 917 929 939 943 956 967 972 978 985 1000 1024 1039 1062 1064 1068 1070 1089 1105 1117 1137 1143 1151 1158 1183 1187 1199 1201 1202 1221 1222 1224 1237 1243 1251 1259 1262 1264 1274 1279 1297 1304 1308 1319 1320 1339 1370 1375 1376 1385 1387 1394 1403 1410 1412 1416 1419 1429 1434 1436 1440 1446 1455 1469 1483 1518 1524 1529 1544 1565 1584 1590 1614 1645 1649 1652 1718 1720 1734 1747 1756 1765 1802 1808 1813 1819 1823 1827 1840 1842 1846 1882 1885 1888 1916 1924 1940 1948 1959 1963 1965 1978 1983 1987 1989 2008 2018 2026 2036 2038 2047 2055 2058 2063
2,72,CG-MOACO,area_s5_t300,0.2668539325842697,1671.0124355743744,2.0591260281974,1 9 31 40 47 55 76 80 83 86 98 102 105 111 114 137 143 148 153 156 175 176 178 196 206 218 220 226 230 252 263 265 270 272 284 285 292 300 311 317 334 362 379 403 415 426 437 440 449 450 458 461 465 480 491 508 525 537 562 583 589 592 593 612 626 648 700 705 716 731 734 740 760 770 771 772 790 802 806 809 812 825 829 862 870 897 910 911 917 929 941 943 956 957 958 978 991 994 1001 1012 1016 1018 1024 1036 1039 1062 1064 1068 1077 1079 1089 1104 1105 1137 1143 1158 1170 1171 1199 1202 1204 1222 1237 1239 1251 1259 1264 1268 1279 1296 1304 1311 1314 1319 1323 1339 1360 1370 1375 1376 1384 1395 1403 1412 1419 1422 1436 1440 1448 1457 1468 1480 1483 1496 1518 1527 1544 1565 1575 1582 1584 1599 1606 1616 1643 1645 1652 1653 1660 1670 1697 1708 1718 1738 1756 1766 1779 1787 1797 1806 1811 1812 1815 1823 1830 1839 1860 1882 1885 1888 1900 1924 1928 1940 1963 1966 1967 1978 1983 1991 2008 2023 2037 2039 2045 2049 2058 2063
2,73,CG-MOACO,area_s5_t300,0.28979400749063666,1649.666405612027,0.4,1 9 31 59 61 78 80 83 98 99 102 106 118 137 148 152 154 156 175 176 179 184 200 219 252 257 263 270 275 278 306 307 308 310 317 336 344 354 370 379 440 450 458 464 467 480 486 494 508 510 543 545 553 558 562 593 613 615 620 626 638 643 654 658 692 700 712 731 734 747 760 771 773 790 802 804 806 808 814 825 860 862 867 910 917 929 941 946 947 957 958 959 967 982 1001 1012 1017 1037 1039 1042 1053 1060 1064 1070 1086 1091 1126 1137 1143 1151 1158 1170 1183 1185 1199 1202 1205 1222 1228 1243 1262 1264 1268 1274 1278 1299 1308 1318 1327 1334 1339 1340 1363 1370 1376 1383 1394 1412 1419 1422 1423 1425 1440 1445 1454 1458 1469 1483 1487 1524 1527 1529 1565 1584 1614 1616 1645 1648 1649 1652 1670 1672 1678 1700 1708 1711 1718 1726 1749 1756 1775 1779 1797 1823 1839 1840 1848 1853 1854 1860 1888 1928 1940 1961 1963 1965 1967 1983 1986 1989 2008 2009 2023 2026 2027 2037 2045 2058 2063 2076 2083
2,74,CG-MOACO,area_s5_t300,0.27621722846441943,1674.4206002021926,1.019803902718557,1 9 31 42 47 63 67 71 78 80 83 102 106 114 119 131 132 137 165 166 175 176 178 181 191 215 219 252 257 261 284 292 306 307 311 333 348 370 391 403 440 449 450 461 465 472 475 528 533 537 539 559 562 589 593 611 615 629 644 650 654 687 694 700 708 716 731 734 740 760 771 773 775 776 790 802 808 815 828 853 860 862 867 910 917 925 929 941 957 958 967 978 994 1001 1017 1022 1032 1036 1039 1060 1070 1073 1086 1089 1091 1105 1126 1137 1143 1158 1162 1170 1173 1183 1184 1187 1199 1202 1212 1223 1258 1262 1264 1266 1280 1303 1314 1318 1323 1339 1340 1361 1375 1378 1383 1391 1394 1403 1410 1412 1414 1419 1423 1434 1435 1440 1487 1490 1509 1520 1524 1529 1534 1553 1565 1574 1584 1618 1642 1645 1649 1652 1660 1673 1708 1718 1734 1735 1747 1756 1765 1769 1788 1797 1808 1811 1818 1823 1827 1829 1842 1854 1860 1866 1877 1882 1896 1901 1909 1963 1965 1983 1999 2008 2018 2023 2027 2038 2055 2057 2063 2076 2083
2,75,CG-MOACO,area_s5_t300,0.2542134831460674,1720.2985419147317,1.5999999999999999,1 9 24 42 76 78 80 83 98 102 106 114 141 156 167 173 175 179 182 206 215 220 247 248 252 257 270 278 284 285 292 311 317 334 336 356 358 371 379 391 398 415 420 440 450 452 458 461 467 475 481 486 504 516 532 554 558 562 576 578 593 609 644 650 654 671 674 700 705 708 711 716 719 734 741 760 776 790 802 808 825 857 858 862 868 879 900 910 911 917 929 938 941 947 957 978 982 985 994 999 1001 1012 1016 1020 1024 1028 1036 1039 1060 1092 1105 1127 1143 1158 1164 1170 1173 1184 1187 1199 1202 1205 1223 1228 1237 1262 1264 1268 1308 1314 1319 1326 1334 1339 1361 1375 1383 1385 1387 1403 1404 1412 1416 1419 1422 1423 1434 1436 1440 1446 1449 1457 1469 1506 1524 1527 1529 1544 1565 1571 1599 1606 1614 1645 1649 1652 1654 1671 1673 1705 1708 1711 1718 1735 1747 1756 1757 1787 1793 1797 1801 1808 1809 1811 1815 1818 1820 1845 1854 1860 1882 1901 1909 1926 1928 1937 1940 1963 1966 1983 1986 2006 2008 2023 2026 2045 2049 2057 2061 2063 2083
2,76,CG-MOACO,area_s5_t300,0.24765917602996257,1746.6596112381364,2.5612496949731396,1 7 9 15 31 41 46 55 65 77 78 80 95 98 102 105 106 119 132 137 151 165 175 176 187 206 218 223 226 230 245 252 257 263 270 272 284 285 306 308 311 344 369 371 379 413 415 431 440 448 450 467 485 497 516 528 530 532 537 543 545 558 562 580 583 593 602 605 607 611 626 643 671 685 700 716 719 734 741 760 768 776 802 806 809 812 825 848 856 868 881 900 910 911 918 929 936 941 957 967 978 982 999 1001 1018 1022 1024 1032 1036 1039 1041 1062 1064 1070 1089 1104 1105 1107 1117 1123 1127 1137 1143 1158 1162 1183 1187 1189 1199 1223 1230 1237 1248 1262 1264 1296 1300 1303 1314 1323 1336 1339 1340 1378 1384 1391 1408 1412 1419 1423 1434 1435 1440 1455 1469 1483 1496 1529 1553 1565 1584 1587 1590 1606 1616 1618 1622 1645 1649 1652 1654 1660 1673 1683 1697 1705 1711 1718 1732 1735 1747 1756 1757 1777 1787 1797 1808 1811 1815 1818 1820 1823 1842 1854 1882 1901 1919 1928 1944 1963 1966 1983 1986 1999 2001 2006 2008 2023 2025 2038 2057 2062 2063 2076
2,77,CG-MOACO,area_s5_t300,0.30383895131086147,1630.3107742599623,0.0,1 31 42 47 80 91 102 106 114 132 137 148 150 151 153 156 170 175 176 178 179 188 191 209 235 249 252 260 265 270 273 306 359 369 370 379 393 395 398 440 450 461 465 479 494 514 537 544 583 584 592 593 613 622 626 638 650 651 654 685 687 691 700 705 708 716 734 740 742 760 771 776 790 802 807 825 828 829 853 862 868 885 905 910 917 928 929 941 958 961 967 978 982 1001 1016 1017 1024 1028 1036 1039 1042 1060 1091 1105 1126 1129 1139 1143 1151 1159 1162 1173 1187 1199 1205 1221 1234 1262 1264 1268 1280 1289 1291 1318 1323 1336 1339 1340 1361 1369 1370 1375 1376 1378 1384 1398 1412 1416 1419 1434 1436 1440 1448 1469 1475 1480 1529 1536 1584 1599 1606 1618 1645 1648 1649 1652 1673 1708 1710 1717 1721 1726 1734 1738 1756 1777 1779 1787 1797 1812 1815 1823 1839 1840 1842 1922 1928 1929 1932 1940 1963 1965 1967 1983 1986 1991 1996 1999 2008 2018 2025 2037 2057 2063 2078
2,78,CG-MOACO,area_s5_t300,0.2401685393258427,1762.661118452223,2.039607805437114,1 9 31 47 55 67 77 80 83 98 99 102 111 114 125 137 142 143 148 175 176 188 191 206 218 220 226 230 232 249 252 257 263 270 278 284 285 288 292 308 311 317 334 336 362 370 379 415 420 440 449 450 458 461 467 475 508 510 528 537 543 545 583 584 593 605 607 613 622 626 637 650 654 700 708 719 734 741 750 760 771 773 775 790 797 802 806 815 825 829 833 842 853 862 868 900 910 917 929 941 944 946 957 958 978 1001 1024 1036 1039 1045 1062 1077 1089 1105 1127 1133 1137 1143 1158 1170 1175 1183 1187 1191 1199 1202 1222 1228 1237 1239 1243 1264 1266 1296 1304 1314 1316 1319 1323 1339 1340 1359 1361 1370 1375 1376 1384 1394 1398 1402 1403 1408 1412 1419 1423 1434 1436 1440 1448 1469 1480 1483 1490 1524 1528 1529 1553 1565 1571 1615 1645 1648 1652 1660 1672 1687 1697 1700 1708 1711 1718 1734 1735 1738 1756 1769 1797 1806 1808 1823 1827 1831 1839 1840 1842 1853 1854 1882 1888 1922 1941 1944 1964 1967 1983 1986 2006 2008 2018 2025 2027 2038 2055 2058 2063 2076
2,79,CG-MOACO,area_s5_t300,0.2780898876404494,1650.6407187970026,1.4696938456699067,1 9 19 31 38 47 61 63 80 86 98 102 105 114 132 141 174 175 178 180 181 219 220 241 247 249 251 252 260 261 278 284 292 310 317 334 336 356 362 386 393 412 415 429 440 445 448 450 458 461 465 475 508 510 526 537 543 558 562 566 580 593 605 606 611 612 615 626 637 654 671 676 700 705 708 719 740 745 760 762 775 790 806 848 853 862 868 871 885 907 910 917 929 941 946 952 957 967 975 982 1000 1012 1017 1037 1056 1060 1079 1089 1127 1137 1143 1175 1187 1188 1199 1202 1204 1222 1228 1230 1237 1258 1262 1264 1279 1304 1318 1320 1323 1336 1361 1369 1370 1375 1376 1383 1385 1394 1395 1408 1412 1419 1423 1435 1440 1454 1458 1482 1490 1524 1527 1529 1544 1553 1565 1584 1599 1627 1645 1647 1649 1652 1654 1660 1673 1708 1718 1732 1735 1738 1750 1756 1765 1769 1773 1779 1797 1811 1818 1820 1823 1839 1842 1845 1854 1860 1882 1896 1962 1963 1965 1983 1989 2001 2004 2006 2008 2018 2038 2049 2055 2057 2063 2076
2,80,CG-MOACO,area_s5_t300,0.28417602996254676,1638.4794228631672,1.7435595774162693,1 9 31 42 46 61 80 91 98 102 106 111 114 118 119 132 137 143 152 156 165 170 175 178 180 209 219 220 252 270 286 292 299 311 317 324 334 336 344 370 379 398 415 420 426 431 440 449 464 465 466 485 496 528 537 543 545 562 593 603 605 612 617 626 654 676 678 700 708 716 719 734 740 745 750 760 767 771 776 802 806 808 810 825 848 853 862 867 868 877 900 907 913 918 929 941 957 958 978 982 1008 1012 1017 1020 1024 1039 1045 1056 1062 1064 1070 1073 1089 1105 1127 1128 1137 1143 1167 1175 1179 1187 1199 1201 1202 1222 1259 1264 1279 1296 1308 1318 1323 1339 1341 1361 1375 1376 1383 1391 1412 1419 1435 1440 1458 1469 1483 1487 1490 1500 1524 1527 1529 1544 1565 1571 1599 1606 1616 1622 1645 1649 1652 1654 1660 1671 1705 1717 1734 1735 1747 1756 1777 1787 1797 1808 1815 1818 1821 1835 1840 1842 1854 1879 1888 1901 1924 1932 1937 1957 1959 1963 1965 1983 2008 2023 2033 2038 2058 2063 2076 2078 2083
2,81,CG-MOACO,area_s5_t300,0.30664794007490637,1596.46637761592,2.039607805437114,1 5 26 31 42 55 80 86 98 99 102 106 132 137 175 176 180 191 200 216 235 252 257 265 270 277 284 292 299 300 307 308 311 317 334 336 338 353 359 370 379 415 450 452 458 461 465 477 479 486 509 528 532 545 550 558 562 566 593 613 615 622 654 676 700 708 734 741 760 762 771 775 776 790 802 806 807 809 825 829 848 868 877 907 917 941 957 967 975 980 1017 1029 1039 1042 1045 1056 1060 1064 1089 1096 1104 1105 1126 1137 1143 1145 1158 1173 1183 1187 1199 1201 1202 1205 1228 1230 1237 1259 1262 1264 1266 1280 1304 1311 1318 1336 1339 1354 1373 1376 1383 1404 1412 1419 1422 1430 1434 1435 1440 1445 1454 1468 1487 1490 1537 1565 1614 1615 1616 1645 1647 1652 1654 1659 1705 1718 1726 1734 1735 1738 1756 1775 1780 1787 1797 1808 1812 1815 1821 1831 1836 1839 1840 1845 1854 1860 1901 1902 1937 1963 1965 1967 1983 2006 2008 2014 2015 2023 2027 2038 2046 2058 2063 2076
2,82,CG-MOACO,area_s5_t300,0.28745318352059923,1617.1937921794902,1.5491933384829668,1 9 38 47 55 71 80 98 102 105 114 132 137 165 167 174 175 176 178 180 182 219 220 221 241 252 260 265 270 278 284 286 290 292 307 310 334 336 362 379 395 398 412 415 420 440 449 450 458 464 465 485 508 528 537 543 584 594 605 607 611 612 615 617 626 637 648 700 708 716 734 740 745 750 762 771 773 775 802 806 821 825 860 862 871 875 910 917 929 935 941 943 952 957 958 967 972 973 978 980 1012 1032 1045 1056 1062 1068 1073 1096 1105 1126 1137 1143 1150 1167 1175 1185 1187 1199 1202 1204 1222 1262 1264 1268 1274 1311 1314 1318 1330 1336 1338 1339 1340 1361 1370 1375 1376 1383 1385 1391 1395 1403 1412 1419 1422 1423 1434 1435 1440 1475 1483 1527 1529 1553 1599 1616 1639 1645 1648 1652 1672 1687 1689 1708 1718 1734 1735 1738 1747 1756 1765 1787 1797 1808 1815 1823 1831 1845 1854 1860 1867 1882 1928 1932 1940 1944 1963 1983 1986 1996 1999 2008 2023 2024 2038 2044 2049 2058 2063 2082
2,83,CG-MOACO,area_s5_t300,0.2752808988764045,1654.8461163467516,1.7888543819998317,9 26 31 38 42 47 63 80 83 98 101 102 108 118 125 132 141 174 175 178 187 191 206 219 241 247 252 264 270 278 281 285 288 292 310 317 334 341 344 361 362 379 415 420 437 449 450 458 464 465 467 472 475 495 508 528 537 554 562 589 593 612 615 629 700 708 716 719 734 738 740 760 771 772 786 790 802 806 808 812 840 848 862 868 910 917 929 941 957 978 982 994 1001 1007 1016 1017 1018 1020 1032 1039 1060 1068 1089 1092 1105 1126 1137 1143 1151 1158 1162 1164 1173 1183 1187 1199 1202 1223 1230 1237 1261 1264 1266 1279 1318 1320 1323 1334 1339 1353 1375 1383 1385 1395 1400 1403 1404 1408 1412 1416 1419 1422 1423 1434 1440 1455 1469 1480 1482 1496 1506 1508 1524 1527 1529 1544 1549 1565 1606 1645 1652 1654 1656 1660 1670 1673 1708 1718 1720 1734 1738 1752 1756 1773 1777 1780 1787 1797 1808 1815 1818 1839 1840 1845 1853 1854 1882 1889 1897 1901 1902 1928 1940 1941 1959 1965 1967 1983 2001 2026 2045 2046 2063 2076 2083
2,84,CG-MOACO,area_s5_t300,0.26591760299625467,1681.1162046475602,1.2,9 19 31 38 47 55 68 78 80 83 98 102 106 112 137 142 151 160 174 175 176 178 206 218 220 226 230 252 257 258 292 303 310 317 334 341 344 348 354 371 379 398 403 420 424 437 440 449 450 464 465 475 480 532 537 543 544 562 571 589 592 593 613 626 641 648 650 654 676 700 705 708 712 716 734 740 749 760 771 772 776 790 802 808 825 829 831 862 868 875 910 911 917 929 936 958 971 978 980 1001 1012 1017 1020 1024 1033 1037 1039 1056 1060 1070 1104 1107 1124 1127 1137 1143 1157 1173 1184 1199 1202 1221 1223 1228 1234 1237 1259 1262 1264 1278 1296 1300 1314 1319 1339 1340 1345 1346 1363 1370 1375 1383 1385 1387 1394 1399 1412 1419 1436 1440 1455 1469 1483 1513 1524 1528 1529 1565 1571 1584 1599 1614 1616 1618 1645 1649 1652 1656 1700 1718 1732 1735 1765 1769 1777 1787 1793 1797 1808 1811 1814 1823 1839 1840 1842 1854 1860 1865 1866 1867 1882 1901 1937 1959 1962 1963 1966 1967 1983 1986 2006 2008 2023 2036 2038 2057 2063 2082
2,85,CG-MOACO,area_s5_t300,0.2570224719101124,1719.670078092018,0.9797958971132712,1 9 31 48 55 67 78 80 98 99 102 105 106 114 137 150 152 153 157 165 175 176 180 189 191 206 221 245 252 270 284 285 300 307 308 310 317 334 348 370 379 391 412 420 437 440 448 450 452 458 465 467 480 494 497 508 537 545 554 558 584 591 593 612 615 626 629 640 641 650 698 700 708 716 725 734 740 760 771 790 802 808 823 825 831 857 862 868 877 900 902 910 911 917 929 936 941 943 957 958 978 1017 1020 1039 1059 1060 1086 1089 1096 1104 1105 1107 1117 1127 1143 1158 1162 1173 1183 1187 1189 1199 1202 1205 1223 1228 1237 1262 1264 1268 1299 1310 1311 1314 1318 1323 1334 1336 1338 1339 1340 1346 1370 1375 1376 1378 1383 1387 1392 1395 1398 1412 1419 1422 1423 1429 1434 1436 1457 1479 1483 1487 1496 1518 1528 1529 1584 1645 1652 1654 1660 1672 1700 1704 1747 1756 1779 1787 1797 1815 1821 1823 1829 1840 1854 1860 1866 1882 1888 1900 1922 1928 1932 1937 1940 1963 1983 1986 2006 2008 2018 2023 2036 2037 2039 2049 2058 2061 2063 2074 2076
2,86,CG-MOACO,area_s5_t300,0.25936329588014984,1725.8528226860617,0.8944271909999159,1 9 31 42 47 80 91 94 96 102 106 137 153 157 170 172 175 176 180 191 200 206 215 220 240 251 252 257 270 300 308 311 317 326 334 336 344 348 370 379 395 403 413 415 440 450 465 467 485 486 496 497 528 530 537 545 554 558 560 562 578 580 588 591 593 605 615 641 643 654 700 708 719 734 740 754 771 776 802 806 809 815 821 825 842 862 868 877 900 910 911 917 929 936 941 943 954 957 958 978 980 1018 1032 1036 1039 1060 1077 1086 1089 1096 1104 1105 1107 1117 1137 1143 1151 1158 1167 1183 1187 1189 1199 1202 1223 1259 1264 1268 1279 1297 1304 1308 1314 1318 1326 1336 1339 1370 1375 1378 1383 1387 1394 1403 1412 1416 1419 1422 1434 1435 1440 1446 1469 1483 1487 1496 1518 1527 1529 1544 1565 1584 1606 1614 1645 1649 1652 1654 1658 1660 1683 1718 1735 1747 1752 1756 1765 1769 1787 1793 1797 1808 1811 1812 1823 1845 1854 1860 1872 1882 1888 1901 1922 1924 1937 1959 1962 1963 1966 1978 1983 1989 2023 2024 2038 2044 2049 2058 2063 2076
2,87,CG-MOACO,area_s5_t300,0.26872659176029967,1667.5149998725394,2.449489742783178,1 9 31 42 47 63 79 80 86 98 99 102 106 114 132 137 141 167 175 176 178 181 191 200 215 218 226 230 245 252 258 263 285 311 317 319 334 344 348 356 371 379 393 415 440 445 450 458 461 465 486 525 528 532 537 554 558 562 586 593 607 613 615 629 650 664 700 708 711 719 734 741 745 760 767 772 776 790 802 823 862 867 868 877 885 900 911 917 941 958 978 982 1001 1016 1033 1037 1039 1043 1055 1060 1086 1089 1102 1127 1137 1143 1162 1175 1183 1187 1199 1201 1202 1205 1221 1222 1228 1230 1237 1242 1262 1264 1268 1274 1278 1303 1318 1330 1336 1339 1344 1354 1375 1376 1378 1383 1385 1394 1403 1412 1414 1419 1423 1434 1435 1440 1453 1482 1496 1518 1520 1524 1529 1531 1559 1565 1584 1614 1645 1648 1652 1660 1673 1678 1718 1720 1725 1732 1735 1756 1787 1797 1800 1808 1818 1820 1823 1829 1835 1839 1842 1845 1854 1860 1882 1901 1916 1922 1959 1963 1966 1967 1970 1983 1989 2006 2008 2023 2036 2038 2044 2057 2063 2076 2083
2,88,CG-MOACO,area_s5_t300,0.2752808988764045,1668.0848029895258,1.4142135623730951,1 9 38 47 64 80 91 98 99 102 105 106 114 120 132 137 160 165 175 176 178 191 206 207 230 252 257 258 263 270 278 290 292 311 334 344 348 356 371 398 403 410 413 420 440 449 450 458 464 477 485 494 518 532 537 544 553 554 562 593 605 615 626 629 655 676 691 700 708 716 734 741 743 749 760 773 775 776 790 802 808 812 825 846 853 862 868 870 900 910 913 929 941 958 972 978 980 994 1001 1018 1020 1032 1036 1039 1060 1064 1070 1073 1086 1089 1105 1129 1137 1143 1158 1173 1187 1202 1221 1223 1234 1237 1257 1262 1264 1278 1296 1308 1318 1323 1334 1338 1339 1370 1376 1384 1399 1403 1412 1415 1419 1422 1423 1435 1440 1446 1449 1470 1480 1483 1490 1524 1528 1529 1537 1544 1559 1565 1571 1584 1599 1617 1627 1652 1673 1704 1708 1711 1718 1734 1735 1738 1747 1753 1756 1775 1797 1808 1811 1815 1823 1830 1840 1845 1860 1882 1896 1901 1928 1940 1952 1963 1978 1983 1991 1999 2006 2008 2015 2017 2023 2044 2049 2057 2063
2,89,CG-MOACO,area_s5_t300,0.27762172284644193,1664.2513747773535,1.3564659966250536,1 5 19 31 38 80 98 106 113 129 132 137 154 173 175 176 178 188 191 200 215 219 220 223 226 230 245 252 258 277 278 284 286 307 311 317 334 336 356 359 379 420 440 449 450 458 461 504 532 559 562 578 589 592 593 605 607 613 617 648 650 658 671 681 685 700 705 708 716 734 741 745 760 776 790 802 806 808 812 825 848 850 862 877 908 910 911 913 917 929 941 947 955 958 965 991 994 1018 1024 1033 1036 1039 1062 1070 1077 1089 1091 1098 1127 1137 1143 1171 1173 1182 1187 1199 1202 1204 1205 1223 1231 1236 1248 1257 1262 1264 1280 1293 1304 1308 1314 1318 1323 1339 1344 1353 1361 1363 1370 1375 1376 1384 1393 1394 1403 1412 1419 1422 1423 1434 1440 1468 1480 1482 1490 1520 1534 1553 1584 1599 1606 1645 1649 1652 1670 1673 1683 1711 1718 1726 1734 1743 1747 1756 1787 1797 1808 1819 1823 1829 1830 1851 1854 1882 1932 1937 1963 1965 1983 1986 1996 2006 2008 2016 2023 2037 2045 2047 2049 2057 2063 2082 2083
2,90,CG-MOACO,area_s5_t300,0.2724719101123596,1680.3087251178838,0.7483314773547882,9 14 19 31 40 47 55 80 83 86 95 98 102 137 141 153 167 175 176 178 179 184 200 220 221 252 257 263 265 270 275 284 299 300 307 334 336 344 348 362 370 379 440 449 450 458 464 465 528 530 532 537 559 562 575 583 593 608 615 617 626 648 650 676 685 700 708 731 734 738 741 743 750 760 771 776 790 802 806 807 812 825 829 831 860 862 906 910 911 917 928 929 941 956 957 958 959 978 980 1001 1036 1060 1068 1070 1077 1089 1104 1105 1117 1126 1137 1139 1143 1150 1173 1187 1199 1202 1225 1231 1234 1237 1243 1251 1264 1279 1290 1296 1300 1314 1318 1323 1334 1360 1375 1384 1403 1404 1412 1419 1423 1435 1440 1441 1449 1455 1480 1483 1496 1524 1529 1537 1544 1565 1580 1599 1603 1606 1616 1618 1645 1647 1649 1652 1656 1670 1673 1700 1718 1726 1734 1735 1738 1750 1756 1758 1775 1777 1787 1793 1797 1808 1815 1831 1839 1842 1854 1860 1866 1882 1883 1892 1901 1919 1924 1928 1963 1965 1983 1989 1999 2023 2045 2046 2057 2063
2,91,CG-MOACO,area_s5_t300,0.30009363295880154,1605.6403137431382,3.006659275674582,1 9 19 31 38 42 47 55 67 78 80 83 98 102 111 137 141 143 148 150 152 156 175 176 178 191 219 226 230 240 252 257 258 270 278 285 317 334 336 338 354 362 379 391 393 440 450 465 486 497 508 523 543 544 547 558 584 593 607 612 615 626 638 671 676 685 692 700 708 712 734 737 740 760 772 786 790 802 805 812 825 829 862 868 872 910 911 917 929 941 958 961 978 991 1001 1016 1020 1033 1036 1039 1041 1062 1068 1089 1097 1105 1117 1122 1139 1143 1152 1157 1168 1183 1199 1202 1223 1230 1237 1248 1257 1262 1264 1302 1303 1310 1312 1314 1318 1334 1340 1353 1361 1363 1369 1370 1375 1383 1385 1395 1412 1419 1423 1434 1440 1480 1482 1529 1540 1564 1565 1601 1614 1645 1649 1652 1654 1660 1673 1687 1704 1734 1750 1756 1779 1787 1790 1793 1797 1811 1815 1818 1823 1831 1839 1842 1845 1857 1860 1882 1896 1922 1924 1937 1963 1978 1983 1989 1991 2014 2018 2023 2025 2036 2037 2049 2057
2,92,CG-MOACO,area_s5_t300,0.25,1735.534373513427,2.870540018881465,1 9 41 47 78 80 86 102 114 132 143 156 157 165 167 174 175 176 178 182 188 191 207 219 223 230 252 265 270 272 278 285 306 307 310 317 336 362 366 369 406 415 431 440 449 450 452 458 464 465 484 495 508 528 543 552 562 563 583 589 593 608 615 617 626 650 654 664 700 734 741 747 760 771 772 775 787 790 802 806 814 825 828 860 862 910 911 917 926 929 941 946 947 957 958 977 1001 1020 1032 1036 1039 1041 1060 1070 1078 1089 1105 1117 1123 1126 1129 1137 1143 1158 1170 1183 1187 1199 1220 1223 1225 1227 1237 1257 1261 1264 1279 1291 1297 1300 1308 1311 1318 1323 1334 1336 1338 1339 1369 1370 1375 1376 1378 1383 1385 1394 1400 1412 1416 1419 1423 1434 1435 1440 1449 1478 1480 1483 1490 1496 1518 1528 1529 1544 1565 1575 1584 1631 1645 1648 1652 1673 1683 1690 1718 1720 1734 1747 1756 1765 1773 1775 1777 1797 1808 1809 1823 1842 1854 1866 1882 1895 1901 1916 1937 1940 1959 1963 1965 1983 1989 2001 2008 2018 2023 2026 2037 2045 2057 2063 2076 2083
2,93,CG-MOACO,area_s5_t300,0.26310861423220977,1707.1820335032448,0.8,1 9 31 38 40 42 47 71 80 83 86 99 102 106 111 114 118 137 165 167 175 176 178 179 191 196 200 219 220 223 252 257 260 270 278 284 311 317 334 336 348 356 379 415 420 431 440 449 450 465 475 485 495 496 497 508 510 518 528 537 543 552 554 559 562 583 593 615 626 650 654 671 676 700 708 719 731 734 740 760 775 790 802 806 862 884 910 917 925 929 957 958 976 978 980 1001 1018 1028 1039 1052 1062 1070 1073 1077 1089 1097 1105 1117 1127 1137 1143 1158 1170 1174 1183 1187 1188 1199 1202 1205 1223 1224 1228 1231 1237 1239 1256 1262 1264 1274 1284 1297 1314 1318 1334 1339 1361 1370 1375 1378 1384 1387 1394 1403 1412 1416 1422 1423 1434 1436 1440 1449 1453 1456 1457 1483 1490 1529 1540 1544 1554 1565 1584 1616 1645 1652 1654 1660 1673 1677 1687 1708 1709 1718 1722 1734 1747 1756 1787 1793 1797 1808 1811 1818 1823 1830 1854 1860 1866 1896 1901 1916 1937 1940 1954 1962 1963 1983 1989 2006 2008 2023 2038 2049 2057 2063 2076 2083
2,94,CG-MOACO,area_s5_t300,0.2823033707865169,1640.6391953667744,1.9595917942265424,9 19 31 47 68 76 78 80 83 86 91 98 102 105 106 111 114 125 137 143 152 175 176 178 180 206 214 219 220 223 252 257 270 278 285 310 317 326 334 336 370 379 391 413 426 440 449 450 458 465 480 497 510 528 533 537 544 562 569 578 583 589 593 598 603 605 615 626 637 648 650 654 671 678 681 700 708 734 741 762 775 776 802 825 828 848 862 884 910 917 929 936 941 956 971 977 994 996 1012 1019 1020 1022 1028 1032 1035 1039 1060 1070 1089 1126 1137 1143 1158 1164 1168 1173 1183 1187 1189 1199 1202 1228 1236 1237 1248 1258 1264 1278 1297 1304 1311 1314 1318 1323 1338 1370 1375 1376 1383 1385 1387 1394 1395 1399 1412 1416 1419 1423 1434 1435 1440 1469 1483 1490 1527 1529 1544 1553 1565 1616 1643 1645 1652 1656 1672 1683 1697 1700 1708 1718 1732 1735 1750 1756 1765 1787 1797 1813 1823 1831 1840 1842 1867 1869 1882 1923 1940 1959 1963 1965 1983 1986 1989 1991 2006 2024 2032 2038 2049 2058 2063 2069
2,95,CG-MOACO,area_s5_t300,0.26451310861423216,1702.141587618424,0.8944271909999159,1 9 19 24 31 38 40 47 71 80 83 98 102 105 106 111 125 132 148 156 166 175 176 180 184 189 191 249 252 257 270 284 290 300 306 311 326 341 353 369 379 391 415 440 442 445 448 450 458 464 465 466 508 510 528 537 543 545 554 558 562 593 598 605 608 613 622 626 650 700 719 729 734 741 760 771 772 775 802 811 823 825 828 835 860 862 870 877 907 917 929 943 957 958 976 978 982 1024 1036 1039 1042 1056 1062 1068 1070 1077 1086 1089 1092 1096 1105 1107 1117 1123 1127 1137 1143 1158 1174 1183 1187 1199 1205 1222 1224 1237 1248 1254 1258 1262 1264 1296 1308 1311 1314 1316 1318 1323 1334 1338 1339 1361 1363 1375 1384 1403 1404 1412 1419 1422 1423 1429 1436 1448 1469 1483 1490 1509 1529 1544 1565 1568 1582 1616 1622 1643 1645 1647 1652 1660 1673 1718 1726 1734 1738 1752 1756 1765 1787 1793 1797 1808 1809 1812 1815 1839 1845 1853 1854 1878 1882 1900 1962 1963 1967 1983 1986 1989 2005 2014 2018 2023 2027 2037 2045 2046 2057 2063 2076 2083
2,96,CG-MOACO,area_s5_t300,0.25608614232209737,1707.120602655711,1.3266499161421599,1 5 9 14 31 47 55 78 80 83 86 98 102 106 114 132 137 157 175 176 200 215 219 220 230 235 242 252 257 265 277 278 284 286 292 307 308 317 334 336 348 370 378 391 440 449 450 458 464 465 475 509 510 528 532 554 559 562 578 580 589 591 593 613 615 622 641 648 650 654 676 681 700 708 731 734 741 760 765 771 773 775 776 790 802 808 836 862 867 868 877 910 911 917 928 929 941 947 955 957 958 978 980 994 999 1001 1017 1027 1036 1039 1055 1062 1077 1089 1105 1126 1133 1137 1139 1143 1151 1175 1183 1187 1199 1202 1222 1237 1260 1264 1266 1274 1280 1292 1297 1318 1339 1370 1375 1378 1384 1394 1403 1412 1419 1422 1423 1424 1434 1435 1437 1440 1441 1455 1495 1506 1520 1541 1544 1553 1565 1580 1616 1618 1642 1645 1649 1652 1654 1658 1718 1720 1734 1747 1756 1775 1787 1793 1797 1808 1811 1812 1823 1854 1866 1882 1888 1896 1901 1922 1937 1951 1954 1963 1983 1986 2008 2014 2017 2018 2023 2037 2045 2058 2061 2063 2073 2076 2083
2,97,CG-MOACO,area_s5_t300,0.27902621722846443,1680.4797465255597,0.4898979485566356,1 9 26 31 55 76 80 86 98 102 105 106 119 137 143 156 165 167 173 175 176 178 180 188 189 252 260 270 273 284 285 289 292 317 334 350 356 370 379 393 437 449 450 452 458 465 475 525 528 530 532 540 545 562 583 593 607 613 626 629 637 640 654 678 700 708 716 734 740 749 750 760 766 773 776 790 797 802 806 820 825 831 862 868 870 910 911 917 929 941 947 957 960 968 978 982 994 1016 1020 1024 1039 1056 1060 1064 1070 1086 1089 1091 1104 1126 1137 1139 1143 1158 1175 1187 1199 1202 1205 1222 1228 1234 1260 1262 1264 1268 1297 1304 1314 1318 1323 1327 1334 1336 1338 1339 1384 1391 1395 1403 1404 1412 1419 1423 1435 1441 1454 1458 1469 1470 1482 1496 1503 1527 1529 1544 1565 1606 1643 1645 1652 1654 1660 1687 1708 1718 1726 1738 1747 1756 1765 1769 1787 1792 1793 1797 1808 1811 1819 1820 1842 1882 1888 1937 1963 1980 1983 1986 1991 2006 2008 2018 2023 2026 2037 2045 2046 2047 2049 2058 2063 2083
2,98,CG-MOACO,area_s5_t300,0.2626404494382022,1695.935291097346,2.7856776554368237,1 9 19 26 31 38 42 47 55 67 80 83 91 98 102 114 132 137 144 148 153 156 174 175 176 178 188 190 200 231 252 257 265 270 283 285 292 307 310 334 344 362 379 393 403 449 450 458 461 465 475 527 528 532 537 562 563 580 589 591 593 605 615 616 626 629 648 700 708 712 734 740 745 760 762 771 773 775 776 790 802 806 812 814 825 831 862 868 879 892 900 903 910 911 915 917 929 941 946 957 967 978 982 994 1028 1032 1034 1036 1039 1052 1056 1062 1064 1068 1073 1104 1105 1127 1143 1162 1164 1173 1187 1199 1202 1204 1215 1223 1237 1239 1257 1262 1264 1274 1279 1296 1310 1314 1318 1330 1334 1338 1339 1375 1378 1383 1385 1395 1399 1404 1412 1415 1419 1423 1435 1440 1446 1449 1469 1483 1490 1524 1529 1544 1559 1565 1571 1614 1615 1645 1652 1708 1756 1765 1769 1773 1775 1793 1797 1808 1813 1827 1833 1839 1842 1854 1867 1882 1901 1922 1945 1954 1963 1965 1967 1983 1989 1999 2006 2008 2023 2027 2029 2037 2046 2057 2063 2076 2083
2,99,CG-MOACO,area_s5_t300,0.30524344569288386,1605.3166304967995,3.0983866769659336,9 13 19 26 38 40 42 47 76 102 106 109 114 143 156 157 167 175 178 180 182 191 219 247 252 260 265 270 278 307 311 317 334 336 379 393 415 420 429 449 450 458 461 465 475 479 499 514 527 528 537 544 562 583 589 593 613 626 627 629 648 675 700 708 734 741 745 771 775 776 802 812 814 829 853 862 877 879 884 901 910 917 929 941 943 955 971 978 1017 1018 1024 1032 1060 1064 1068 1077 1105 1117 1126 1129 1143 1151 1164 1173 1187 1189 1199 1202 1203 1221 1223 1243 1257 1264 1280 1281 1296 1310 1314 1318 1323 1328 1334 1338 1339 1340 1361 1370 1375 1376 1384 1394 1403 1412 1419 1422 1423 1434 1435 1440 1448 1469 1480 1482 1490 1503 1524 1528 1529 1561 1565 1571 1599 1622 1645 1648 1652 1656 1660 1673 1726 1734 1738 1756 1765 1787 1797 1804 1806 1808 1809 1812 1823 1836 1839 1854 1860 1866 1882 1889 1900 1937 1959 1962 1963 1965 1967 1983 2008 2023 2045 2057 2063 2076 2080
3,0,CG-MOACO,area_s5_t300,0.42462546816479396,1454.5787331978875,2.1540659228538015,1 5 18 26 31 59 72 79 80 86 98 144 150 151 157 165 175 176 189 204 220 228 231 240 252 257 268 276 277 290 307 317 322 369 379 396 424 427 450 453 455 465 468 502 506 532 537 545 547 554 580 609 613 621 626 671 675 691 700 723 747 766 776 800 802 808 825 832 846 868 875 878 891 892 894 896 907 911 935 941 957 977 987 1004 1016 1036 1060 1070 1105 1117 1127 1143 1153 1154 1158 1163 1187 1190 1198 1204 1236 1279 1310 1323 1334 1336 1352 1357 1361 1364 1422 1423 1434 1441 1446 1454 1473 1480 1484 1490 1495 1539 1544 1554 1562 1566 1575 1588 1591 1608 1643 1645 1652 1667 1677 1701 1709 1747 1749 1757 1787 1797 1802 1809 1812 1829 1849 1851 1860 1867 1882 1893 1912 1921 1961 2001 2024 2027 2032 2058 2063 2082 2083
3,1,CG-MOACO,area_s5_t300,0.3792134831460674,1508.2620258891725,1.624807680927192,1 5 27 31 39 67 79 80 85 99 102 107 112 114 123 137 169 175 180 181 189 195 222 235 252 261 263 277 285 306 308 319 351 362 369 412 415 426 429 437 449 458 483 509 533 553 562 575 578 580 583 589 594 605 626 648 654 700 719 734 741 753 771 772 776 802 813 815 826 868 875 883 889 910 929 936 941 948 952 967 972 980 994 996 1009 1012 1024 1029 1034 1041 1059 1060 1070 1079 1086 1108 1122 1123 1129 1137 1143 1187 1197 1199 1223 1234 1237 1254 1256 1259 1264 1280 1295 1323 1342 1350 1370 1403 1406 1407 1412 1430 1435 1454 1458 1470 1478 1480 1496 1506 1524 1541 1544 1565 1568 1576 1580 1583 1584 1590 1625 1629 1645 1700 1708 1710 1711 1723 1732 1744 1746 1747 1749 1751 1787 1797 1802 1805 1815 1823 1830 1869 1871 1873 1889 1940 1947 1952 1963 1989 2006 2012 2024 2030 2057 2065 2070 2082
3,2,CG-MOACO,area_s5_t300,0.40074906367041196,1472.8882927760924,1.6733200530681511,9 13 19 26 48 55 64 79 80 88 108 110 129 136 137 175 176 180 189 200 223 228 231 257 275 284 306 317 338 367 379 399 449 450 469 475 487 504 508 518 528 547 562 578 579 591 593 598 605 610 653 693 700 709 716 719 734 740 747 771 802 806 812 828 836 853 868 910 925 929 941 948 966 972 977 982 984 987 1013 1022 1024 1036 1041 1062 1065 1087 1091 1105 1117 1127 1132 1139 1141 1143 1158 1187 1202 1204 1244 1256 1264 1279 1282 1283 1294 1295 1299 1300 1318 1320 1335 1339 1370 1372 1383 1394 1398 1403 1426 1458 1460 1480 1483 1488 1499 1524 1529 1544 1564 1584 1603 1637 1645 1648 1652 1657 1673 1678 1680 1711 1718 1720 1734 1737 1747 1749 1756 1784 1791 1827 1828 1842 1849 1857 1869 1882 1885 1896 1922 1923 1984 2006 2013 2018 2023 2024 2038 2055 2063 2070
3,3,CG-MOACO,area_s5_t300,0.40074906367041196,1432.550582594053,3.006659275674582,5 9 33 55 80 85 87 97 105 137 164 175 176 182 196 200 206 208 216 218 230 252 256 277 300 307 332 334 353 358 364 370 379 415 439 450 456 465 477 496 508 523 525 533 547 588 593 612 625 651 680 692 700 735 751 760 770 771 782 790 807 811 827 839 862 868 872 879 905 911 913 948 951 957 964 965 967 1001 1016 1024 1028 1039 1042 1060 1064 1071 1105 1139 1140 1151 1156 1162 1164 1173 1199 1219 1224 1230 1237 1256 1264 1268 1278 1290 1319 1365 1370 1383 1394 1398 1401 1402 1403 1406 1412 1434 1438 1487 1496 1517 1520 1526 1536 1577 1578 1599 1609 1636 1645 1652 1659 1674 1677 1718 1727 1734 1753 1756 1779 1787 1792 1793 1797 1823 1829 1830 1839 1840 1842 1845 1858 1862 1864 1881 1887 1921 1954 1963 1965 1984 1999 2018 2023 2037 2045 2058 2063 2083
3,4,CG-MOACO,area_s5_t300,0.39138576779026213,1449.0254664400186,2.449489742783178,9 22 31 47 76 78 83 89 98 108 109 117 122 129 137 148 165 175 176 180 196 199 202 213 222 238 252 257 261 269 285 308 310 317 356 369 414 450 452 465 472 481 486 503 519 529 562 594 602 629 644 659 668 687 705 708 711 719 740 745 760 775 796 806 812 829 831 835 862 868 871 879 887 894 910 911 938 946 960 965 978 982 1016 1024 1028 1032 1049 1056 1064 1068 1081 1085 1105 1143 1162 1164 1173 1203 1223 1230 1262 1264 1268 1275 1278 1294 1296 1300 1313 1327 1338 1339 1353 1384 1389 1394 1395 1398 1403 1419 1422 1424 1440 1448 1470 1524 1527 1529 1552 1562 1579 1589 1602 1615 1617 1652 1654 1673 1726 1735 1739 1747 1755 1768 1769 1795 1808 1814 1823 1840 1853 1860 1878 1882 1885 1890 1891 1901 1924 1959 1965 1983 1995 2006 2007 2012 2023 2034 2064 2078
3,5,CG-MOACO,area_s5_t300,0.36891385767790263,1526.2687982223918,1.4966629547095767,1 17 20 68 80 86 129 132 143 144 149 152 153 165 173 175 182 184 189 190 205 210 221 247 252 257 269 273 276 306 311 356 366 369 395 415 450 465 471 479 483 486 496 497 500 509 553 558 562 579 582 593 609 626 638 654 671 711 716 719 726 731 735 748 760 772 776 790 794 808 859 868 911 914 929 935 978 980 994 1001 1009 1016 1024 1042 1055 1077 1084 1089 1093 1116 1127 1137 1150 1154 1158 1174 1183 1187 1199 1201 1204 1222 1230 1258 1262 1280 1289 1297 1324 1327 1339 1342 1356 1361 1363 1367 1370 1374 1377 1385 1395 1411 1414 1419 1429 1446 1448 1470 1482 1486 1495 1532 1544 1556 1584 1589 1627 1645 1652 1654 1673 1683 1684 1700 1705 1707 1710 1718 1721 1735 1747 1755 1765 1787 1793 1797 1808 1809 1819 1855 1872 1882 1899 1940 1959 1963 1964 1976 1983 1997 1999 2008 2041 2052 2063 2067 2083
3,6,CG-MOACO,area_s5_t300,0.3651685393258427,1521.4410742264001,3.63318042491699,1 5 9 24 31 60 69 78 80 89 102 106 137 156 165 166 175 176 181 189 199 204 207 215 222 230 252 260 262 272 277 284 286 289 292 334 350 354 371 385 436 440 449 452 472 474 510 528 532 547 560 562 564 566 590 594 602 613 654 671 687 696 700 708 717 719 720 734 760 762 766 776 783 804 806 829 831 860 871 873 879 907 911 921 929 936 945 947 957 965 994 1020 1036 1041 1056 1060 1064 1070 1082 1105 1139 1143 1146 1157 1162 1202 1223 1225 1234 1262 1263 1278 1319 1332 1336 1340 1351 1393 1410 1429 1434 1435 1445 1446 1453 1482 1487 1511 1517 1525 1550 1556 1562 1565 1578 1584 1608 1627 1642 1645 1675 1676 1705 1711 1714 1726 1733 1735 1744 1750 1756 1766 1780 1787 1792 1793 1797 1802 1808 1815 1819 1823 1842 1860 1882 1888 1928 1929 1932 1983 1999 2006 2008 2033 2045 2049 2053 2057 2064 2073
3,7,CG-MOACO,area_s5_t300,0.38295880149812733,1506.038987313656,1.9390719429665317,9 18 43 55 80 97 105 115 117 125 135 137 141 151 164 176 180 182 185 189 215 245 268 273 277 285 306 335 358 369 370 377 378 390 393 415 443 450 465 475 497 503 509 527 546 550 559 578 586 593 607 611 615 648 650 657 667 700 708 714 728 734 740 745 775 790 802 833 860 862 894 902 908 911 913 917 936 941 949 957 968 978 980 991 998 1008 1036 1039 1062 1091 1105 1107 1125 1126 1133 1139 1143 1151 1152 1160 1183 1198 1223 1229 1244 1256 1262 1274 1276 1296 1353 1359 1370 1374 1384 1398 1402 1423 1441 1445 1449 1457 1469 1475 1480 1483 1499 1510 1544 1553 1556 1564 1584 1594 1602 1615 1645 1652 1654 1673 1697 1701 1708 1709 1718 1721 1743 1750 1788 1797 1817 1823 1831 1836 1842 1847 1882 1923 1937 1960 1963 1965 1983 1986 1991 1995 2003 2021 2023 2025 2038 2047 2057 2063
3,8,CG-MOACO,area_s5_t300,0.3848314606741573,1504.2273309186967,1.5999999999999999,1 47 69 80 86 89 98 112 124 137 141 150 170 175 179 182 186 200 215 219 220 222 252 257 261 276 286 288 307 317 334 354 370 403 404 424 440 450 465 468 508 537 541 574 579 601 609 613 615 616 644 652 680 700 701 712 715 716 734 765 771 773 790 803 812 815 828 831 857 888 894 902 910 911 913 929 954 957 975 990 995 1017 1028 1032 1049 1060 1064 1070 1076 1089 1105 1143 1145 1158 1163 1167 1170 1184 1191 1213 1224 1244 1261 1264 1289 1294 1297 1300 1308 1359 1363 1367 1370 1384 1393 1394 1400 1409 1422 1428 1429 1440 1463 1480 1490 1496 1518 1520 1535 1544 1562 1575 1584 1594 1617 1636 1652 1676 1691 1700 1709 1716 1718 1721 1736 1738 1750 1782 1787 1797 1805 1808 1831 1839 1854 1856 1859 1888 1900 1902 1941 1966 1973 1983 1996 2001 2003 2008 2009 2021 2038 2046 2058 2063
3,9,CG-MOACO,area_s5_t300,0.40402621722846443,1447.933083065279,2.1908902300206643,1 20 26 31 38 67 71 80 119 122 123 144 157 166 175 186 197 204 220 247 252 256 259 273 285 289 317 328 334 391 404 411 415 427 429 450 458 465 468 506 509 510 562 593 598 602 611 613 626 644 650 654 663 695 700 708 717 719 724 734 753 760 771 776 786 790 802 807 808 836 871 878 885 894 913 914 925 929 939 957 976 978 993 1002 1027 1034 1052 1059 1060 1089 1126 1158 1166 1171 1175 1198 1212 1229 1234 1244 1264 1269 1279 1296 1304 1307 1334 1339 1352 1360 1361 1369 1376 1397 1404 1419 1423 1425 1439 1456 1458 1469 1480 1529 1544 1554 1562 1576 1602 1603 1623 1643 1645 1648 1652 1670 1673 1718 1719 1723 1734 1738 1742 1779 1787 1797 1803 1805 1821 1829 1839 1866 1905 1907 1924 1926 1941 1944 1946 1959 2001 2003 2006 2013 2014 2025 2037 2045 2057 2063
3,10,CG-MOACO,area_s5_t300,0.38389513108614237,1509.1864803815508,1.2649110640673518,1 22 38 43 76 80 97 102 108 137 140 144 155 165 169 175 176 178 182 187 189 200 214 218 235 237 245 252 257 261 284 300 313 334 335 343 396 426 430 441 445 449 499 528 541 554 562 580 593 602 605 608 615 649 729 734 741 743 750 768 771 776 783 784 791 793 802 804 815 825 868 875 877 885 889 897 903 905 910 911 929 935 955 957 975 979 982 1039 1042 1062 1070 1093 1097 1116 1127 1131 1143 1152 1158 1173 1187 1188 1202 1203 1242 1268 1278 1288 1299 1304 1310 1318 1334 1339 1365 1367 1383 1395 1398 1404 1406 1412 1418 1423 1426 1435 1454 1480 1496 1529 1532 1537 1539 1544 1575 1608 1627 1637 1645 1652 1659 1660 1664 1672 1680 1690 1711 1738 1747 1751 1753 1756 1766 1787 1790 1792 1797 1806 1808 1812 1845 1873 1901 1924 1953 1964 1976 1984 1991 2027 2028 2045 2058 2064 2083
3,11,CG-MOACO,area_s5_t300,0.39138576779026213,1482.1342156941569,1.8330302779823362,1 5 9 14 18 20 31 41 56 78 80 96 144 151 156 162 165 171 175 176 215 252 257 277 278 299 308 349 355 356 371 395 415 420 449 450 465 480 497 506 508 528 559 565 571 577 601 612 615 617 644 650 654 676 700 708 716 719 728 734 740 750 775 802 806 821 826 849 856 860 897 899 902 910 911 915 927 935 941 949 954 957 960 963 966 973 978 999 1016 1060 1070 1085 1089 1105 1128 1137 1158 1163 1167 1183 1202 1212 1234 1270 1297 1302 1310 1318 1337 1339 1354 1361 1369 1373 1388 1404 1423 1427 1440 1448 1457 1495 1520 1524 1534 1539 1541 1562 1566 1574 1617 1621 1637 1643 1647 1659 1672 1684 1697 1710 1721 1744 1747 1756 1788 1797 1802 1808 1840 1842 1857 1859 1868 1896 1901 1907 1909 1919 1952 1959 1962 1979 1984 1997 2008 2025 2037 2063 2070 2082 2083
3,12,CG-MOACO,area_s5_t300,0.39372659176029967,1478.1267266715345,2.0,1 8 59 60 64 81 84 120 123 137 144 170 175 177 189 200 218 221 231 252 257 261 290 306 307 308 317 344 356 367 369 386 396 403 449 450 462 465 496 503 525 528 537 547 552 554 562 578 583 588 590 599 624 626 654 675 700 744 747 749 751 772 806 809 825 831 855 862 871 895 905 910 920 941 951 958 978 980 991 1022 1024 1027 1032 1041 1059 1060 1073 1081 1083 1089 1104 1105 1126 1128 1141 1143 1152 1187 1204 1223 1237 1244 1260 1262 1268 1308 1339 1343 1350 1352 1359 1376 1390 1400 1403 1411 1412 1414 1419 1422 1425 1433 1442 1445 1446 1483 1487 1523 1527 1535 1544 1584 1599 1606 1627 1645 1652 1658 1675 1688 1697 1709 1718 1726 1734 1739 1746 1747 1756 1768 1769 1797 1800 1802 1823 1836 1857 1867 1890 1946 1961 1983 1989 2009 2023 2024 2058 2063 2073 2082
3,13,CG-MOACO,area_s5_t300,0.4044943820224719,1456.457909180281,1.4696938456699067,9 26 31 47 55 59 78 80 96 100 102 106 114 119 124 170 175 181 189 198 200 212 220 247 252 261 310 315 325 326 337 356 371 383 394 411 415 450 458 465 509 525 533 541 547 552 554 555 562 578 585 593 608 615 626 654 685 705 716 718 719 748 772 776 796 802 806 815 821 830 846 862 873 910 917 948 1005 1008 1012 1016 1031 1033 1039 1055 1058 1072 1086 1105 1113 1118 1127 1129 1149 1155 1157 1167 1173 1181 1199 1202 1223 1234 1262 1264 1302 1318 1334 1335 1338 1339 1340 1354 1382 1383 1385 1400 1403 1405 1409 1422 1425 1462 1518 1519 1524 1529 1535 1567 1578 1581 1600 1639 1645 1652 1673 1687 1697 1700 1718 1720 1726 1734 1747 1755 1779 1787 1791 1797 1800 1823 1830 1840 1874 1900 1932 1962 1969 1984 1993 1999 2023 2031 2038 2057 2065 2083
3,14,CG-MOACO,area_s5_t300,0.3525280898876404,1553.395456476424,0.4898979485566356,1 26 29 36 39 41 56 59 79 80 98 124 137 143 144 156 162 165 171 175 182 189 218 249 257 261 284 285 306 317 338 356 359 360 369 398 415 416 429 431 445 465 484 490 528 540 559 562 564 565 579 593 606 609 618 626 627 654 656 675 700 708 729 735 736 740 745 748 766 787 802 809 841 853 859 860 862 875 892 913 916 934 939 944 960 977 983 998 1001 1013 1016 1024 1036 1041 1062 1086 1105 1117 1127 1139 1143 1164 1187 1191 1199 1221 1237 1244 1262 1264 1300 1318 1323 1333 1334 1339 1352 1361 1374 1384 1392 1412 1423 1427 1446 1449 1458 1480 1482 1489 1499 1524 1528 1529 1544 1549 1566 1571 1590 1607 1629 1645 1650 1652 1654 1660 1705 1710 1718 1719 1735 1747 1754 1757 1767 1788 1797 1800 1808 1819 1823 1842 1860 1871 1878 1882 1888 1918 1940 1946 1952 1963 1966 1983 1991 2007 2025 2027 2057 2063 2069 2071
3,15,CG-MOACO,area_s5_t300,0.35627340823970033,1517.3253592211106,3.9698866482558417,1 31 39 42 47 71 79 80 91 102 106 110 117 125 149 156 175 179 191 215 220 247 249 257 261 289 292 311 317 323 331 334 352 386 409 429 436 440 463 465 506 515 528 530 547 562 578 593 609 611 612 621 644 654 687 708 711 740 756 771 776 787 806 821 846 868 875 885 905 911 913 941 955 957 965 998 1001 1016 1024 1036 1039 1051 1062 1064 1102 1105 1109 1126 1133 1137 1143 1146 1151 1163 1170 1173 1187 1199 1202 1213 1239 1242 1257 1262 1264 1274 1280 1311 1314 1318 1339 1340 1353 1370 1376 1383 1394 1395 1398 1403 1406 1412 1419 1422 1440 1460 1469 1480 1487 1490 1499 1518 1520 1524 1529 1559 1566 1584 1585 1595 1614 1615 1645 1659 1672 1718 1726 1731 1747 1776 1787 1789 1792 1797 1804 1808 1823 1831 1840 1853 1860 1868 1877 1881 1901 1934 1940 1961 1963 1983 1991 2008 2034 2036 2037 2058 2064 2073 2083
3,16,CG-MOACO,area_s5_t300,0.36610486891385763,1516.7955730764872,2.7129319932501077,1 9 18 21 31 42 61 71 77 79 80 96 102 106 108 132 141 155 165 169 174 175 189 190 200 209 219 245 247 252 257 260 272 277 292 308 317 334 343 372 415 420 429 440 445 450 465 475 481 502 517 537 544 554 555 562 565 566 593 598 613 626 642 705 708 731 734 744 760 771 775 776 787 790 796 802 812 841 847 860 896 910 911 916 929 941 953 972 1016 1023 1038 1042 1045 1059 1061 1077 1084 1091 1098 1102 1106 1114 1135 1143 1199 1202 1222 1225 1231 1254 1274 1280 1295 1298 1308 1318 1336 1343 1344 1384 1403 1411 1418 1424 1425 1435 1469 1482 1488 1490 1495 1535 1550 1554 1565 1576 1579 1584 1590 1602 1603 1645 1652 1674 1697 1705 1708 1718 1734 1743 1747 1756 1779 1785 1787 1792 1840 1851 1853 1884 1888 1957 1961 1963 1968 1979 1983 1986 1991 2005 2009 2016 2023 2045 2049 2058 2063 2082 2083
3,17,CG-MOACO,area_s5_t300,0.37734082397003743,1519.5019001596702,1.7888543819998317,5 9 31 34 40 41 54 55 62 66 109 112 127 137 144 156 170 175 176 194 198 200 210 218 220 227 252 259 261 277 285 288 306 307 317 327 395 398 429 432 458 465 486 503 530 537 544 547 559 562 574 578 580 583 591 599 600 615 626 654 668 677 685 725 741 743 771 786 790 802 819 853 892 910 917 925 929 935 944 975 977 982 996 1012 1036 1039 1062 1070 1089 1097 1123 1128 1139 1143 1158 1163 1168 1171 1187 1205 1213 1222 1224 1237 1244 1261 1264 1280 1296 1300 1304 1306 1339 1361 1372 1376 1385 1393 1404 1419 1434 1435 1449 1461 1469 1480 1482 1517 1526 1535 1544 1551 1561 1581 1594 1603 1606 1614 1615 1617 1652 1670 1672 1685 1697 1718 1734 1738 1739 1745 1747 1756 1795 1802 1808 1813 1842 1851 1867 1868 1882 1897 1901 1924 1931 1965 1983 1994 2006 2017 2028 2046 2058 2063 2082
3,18,CG-MOACO,area_s5_t300,0.398876404494382,1471.0720941836505,2.0591260281974,1 4 9 31 39 47 79 80 105 121 137 141 151 175 180 181 214 221 241 252 265 269 277 284 285 290 292 306 317 338 341 360 369 379 391 413 424 432 440 443 450 461 465 469 502 503 524 542 554 561 562 586 593 602 607 615 619 680 708 723 730 741 744 771 773 820 885 887 894 927 938 954 957 976 978 1009 1016 1028 1033 1035 1039 1042 1055 1062 1065 1067 1083 1089 1105 1127 1143 1152 1162 1187 1199 1201 1203 1230 1241 1262 1264 1269 1292 1302 1304 1310 1323 1334 1336 1343 1345 1354 1367 1384 1404 1411 1412 1419 1422 1423 1424 1428 1440 1539 1544 1574 1590 1615 1633 1639 1641 1645 1653 1659 1672 1723 1732 1735 1740 1763 1775 1780 1787 1805 1815 1829 1833 1839 1840 1871 1873 1877 1907 1912 1922 1947 1954 1967 1983 1991 1996 2014 2023 2027 2038 2058 2063 2078
3,19,CG-MOACO,area_s5_t300,0.37031835205992514,1527.173204499391,1.4696938456699067,17 24 40 47 56 60 80 85 87 110 135 175 180 182 206 219 222 247 248 251 252 255 278 285 288 289 296 332 334 379 386 391 394 429 450 452 458 465 466 486 508 537 542 544 547 558 560 562 578 582 607 609 612 626 652 681 700 711 716 734 740 760 771 782 808 826 828 860 877 879 881 908 910 911 912 925 929 935 940 941 951 966 967 982 1016 1024 1035 1036 1055 1060 1079 1117 1127 1139 1141 1143 1152 1161 1172 1187 1199 1203 1223 1236 1253 1260 1262 1268 1276 1279 1320 1343 1361 1369 1370 1384 1394 1395 1405 1409 1412 1426 1429 1433 1434 1435 1440 1441 1448 1483 1517 1519 1534 1544 1559 1584 1606 1608 1632 1645 1656 1658 1689 1718 1724 1733 1735 1747 1765 1787 1792 1793 1818 1823 1840 1845 1860 1867 1879 1882 1918 1953 1960 1983 1991 1993 1999 2005 2021 2023 2027 2045 2053 2058 2074 2083
3,20,CG-MOACO,area_s5_t300,0.35486891385767794,1535.8259760828598,2.4819347291981715,1 9 14 19 31 38 40 45 47 54 55 57 80 87 102 106 132 137 175 176 178 179 189 201 204 235 240 252 255 261 263 270 285 330 334 348 356 358 412 420 429 440 450 456 458 465 467 474 497 506 508 510 537 544 554 562 578 598 622 626 631 638 640 654 685 708 723 724 728 750 786 796 802 860 862 879 908 910 911 929 938 941 944 951 953 958 966 972 978 980 1004 1012 1017 1018 1028 1035 1037 1062 1096 1143 1157 1161 1187 1221 1223 1228 1230 1237 1243 1259 1264 1280 1302 1316 1318 1323 1336 1339 1361 1384 1398 1403 1404 1411 1412 1414 1415 1422 1427 1434 1435 1448 1529 1535 1552 1554 1557 1588 1606 1609 1617 1652 1718 1720 1732 1747 1756 1763 1765 1781 1787 1793 1808 1815 1840 1852 1866 1867 1878 1881 1909 1919 1922 1923 1928 1932 1963 1966 1983 1991 2006 2008 2009 2023 2024 2037 2041 2045 2046 2057 2064
3,21,CG-MOACO,area_s5_t300,0.37874531835205993,1500.3531717245314,3.847076812334269,1 13 26 38 48 60 71 80 98 102 106 137 144 147 156 161 167 175 176 182 184 190 204 215 218 252 257 261 270 276 284 300 307 311 317 336 353 359 369 391 417 424 450 465 466 472 504 506 508 522 528 530 558 562 585 588 593 605 611 612 659 682 693 700 716 735 738 760 771 783 795 802 808 836 847 860 875 941 943 954 957 960 978 1001 1017 1019 1028 1036 1060 1086 1091 1105 1123 1127 1143 1157 1160 1190 1204 1223 1227 1244 1265 1280 1292 1300 1319 1331 1336 1339 1354 1362 1392 1422 1423 1436 1440 1457 1467 1480 1482 1492 1494 1524 1529 1531 1544 1562 1590 1600 1602 1615 1622 1643 1645 1649 1652 1718 1726 1734 1742 1756 1776 1787 1792 1793 1797 1802 1808 1831 1839 1860 1867 1891 1901 1918 1924 1934 1939 1963 1964 1967 1983 1996 2006 2009 2014 2016 2018 2037 2039 2043 2058 2063 2082
3,22,CG-MOACO,area_s5_t300,0.3370786516853933,1583.5276179077703,1.019803902718557,1 31 47 55 59 61 80 89 98 121 144 151 156 175 176 183 218 240 251 252 269 270 285 290 291 292 300 306 308 316 326 353 359 369 379 391 407 415 429 440 442 449 464 465 467 484 496 509 516 523 548 562 578 580 592 602 626 648 654 656 671 674 700 719 726 734 740 750 760 775 776 790 802 811 829 868 872 875 878 910 911 929 942 944 957 965 978 1001 1007 1016 1024 1036 1039 1041 1062 1105 1123 1127 1137 1139 1143 1158 1162 1179 1187 1199 1204 1223 1224 1230 1237 1242 1259 1262 1264 1291 1318 1323 1335 1339 1361 1376 1378 1385 1387 1400 1404 1412 1416 1419 1422 1430 1434 1440 1446 1448 1449 1453 1469 1482 1495 1524 1526 1544 1556 1571 1599 1618 1645 1648 1652 1660 1676 1697 1717 1722 1734 1747 1756 1779 1781 1787 1791 1797 1802 1809 1830 1861 1870 1888 1900 1909 1928 1932 1937 1953 1957 1959 1963 1983 1986 2005 2012 2023 2045 2058 2064
3,23,CG-MOACO,area_s5_t300,0.3679775280898876,1544.919016224081,1.4966629547095767,5 18 41 43 45 47 55 78 80 86 101 105 111 137 151 175 182 189 227 236 252 256 263 277 292 308 311 316 332 335 338 344 370 379 383 386 404 424 427 440 450 453 465 497 516 532 537 550 562 566 578 593 602 613 626 648 655 659 678 700 734 741 750 760 770 771 773 775 790 806 812 825 853 868 920 926 929 938 957 960 965 967 982 991 994 1016 1024 1026 1029 1039 1041 1060 1064 1070 1097 1105 1110 1127 1137 1143 1146 1151 1183 1199 1202 1205 1223 1253 1268 1272 1279 1287 1300 1304 1310 1318 1333 1334 1337 1339 1342 1360 1363 1376 1384 1399 1412 1419 1422 1423 1428 1437 1446 1448 1480 1544 1554 1601 1610 1615 1644 1645 1652 1653 1673 1721 1725 1732 1747 1756 1775 1777 1783 1787 1797 1820 1823 1829 1835 1845 1851 1882 1889 1954 1960 1963 1966 1983 1991 1996 2012 2023 2025 2038 2057 2080 2083
3,24,CG-MOACO,area_s5_t300,0.37593632958801493,1521.506470430133,1.019803902718557,1 5 31 80 137 149 164 175 176 180 189 194 196 200 201 222 252 257 261 270 277 284 299 303 306 308 310 317 331 356 358 371 376 378 413 426 430 439 450 464 465 485 489 496 508 528 530 545 562 570 598 602 615 618 640 646 650 670 676 699 700 708 731 734 757 760 790 802 804 808 812 825 840 841 846 850 862 892 903 926 929 936 941 943 949 953 954 957 958 977 1032 1060 1068 1070 1077 1083 1096 1105 1143 1153 1162 1186 1199 1202 1223 1237 1239 1274 1283 1297 1300 1308 1311 1315 1318 1336 1338 1339 1340 1346 1383 1387 1394 1409 1412 1413 1429 1432 1434 1463 1467 1482 1506 1554 1560 1566 1579 1584 1645 1652 1654 1658 1688 1697 1701 1702 1718 1735 1753 1756 1766 1787 1812 1823 1839 1840 1842 1854 1856 1882 1888 1900 1909 1916 1940 1954 1961 1963 1965 1979 1983 2023 2038 2044 2049 2058 2063
3,25,CG-MOACO,area_s5_t300,0.33333333333333337,1567.7403051546642,1.9595917942265424,31 55 78 80 83 86 90 101 102 106 118 137 142 143 174 175 176 189 196 215 220 252 261 278 286 292 299 308 317 319 334 344 371 372 385 390 403 415 420 429 440 452 456 465 467 475 486 488 497 514 528 539 545 562 578 593 613 653 658 708 719 726 734 741 749 760 771 772 775 776 790 796 805 812 833 853 868 878 879 903 929 949 951 957 978 991 1001 1012 1016 1024 1032 1043 1062 1064 1070 1105 1127 1139 1143 1153 1158 1175 1187 1199 1215 1222 1224 1230 1237 1239 1241 1262 1264 1268 1280 1314 1318 1333 1334 1338 1339 1361 1363 1370 1373 1384 1401 1403 1409 1412 1422 1423 1434 1447 1448 1454 1463 1506 1524 1529 1535 1540 1599 1614 1616 1645 1670 1672 1705 1718 1726 1735 1747 1756 1758 1759 1765 1787 1797 1805 1808 1815 1823 1831 1845 1849 1854 1860 1882 1888 1901 1924 1932 1937 1944 1946 1983 1989 2005 2014 2023 2045 2049 2058 2064 2082 2083
3,26,CG-MOACO,area_s5_t300,0.34925093632958804,1579.3150374662696,1.3564659966250538,1 17 24 26 31 43 47 60 78 80 89 136 143 150 175 176 189 215 227 246 251 252 257 265 277 284 317 331 334 337 344 370 377 379 399 400 404 415 449 450 456 464 465 472 481 483 500 509 519 536 565 578 590 593 602 605 608 613 638 658 663 685 700 705 708 719 724 740 755 760 771 806 840 846 868 888 910 925 929 936 957 960 978 980 1024 1026 1032 1036 1062 1064 1065 1070 1089 1104 1105 1107 1115 1117 1128 1137 1139 1143 1152 1161 1167 1183 1202 1223 1227 1234 1244 1262 1279 1305 1310 1323 1334 1339 1352 1359 1375 1379 1391 1403 1404 1416 1419 1423 1426 1434 1437 1467 1469 1483 1511 1524 1544 1562 1573 1574 1602 1604 1606 1617 1618 1648 1653 1672 1703 1708 1726 1734 1747 1749 1751 1755 1779 1785 1787 1809 1815 1818 1821 1831 1840 1842 1849 1853 1857 1867 1871 1882 1907 1928 1940 1945 1961 1983 1987 2027 2045 2063 2070
3,27,CG-MOACO,area_s5_t300,0.3693820224719101,1510.4112578090906,2.3151673805580453,1 20 34 38 80 90 102 106 117 123 125 137 142 143 144 154 167 175 176 182 188 189 190 215 257 259 263 270 276 278 284 286 288 306 317 369 371 416 450 457 465 486 496 504 508 542 544 547 558 560 562 578 588 594 612 615 616 621 638 640 641 654 659 675 700 734 740 771 802 826 859 868 877 879 885 889 897 900 910 929 941 955 980 1001 1016 1017 1019 1029 1037 1054 1070 1077 1086 1097 1123 1127 1139 1140 1143 1158 1170 1173 1187 1192 1221 1223 1228 1237 1256 1264 1273 1278 1318 1327 1336 1339 1361 1364 1373 1385 1398 1403 1412 1422 1435 1448 1456 1464 1486 1490 1499 1516 1529 1554 1570 1575 1577 1584 1599 1606 1617 1627 1643 1648 1671 1673 1674 1684 1691 1705 1718 1735 1747 1763 1765 1787 1803 1823 1831 1838 1912 1918 1928 1940 1952 1966 1983 1991 2023 2034 2045 2057 2063 2080 2082 2083
3,28,CG-MOACO,area_s5_t300,0.33895131086142327,1579.3969008761378,1.4696938456699067,1 14 17 31 36 61 67 80 90 98 102 106 119 122 137 162 165 166 174 175 178 189 191 206 215 239 244 249 257 285 289 292 317 319 334 335 349 356 371 379 415 440 458 465 471 475 497 528 533 552 554 558 562 571 593 605 609 612 628 629 650 676 692 700 719 741 760 769 772 776 778 790 802 806 812 814 825 836 853 868 903 910 920 929 940 949 956 957 964 980 1001 1009 1024 1032 1039 1053 1060 1065 1070 1097 1105 1137 1139 1141 1143 1150 1183 1199 1202 1222 1224 1237 1244 1268 1279 1303 1316 1319 1322 1336 1339 1346 1361 1384 1394 1401 1403 1405 1412 1419 1420 1423 1432 1434 1435 1483 1484 1526 1528 1529 1532 1544 1573 1580 1584 1590 1645 1649 1652 1654 1670 1673 1697 1701 1708 1718 1747 1751 1755 1766 1782 1787 1793 1797 1805 1808 1833 1855 1871 1882 1889 1900 1909 1940 1963 1976 1980 1983 1988 2008 2018 2036 2045 2046 2055 2063
3,29,CG-MOACO,area_s5_t300,0.31226591760299627,1651.0061568092267,0.0,1 15 32 47 79 80 83 99 132 137 142 149 150 154 157 175 176 182 188 189 231 251 252 257 261 264 265 270 272 276 285 317 334 337 358 378 391 398 411 415 424 442 450 452 461 469 488 506 537 555 558 580 593 602 612 621 626 632 638 650 654 658 676 700 708 719 723 735 739 741 760 763 771 776 783 790 802 825 846 853 862 868 873 885 905 907 910 921 929 954 957 958 992 1001 1016 1018 1024 1036 1039 1057 1062 1089 1105 1127 1129 1133 1137 1143 1151 1158 1187 1202 1223 1227 1234 1237 1244 1260 1262 1264 1276 1293 1304 1314 1318 1323 1334 1339 1355 1360 1361 1364 1367 1370 1372 1375 1376 1384 1398 1403 1412 1419 1423 1434 1435 1448 1490 1529 1535 1544 1565 1582 1599 1606 1645 1652 1658 1678 1690 1708 1711 1718 1726 1734 1751 1755 1764 1777 1797 1808 1814 1823 1829 1839 1845 1849 1868 1877 1882 1888 1894 1909 1922 1940 1967 1983 2001 2016 2018 2023 2037 2045 2058 2061 2063
3,30,CG-MOACO,area_s5_t300,0.33239700374531833,1562.468938160727,2.4166091947189146,9 17 31 47 79 80 102 105 106 108 115 122 137 151 165 175 176 179 181 185 219 252 261 277 280 290 292 306 311 316 328 335 358 369 370 393 415 420 424 440 450 452 464 465 479 504 507 508 528 539 545 562 566 583 594 615 626 629 638 651 693 700 716 719 734 747 760 771 775 790 802 812 815 825 826 847 868 885 902 910 911 926 929 944 957 960 980 991 999 1001 1012 1020 1021 1026 1036 1039 1062 1064 1068 1078 1086 1091 1097 1123 1127 1137 1140 1143 1150 1158 1166 1175 1183 1184 1199 1222 1261 1280 1293 1313 1318 1323 1328 1336 1339 1378 1384 1393 1400 1419 1423 1440 1445 1457 1470 1482 1520 1527 1531 1539 1554 1584 1587 1602 1615 1629 1636 1645 1649 1654 1672 1702 1703 1708 1718 1726 1747 1749 1756 1765 1777 1787 1797 1812 1815 1823 1831 1842 1854 1860 1865 1869 1882 1888 1909 1922 1923 1928 1932 1940 1959 1983 1993 2038 2058 2063 2083
3,31,CG-MOACO,area_s5_t300,0.35767790262172283,1532.0457164831007,2.7129319932501077,1 9 33 43 71 78 80 105 114 141 148 152 157 166 174 175 182 184 187 191 194 207 227 230 247 252 258 260 270 276 307 310 312 317 325 334 348 367 378 415 424 432 440 450 465 472 485 490 527 528 536 562 578 583 593 607 611 620 637 654 692 716 734 741 760 770 771 772 786 790 803 804 806 809 853 862 868 875 892 913 919 920 926 941 952 957 977 980 994 1024 1027 1032 1034 1036 1039 1041 1060 1076 1105 1115 1126 1129 1137 1143 1190 1202 1223 1234 1237 1241 1243 1262 1265 1278 1293 1300 1310 1318 1323 1334 1339 1359 1367 1370 1372 1385 1386 1394 1412 1422 1423 1430 1440 1490 1496 1518 1524 1536 1544 1559 1584 1599 1608 1616 1642 1645 1647 1655 1673 1697 1710 1719 1735 1747 1751 1756 1766 1775 1793 1797 1802 1809 1823 1833 1851 1873 1909 1912 1924 1931 1937 1963 1983 2011 2030 2044 2049 2057 2063
3,32,CG-MOACO,area_s5_t300,0.35908239700374533,1538.9295210936925,1.5999999999999999,1 9 31 41 47 60 79 80 98 102 137 156 165 167 172 175 176 178 181 188 189 237 252 257 261 272 311 312 317 334 337 356 362 366 371 386 391 410 442 449 450 465 472 481 495 500 504 508 525 531 541 543 554 562 590 593 602 605 612 650 671 685 687 700 716 734 740 760 772 789 790 795 808 811 831 855 862 868 879 886 902 911 917 935 944 957 966 968 977 1024 1032 1036 1042 1049 1062 1070 1124 1127 1143 1145 1158 1187 1190 1191 1199 1202 1222 1236 1237 1244 1262 1264 1268 1294 1297 1310 1318 1333 1339 1363 1373 1375 1386 1398 1401 1403 1404 1412 1419 1422 1423 1434 1448 1453 1469 1483 1487 1509 1511 1520 1530 1571 1582 1625 1643 1645 1659 1677 1708 1744 1747 1756 1768 1779 1787 1797 1831 1836 1845 1857 1868 1881 1921 1923 1940 1944 1959 1961 1966 1980 1984 1991 2005 2008 2023 2028 2038 2046 2063
3,33,CG-MOACO,area_s5_t300,0.35627340823970033,1546.7008215015042,0.9797958971132712,26 79 80 88 96 113 129 137 148 165 171 172 175 176 180 182 188 189 196 200 215 220 252 257 261 270 273 276 284 285 311 334 356 377 403 415 450 458 465 467 472 475 504 508 530 533 535 552 562 580 585 593 612 643 651 654 658 700 705 708 711 716 719 728 749 783 802 804 806 810 821 837 858 862 868 871 890 911 913 929 941 958 960 978 984 993 1012 1016 1024 1036 1064 1070 1084 1085 1086 1087 1091 1117 1127 1131 1152 1173 1187 1188 1202 1204 1212 1223 1230 1259 1262 1264 1268 1278 1297 1300 1318 1333 1339 1359 1361 1370 1375 1383 1385 1403 1409 1410 1419 1434 1435 1461 1482 1486 1506 1529 1562 1565 1578 1584 1609 1639 1645 1652 1654 1660 1697 1713 1718 1731 1747 1756 1765 1789 1793 1797 1808 1815 1823 1849 1854 1867 1878 1882 1884 1892 1900 1952 1966 1983 1986 1997 2006 2018 2023 2029 2037 2057 2063 2076 2083
3,34,CG-MOACO,area_s5_t300,0.33473782771535576,1556.283432643063,2.6076809620810595,9 31 59 61 78 80 106 125 129 137 152 169 175 176 178 189 196 207 215 220 230 244 252 256 259 264 270 272 278 292 297 306 311 317 371 395 398 440 458 497 509 519 525 528 532 560 562 578 591 593 602 605 613 617 648 656 719 726 734 740 747 750 760 767 771 772 776 796 802 806 825 827 831 868 875 878 900 907 910 911 913 917 925 929 941 949 956 967 978 980 1018 1024 1032 1039 1049 1062 1064 1073 1105 1108 1127 1137 1143 1151 1155 1158 1162 1168 1173 1187 1199 1202 1237 1239 1262 1264 1279 1289 1292 1299 1308 1318 1323 1370 1374 1387 1394 1410 1412 1416 1424 1434 1435 1437 1448 1469 1483 1527 1537 1544 1554 1600 1606 1616 1621 1637 1645 1652 1655 1659 1660 1672 1676 1678 1683 1709 1711 1718 1731 1750 1752 1756 1765 1781 1787 1797 1802 1808 1813 1819 1823 1840 1881 1900 1909 1928 1944 1963 1965 1983 1986 2023 2038 2058 2063
3,35,CG-MOACO,area_s5_t300,0.3286516853932584,1564.0097431553631,3.9293765408777004,1 9 20 22 41 47 59 80 96 102 106 132 137 144 152 155 175 176 182 215 252 257 264 265 276 278 281 285 292 317 319 323 325 348 371 378 437 440 450 464 485 496 504 508 510 528 545 554 559 562 578 593 602 608 612 617 624 637 651 654 663 708 717 723 738 771 802 806 821 825 858 862 868 885 890 905 910 911 929 941 947 957 964 965 978 982 991 999 1001 1016 1024 1039 1041 1062 1064 1070 1089 1091 1097 1105 1115 1126 1137 1143 1158 1162 1164 1183 1184 1199 1202 1205 1223 1229 1244 1262 1264 1270 1289 1302 1318 1336 1339 1376 1383 1398 1404 1419 1435 1437 1440 1458 1469 1470 1480 1483 1487 1496 1520 1529 1535 1544 1554 1562 1565 1602 1603 1615 1618 1645 1649 1652 1657 1672 1688 1704 1711 1718 1732 1747 1753 1765 1769 1776 1777 1781 1784 1787 1797 1836 1842 1867 1871 1882 1889 1937 1963 1969 1991 2012 2023 2036 2047 2058 2070 2074 2082
3,36,CG-MOACO,area_s5_t300,0.25327715355805247,1732.1568106751354,2.227105745132009,1 5 9 20 26 31 47 55 59 80 98 102 106 117 125 137 143 165 175 176 189 198 204 215 217 230 235 252 257 260 270 272 277 278 284 285 290 292 317 334 335 348 358 364 371 376 415 449 450 464 465 484 508 528 537 544 562 565 580 589 591 593 602 605 613 622 625 629 648 654 676 678 700 708 716 719 734 740 760 771 775 790 797 802 808 819 862 868 871 875 910 911 917 929 936 941 955 958 978 980 987 994 996 1001 1007 1017 1028 1049 1060 1064 1072 1086 1102 1107 1122 1127 1137 1139 1143 1168 1173 1187 1191 1199 1202 1223 1228 1237 1262 1264 1279 1310 1318 1323 1327 1329 1334 1336 1339 1346 1353 1370 1372 1384 1392 1394 1399 1400 1403 1412 1419 1423 1430 1434 1448 1453 1478 1490 1526 1544 1554 1565 1576 1584 1599 1625 1627 1636 1643 1645 1652 1673 1697 1708 1720 1738 1747 1751 1756 1769 1781 1792 1793 1797 1805 1808 1823 1827 1830 1842 1854 1860 1882 1901 1909 1937 1963 1983 1986 2006 2011 2018 2023 2027 2037 2045 2047 2057 2063 2082 2083
3,37,CG-MOACO,area_s5_t300,0.25327715355805247,1739.293323099665,2.0591260281974,1 19 31 55 78 80 102 105 106 137 143 149 156 175 176 178 179 189 199 215 220 221 252 256 261 270 284 285 290 292 300 307 311 317 334 349 356 370 391 393 395 398 403 440 450 465 475 486 497 503 515 528 539 543 545 558 562 580 591 593 602 605 606 611 613 616 641 643 654 676 687 700 708 716 718 740 760 763 772 775 790 802 825 862 868 873 894 907 910 911 917 929 944 947 952 957 958 966 978 982 994 1001 1017 1024 1028 1036 1060 1070 1078 1085 1086 1089 1097 1102 1105 1127 1143 1157 1162 1183 1184 1187 1199 1223 1237 1262 1264 1274 1279 1290 1292 1299 1310 1314 1320 1334 1336 1338 1339 1364 1370 1375 1384 1390 1394 1403 1412 1414 1419 1422 1423 1426 1434 1435 1483 1488 1490 1496 1529 1544 1563 1565 1573 1584 1590 1614 1616 1627 1645 1652 1654 1660 1670 1671 1672 1708 1734 1756 1757 1765 1787 1797 1805 1808 1818 1823 1836 1839 1845 1854 1860 1882 1884 1888 1901 1916 1937 1940 1963 1967 1983 2006 2018 2023 2037 2045 2049 2058 2063 2076 2080 2083
3,38,CG-MOACO,area_s5_t300,0.2626404494382022,1698.141069705053,0.8,1 9 13 24 31 48 54 71 78 80 91 98 102 105 106 114 121 137 152 156 165 174 175 176 179 203 220 252 257 260 270 286 288 292 300 307 317 325 334 338 370 379 412 415 449 450 452 461 465 510 532 543 545 559 562 565 583 592 593 602 607 611 613 617 626 637 654 676 685 692 700 705 708 734 750 760 763 771 773 776 790 802 806 825 840 846 868 887 910 915 917 929 957 960 965 967 978 982 1001 1029 1031 1032 1039 1045 1056 1062 1064 1070 1073 1086 1089 1104 1105 1127 1137 1143 1158 1162 1173 1183 1187 1199 1202 1228 1237 1264 1279 1291 1292 1299 1302 1308 1315 1318 1334 1336 1339 1361 1370 1376 1378 1383 1412 1416 1419 1423 1425 1429 1440 1469 1483 1524 1529 1544 1560 1567 1571 1606 1614 1616 1637 1643 1645 1649 1652 1654 1660 1684 1718 1726 1734 1747 1756 1765 1779 1787 1792 1797 1815 1818 1823 1840 1842 1854 1857 1860 1866 1885 1888 1889 1919 1928 1937 1965 1983 2008 2009 2017 2018 2023 2045 2049 2052 2055 2058 2063 2070 2076
3,39,CG-MOACO,area_s5_t300,0.2654494382022472,1683.51159103889,3.1368774282716245,1 5 8 31 34 38 55 59 79 80 96 102 106 111 122 125 137 174 175 176 179 184 186 189 200 220 231 252 257 259 270 277 285 289 308 310 317 325 334 379 420 440 449 450 458 465 489 504 530 554 559 562 591 593 602 612 616 625 641 648 654 676 700 712 734 739 748 750 760 766 771 773 775 776 790 802 806 868 875 878 910 911 913 917 929 938 946 954 957 965 978 980 999 1001 1016 1024 1028 1032 1039 1056 1060 1064 1070 1077 1104 1105 1106 1117 1123 1127 1137 1143 1158 1174 1187 1199 1204 1223 1224 1229 1230 1237 1259 1262 1264 1268 1279 1296 1299 1304 1318 1320 1327 1329 1339 1361 1370 1376 1383 1385 1394 1395 1403 1412 1419 1422 1446 1469 1470 1482 1524 1527 1535 1544 1565 1571 1578 1596 1612 1645 1649 1652 1683 1701 1718 1719 1735 1743 1756 1757 1766 1785 1792 1797 1805 1808 1827 1830 1836 1839 1840 1845 1860 1882 1888 1901 1928 1937 1940 1942 1963 1967 1983 1986 1989 1991 2018 2023 2027 2045 2046 2047 2055 2058 2063 2082 2083
3,40,CG-MOACO,area_s5_t300,0.34363295880149813,1549.2020044303729,2.5768197453450252,1 5 61 80 86 91 102 124 132 137 170 173 175 176 179 182 189 197 200 217 219 220 252 257 270 277 278 289 292 307 308 311 314 317 334 356 370 379 386 415 424 442 449 500 518 525 528 536 540 562 578 583 593 621 626 638 654 656 675 678 692 700 708 734 740 745 766 773 775 806 825 862 868 877 879 885 910 925 939 944 954 957 958 967 976 978 982 1001 1007 1013 1016 1024 1026 1031 1037 1062 1064 1086 1127 1143 1152 1162 1187 1199 1202 1228 1234 1237 1262 1264 1268 1292 1297 1319 1323 1327 1334 1339 1342 1352 1354 1359 1370 1375 1392 1399 1403 1412 1419 1434 1449 1483 1495 1528 1544 1554 1584 1589 1590 1612 1616 1637 1645 1652 1659 1672 1678 1686 1690 1697 1706 1711 1718 1726 1735 1738 1747 1756 1777 1787 1797 1802 1808 1815 1820 1823 1840 1842 1860 1928 1940 1961 1963 1983 2006 2024 2044 2058 2063 2070 2073 2082 2083
3,41,CG-MOACO,area_s5_t300,0.31554307116104874,1592.443402546129,1.0954451150103321,1 24 38 47 59 60 76 78 80 90 98 135 137 143 154 165 175 176 179 182 189 215 252 257 278 284 285 288 292 334 344 350 356 371 379 411 415 420 427 440 449 451 467 472 508 530 540 544 545 559 565 585 593 605 607 613 629 638 642 650 654 656 678 700 708 716 719 740 750 760 775 790 802 808 815 840 859 862 868 897 913 916 947 958 965 982 990 998 1012 1024 1026 1032 1036 1050 1060 1078 1084 1086 1089 1127 1129 1137 1139 1143 1158 1163 1183 1187 1199 1202 1222 1229 1237 1244 1264 1268 1278 1296 1300 1303 1319 1323 1339 1360 1370 1384 1386 1394 1398 1402 1403 1412 1434 1435 1437 1483 1496 1517 1519 1524 1528 1529 1541 1544 1565 1571 1587 1590 1608 1645 1648 1652 1673 1700 1703 1711 1718 1734 1747 1765 1768 1775 1779 1784 1787 1792 1793 1797 1823 1829 1840 1842 1845 1851 1854 1871 1882 1892 1983 1986 1999 2006 2008 2023 2034 2045 2049 2057 2063 2076
3,42,CG-MOACO,area_s5_t300,0.25936329588014984,1726.426023331937,1.3266499161421599,1 20 31 47 55 80 90 91 98 102 105 106 121 137 150 155 175 176 189 215 217 219 226 230 252 257 260 265 270 277 278 285 289 307 308 317 325 334 370 378 393 410 415 424 440 450 452 465 466 475 526 528 530 560 578 591 593 598 602 611 613 615 616 641 651 654 676 700 708 716 734 741 760 766 771 775 776 797 800 802 806 820 825 842 848 862 868 907 910 911 929 941 944 963 966 967 978 982 994 996 999 1000 1016 1028 1036 1042 1064 1070 1089 1127 1129 1137 1139 1143 1158 1162 1168 1173 1179 1187 1199 1202 1227 1230 1237 1264 1280 1296 1297 1304 1310 1314 1318 1331 1334 1336 1339 1340 1361 1370 1376 1378 1383 1385 1394 1403 1412 1419 1423 1436 1446 1457 1469 1470 1480 1482 1486 1524 1535 1556 1565 1571 1584 1603 1612 1618 1645 1649 1652 1660 1673 1701 1708 1732 1747 1756 1765 1787 1792 1797 1800 1805 1808 1818 1823 1836 1840 1842 1845 1854 1882 1901 1937 1940 1954 1963 1971 1984 2008 2017 2018 2023 2027 2037 2045 2057 2063 2076 2083
3,43,CG-MOACO,area_s5_t300,0.24906367041198507,1769.738303333107,2.3664319132398464,1 9 31 42 47 55 63 71 76 78 80 86 98 102 106 111 114 137 143 150 165 175 176 178 179 188 189 215 219 220 245 252 257 270 278 285 306 317 348 356 370 379 391 403 415 420 431 440 448 450 458 467 497 508 528 533 537 543 545 558 560 591 593 602 605 606 608 612 615 616 632 641 650 671 678 700 708 719 735 741 760 772 775 790 798 802 812 825 862 868 911 913 929 936 945 957 978 980 985 1001 1028 1036 1039 1056 1060 1070 1085 1089 1091 1105 1117 1127 1137 1139 1143 1158 1162 1164 1170 1173 1183 1187 1199 1202 1205 1223 1224 1230 1234 1239 1262 1264 1280 1296 1297 1311 1318 1323 1333 1334 1338 1339 1342 1378 1384 1387 1403 1404 1412 1422 1423 1434 1436 1448 1457 1469 1482 1490 1496 1524 1528 1529 1534 1544 1559 1565 1608 1645 1652 1673 1677 1683 1697 1708 1711 1718 1721 1726 1734 1735 1747 1756 1765 1787 1792 1793 1797 1808 1812 1815 1831 1836 1840 1854 1882 1901 1928 1937 1940 1950 1959 1963 1964 1983 1989 2005 2008 2012 2023 2027 2045 2057 2065 2082 2083
3,44,CG-MOACO,area_s5_t300,0.30009363295880154,1619.7084674584166,0.6324555320336759,1 26 38 42 47 71 80 91 98 102 106 149 166 170 182 189 196 215 217 218 220 226 230 247 252 257 260 270 276 278 285 292 307 311 317 334 356 379 398 403 415 420 424 449 450 464 465 472 475 503 528 530 537 544 547 552 562 570 578 583 589 593 602 605 611 613 621 648 654 700 708 734 741 760 775 787 790 802 833 846 853 868 910 913 929 936 941 943 946 978 980 987 994 1001 1024 1029 1043 1062 1064 1086 1105 1107 1127 1137 1143 1153 1158 1162 1167 1173 1183 1199 1202 1221 1223 1229 1242 1262 1264 1279 1283 1314 1318 1323 1330 1339 1370 1378 1383 1385 1394 1398 1403 1427 1430 1434 1435 1437 1453 1483 1490 1517 1529 1535 1544 1554 1562 1565 1584 1602 1603 1615 1618 1639 1645 1652 1672 1690 1708 1714 1726 1732 1735 1747 1753 1756 1765 1797 1808 1823 1842 1847 1854 1882 1888 1901 1923 1937 1940 1963 1965 1984 1986 1989 2006 2018 2023 2026 2038 2047 2055 2058 2063 2078 2083
3,45,CG-MOACO,area_s5_t300,0.3230337078651685,1564.9059333770601,2.785677655436824,1 20 47 55 59 78 80 90 102 117 124 125 132 137 144 165 166 175 182 189 204 215 252 256 278 284 285 289 292 308 311 317 319 334 362 371 386 411 420 449 458 465 500 510 514 528 530 552 554 562 590 593 602 613 617 625 629 637 640 654 676 700 708 734 766 771 772 775 776 806 821 831 859 868 900 910 911 929 936 941 957 972 978 982 994 1008 1017 1028 1031 1032 1049 1056 1060 1064 1065 1070 1085 1086 1105 1107 1127 1128 1143 1158 1162 1167 1173 1186 1199 1202 1223 1262 1264 1278 1297 1304 1310 1314 1318 1323 1334 1339 1359 1370 1373 1375 1383 1385 1395 1398 1403 1412 1419 1423 1429 1434 1435 1445 1483 1520 1524 1528 1529 1556 1566 1584 1627 1642 1643 1645 1648 1652 1670 1672 1684 1697 1700 1708 1726 1734 1747 1751 1756 1765 1769 1787 1797 1808 1823 1829 1842 1888 1892 1923 1963 1983 1989 1991 1994 2008 2009 2018 2024 2037 2049 2058 2063 2070 2083
3,46,CG-MOACO,area_s5_t300,0.2556179775280899,1732.5398229068692,0.7483314773547882,1 5 9 13 18 20 47 55 59 78 80 98 102 106 111 137 165 170 172 175 176 182 200 219 220 226 230 252 256 260 270 278 285 290 308 311 334 338 348 356 370 395 413 415 420 440 449 450 456 458 461 465 484 489 508 528 530 547 562 590 593 603 605 613 626 654 671 676 678 700 708 716 719 734 741 749 760 772 775 790 802 806 807 808 825 853 860 862 910 929 941 943 946 956 957 958 967 972 978 982 1012 1024 1028 1032 1036 1039 1062 1064 1070 1073 1089 1097 1105 1117 1126 1137 1143 1150 1155 1158 1173 1183 1187 1202 1237 1239 1248 1259 1278 1296 1304 1319 1323 1329 1336 1339 1342 1361 1370 1373 1385 1394 1398 1403 1412 1419 1422 1430 1434 1436 1440 1453 1469 1480 1483 1490 1526 1529 1535 1584 1612 1615 1617 1618 1627 1643 1652 1667 1697 1708 1718 1721 1734 1747 1751 1756 1765 1769 1792 1793 1797 1802 1808 1813 1827 1829 1840 1860 1868 1882 1888 1901 1954 1963 1980 1983 1986 1996 1999 2008 2016 2018 2023 2027 2037 2046 2058 2063 2082
3,47,CG-MOACO,area_s5_t300,0.2514044943820225,1754.2196468029454,1.4696938456699067,1 7 9 20 22 26 31 40 42 47 55 76 80 86 98 102 106 111 122 125 133 137 141 156 166 172 175 176 189 191 204 219 226 230 252 257 278 285 308 311 334 344 370 378 393 415 424 448 450 452 461 465 509 525 530 545 554 558 559 562 566 583 592 593 608 609 626 629 638 650 654 700 705 708 716 719 734 740 760 771 773 776 790 802 806 825 862 910 911 917 929 941 957 982 985 999 1001 1008 1036 1039 1053 1062 1070 1083 1089 1091 1105 1115 1117 1126 1129 1137 1141 1143 1158 1162 1164 1173 1184 1187 1199 1202 1205 1223 1229 1239 1243 1244 1262 1264 1278 1304 1310 1311 1318 1323 1327 1334 1336 1338 1339 1375 1384 1395 1398 1403 1404 1412 1419 1420 1423 1434 1436 1448 1454 1455 1457 1469 1483 1496 1524 1527 1529 1544 1571 1599 1606 1645 1648 1652 1660 1673 1708 1720 1726 1735 1738 1740 1756 1765 1779 1787 1793 1797 1811 1815 1839 1854 1866 1873 1882 1909 1928 1940 1959 1963 1967 1982 1983 1986 1999 2006 2008 2016 2023 2026 2027 2038 2046 2047 2057 2063 2073 2076
3,48,CG-MOACO,area_s5_t300,0.28417602996254676,1648.607617811719,1.5491933384829668,1 24 31 47 80 102 105 106 111 121 137 152 153 156 165 172 174 175 176 189 206 215 218 220 226 230 252 256 261 270 272 289 300 317 334 344 356 359 395 412 415 440 450 458 461 465 467 472 477 480 510 528 532 543 545 552 554 562 583 593 599 602 643 651 654 692 700 719 734 741 760 762 770 775 776 790 802 806 809 862 868 910 911 913 917 925 929 941 957 968 972 978 982 999 1016 1017 1022 1024 1032 1036 1039 1062 1064 1085 1086 1089 1091 1104 1105 1117 1126 1137 1139 1143 1158 1162 1173 1199 1202 1204 1212 1223 1258 1259 1262 1264 1266 1270 1278 1296 1303 1318 1323 1339 1340 1345 1361 1363 1375 1378 1387 1395 1398 1404 1412 1419 1422 1434 1436 1448 1455 1469 1483 1487 1527 1529 1565 1571 1645 1649 1652 1697 1700 1708 1718 1726 1734 1738 1747 1756 1766 1787 1793 1797 1802 1808 1840 1851 1853 1865 1882 1888 1901 1922 1961 1963 1976 1983 1986 1989 2006 2008 2028 2038 2046 2049 2057 2063 2073 2082
3,49,CG-MOACO,area_s5_t300,0.25936329588014984,1710.4778708749225,1.5999999999999999,1 9 47 55 71 77 78 80 102 105 106 137 152 157 159 165 175 176 182 187 200 218 226 230 232 236 252 257 270 272 278 284 285 307 308 311 317 331 334 338 358 379 391 415 440 449 450 458 461 465 475 477 503 528 530 537 554 580 588 593 602 606 607 613 626 632 642 648 654 700 716 735 740 750 760 762 771 787 790 802 807 808 825 841 847 860 910 911 929 943 957 960 965 973 978 980 1001 1016 1024 1026 1028 1032 1039 1042 1060 1064 1070 1086 1089 1102 1117 1123 1127 1137 1143 1162 1173 1183 1199 1228 1231 1237 1244 1257 1262 1264 1280 1296 1304 1310 1316 1318 1323 1334 1336 1339 1343 1350 1376 1378 1383 1385 1395 1398 1404 1419 1423 1434 1435 1440 1469 1490 1496 1518 1526 1529 1544 1562 1565 1602 1606 1612 1615 1645 1648 1649 1652 1667 1683 1690 1697 1700 1708 1726 1734 1747 1756 1765 1787 1792 1797 1808 1815 1821 1842 1854 1865 1882 1888 1901 1928 1937 1940 1963 1965 1980 1983 1986 2001 2006 2008 2018 2023 2037 2046 2049 2058 2064 2082
3,50,CG-MOACO,area_s5_t300,0.3286516853932584,1582.0619323213687,1.2,1 9 13 31 47 55 59 78 80 98 99 102 106 111 114 129 137 172 175 176 199 214 219 252 257 264 265 270 272 274 306 308 325 337 338 348 379 386 411 440 450 452 456 465 480 489 503 509 528 555 558 559 562 580 585 593 602 611 613 626 629 650 654 676 687 700 708 716 735 760 771 775 790 808 825 846 868 872 878 879 897 910 911 941 960 967 975 977 982 987 1024 1039 1048 1062 1105 1117 1127 1139 1143 1158 1162 1173 1187 1188 1191 1199 1202 1204 1221 1223 1237 1264 1278 1314 1318 1323 1334 1336 1339 1370 1373 1375 1384 1395 1409 1419 1423 1430 1434 1440 1445 1446 1453 1457 1480 1483 1490 1509 1527 1535 1550 1554 1565 1581 1615 1643 1645 1652 1655 1672 1704 1718 1732 1753 1756 1768 1775 1785 1787 1797 1808 1811 1812 1823 1839 1842 1845 1851 1860 1888 1896 1901 1922 1961 1965 1967 1983 1991 1999 2009 2023 2028 2049 2058 2063 2072 2080
3,51,CG-MOACO,area_s5_t300,0.2556179775280899,1719.1673856225993,1.9390719429665317,1 26 40 47 55 63 71 80 91 98 105 137 139 143 149 165 175 176 182 189 194 218 226 230 232 252 257 261 265 272 278 286 288 292 308 311 334 371 391 398 403 415 438 449 450 452 464 510 516 528 530 532 537 552 562 583 590 593 602 606 611 615 626 629 650 654 659 700 708 719 735 741 760 771 775 776 790 802 809 825 860 862 875 897 910 911 917 936 957 978 980 985 994 999 1000 1026 1028 1032 1036 1039 1060 1070 1105 1107 1127 1129 1137 1141 1143 1158 1162 1170 1173 1184 1187 1199 1202 1223 1228 1234 1237 1239 1242 1251 1262 1264 1268 1280 1296 1310 1318 1323 1327 1334 1336 1338 1339 1340 1360 1370 1375 1378 1380 1385 1394 1403 1412 1419 1423 1434 1435 1446 1469 1482 1518 1519 1528 1529 1584 1589 1599 1603 1618 1627 1631 1645 1652 1658 1660 1665 1670 1700 1708 1711 1720 1738 1747 1756 1769 1777 1787 1793 1797 1802 1805 1808 1819 1823 1830 1840 1842 1860 1872 1882 1888 1900 1959 1966 1983 1986 1989 1999 2006 2008 2023 2026 2037 2045 2058 2064 2083
3,52,CG-MOACO,area_s5_t300,0.3089887640449438,1592.7904213590314,3.0594117081556713,1 38 47 59 79 102 109 111 117 122 137 141 143 149 175 176 179 182 217 219 245 252 257 265 276 290 311 317 334 338 362 379 391 411 415 440 449 450 458 464 465 481 502 504 514 516 524 545 547 562 580 602 605 613 615 626 676 700 705 708 716 734 741 750 760 771 775 776 790 802 808 819 825 826 836 862 868 871 875 885 889 905 910 911 913 917 929 938 941 946 957 958 977 980 999 1001 1032 1036 1041 1053 1056 1062 1064 1104 1126 1137 1143 1158 1162 1187 1199 1202 1204 1223 1229 1237 1244 1258 1262 1264 1268 1270 1295 1300 1318 1323 1327 1334 1348 1364 1375 1376 1384 1403 1404 1412 1419 1422 1423 1424 1434 1435 1440 1446 1456 1469 1482 1495 1520 1535 1544 1554 1590 1603 1615 1643 1645 1672 1683 1687 1690 1718 1726 1739 1775 1797 1808 1815 1819 1831 1839 1860 1871 1878 1888 1919 1922 1928 1961 1963 1967 1983 1986 1991 1996 2006 2008 2016 2023 2028 2038 2046 2058 2063
3,53,CG-MOACO,area_s5_t300,0.32350187265917607,1574.8635545190884,2.3151673805580453,9 38 42 47 67 79 80 98 100 102 106 144 165 167 174 175 182 206 215 218 221 247 252 256 261 270 284 285 292 306 308 344 356 369 371 395 410 440 450 465 513 528 530 536 543 544 554 559 562 564 593 602 605 613 625 648 650 654 671 676 685 687 708 734 736 740 750 766 773 796 802 821 840 862 868 879 910 913 920 929 951 958 960 978 982 985 994 1024 1032 1041 1062 1073 1105 1127 1128 1139 1141 1143 1153 1156 1158 1162 1167 1187 1199 1221 1223 1224 1244 1254 1262 1264 1268 1278 1296 1308 1311 1318 1323 1327 1329 1334 1338 1339 1361 1376 1383 1385 1404 1412 1419 1422 1423 1429 1434 1436 1440 1446 1482 1524 1526 1529 1544 1559 1568 1571 1606 1643 1645 1648 1652 1660 1672 1703 1708 1718 1719 1747 1751 1753 1756 1785 1788 1792 1797 1808 1812 1819 1827 1829 1835 1860 1882 1888 1892 1900 1934 1940 1963 1966 1984 1989 1991 2025 2027 2046 2058 2063 2080
3,54,CG-MOACO,area_s5_t300,0.32631086142322097,1570.5373762547513,2.227105745132009,5 9 26 31 59 63 76 80 98 102 106 150 153 165 166 175 178 189 231 247 252 257 260 270 290 307 310 317 334 337 356 361 370 379 449 450 453 464 465 472 477 496 506 508 528 533 537 543 544 547 555 569 591 593 605 616 638 654 658 663 671 700 708 716 734 760 772 784 790 802 804 815 835 846 853 862 868 875 910 913 929 958 966 978 982 985 994 1021 1024 1031 1032 1056 1060 1064 1085 1105 1128 1137 1143 1156 1158 1162 1170 1173 1187 1199 1202 1221 1223 1224 1237 1243 1262 1264 1269 1278 1296 1299 1319 1323 1334 1339 1340 1370 1376 1395 1401 1403 1412 1419 1422 1423 1426 1435 1441 1446 1448 1469 1470 1483 1487 1518 1524 1527 1529 1552 1565 1606 1641 1645 1648 1652 1672 1700 1708 1718 1726 1732 1747 1756 1766 1775 1787 1797 1802 1808 1819 1823 1836 1851 1860 1888 1937 1959 1961 1963 1983 2006 2008 2009 2023 2027 2028 2038 2058 2063 2065 2080 2083
3,55,CG-MOACO,area_s5_t300,0.32116104868913853,1580.6371651009476,1.4142135623730951,1 13 47 80 83 94 98 102 106 121 137 149 157 166 175 176 182 199 203 207 215 222 231 252 257 270 272 276 284 286 292 307 334 378 391 403 415 420 440 449 450 464 465 481 496 503 510 554 562 593 605 607 613 625 629 648 650 654 700 705 708 717 734 750 753 760 771 772 775 787 790 802 808 862 868 871 875 877 885 900 903 910 911 941 943 957 958 965 978 980 1032 1060 1070 1086 1104 1105 1107 1127 1128 1137 1139 1143 1145 1158 1162 1173 1187 1199 1202 1223 1228 1237 1244 1264 1268 1279 1289 1314 1339 1343 1354 1370 1375 1378 1385 1394 1398 1403 1412 1419 1434 1436 1440 1441 1448 1454 1483 1496 1518 1529 1544 1566 1578 1589 1595 1599 1643 1645 1649 1652 1654 1660 1673 1718 1735 1756 1757 1766 1776 1780 1787 1793 1797 1802 1805 1808 1823 1839 1842 1849 1851 1860 1882 1892 1901 1909 1924 1966 1967 1983 1999 2006 2008 2023 2027 2038 2044 2047 2057 2063
3,56,CG-MOACO,area_s5_t300,0.26919475655430714,1668.7674942568424,3.2619012860600183,1 38 43 47 63 71 78 80 102 105 121 132 137 141 155 175 176 180 182 189 198 200 215 219 252 257 261 265 270 284 285 290 292 307 311 317 334 341 359 362 391 395 403 415 424 426 432 440 450 461 465 472 486 504 508 528 533 554 559 562 593 602 612 638 654 659 706 708 711 716 731 734 741 763 771 775 790 802 807 808 860 862 907 910 911 913 927 929 935 941 946 956 957 958 978 982 985 991 994 1009 1016 1024 1028 1036 1039 1060 1064 1089 1104 1105 1126 1137 1143 1155 1158 1162 1173 1183 1191 1199 1202 1204 1237 1244 1264 1279 1296 1310 1314 1318 1328 1334 1339 1343 1361 1370 1375 1376 1378 1384 1394 1403 1417 1419 1423 1429 1434 1436 1446 1481 1482 1490 1524 1528 1529 1544 1559 1562 1565 1584 1602 1614 1615 1627 1643 1645 1649 1652 1654 1672 1683 1700 1708 1709 1734 1755 1763 1780 1797 1804 1808 1811 1823 1827 1839 1842 1845 1878 1882 1884 1896 1922 1924 1938 1940 1944 1963 1967 1983 2006 2008 2023 2024 2027 2038 2058 2063
3,57,CG-MOACO,area_s5_t300,0.29307116104868913,1633.436900295323,1.7204650534085253,31 38 40 41 47 55 59 67 80 98 102 127 129 137 153 169 175 176 180 181 186 189 217 220 245 249 252 257 285 292 306 308 311 317 362 369 371 379 412 414 415 420 426 440 449 450 496 497 504 508 528 545 554 593 598 605 613 617 626 676 700 708 717 719 734 740 750 754 760 772 775 790 800 806 807 808 812 825 846 862 900 910 911 913 917 929 941 943 956 958 965 972 973 978 982 994 999 1012 1020 1024 1060 1064 1070 1084 1086 1089 1104 1107 1127 1128 1137 1143 1145 1153 1158 1171 1173 1187 1199 1205 1237 1258 1259 1264 1278 1296 1302 1318 1323 1359 1361 1363 1370 1373 1375 1376 1384 1394 1395 1398 1403 1412 1419 1434 1458 1469 1480 1483 1524 1527 1529 1559 1565 1571 1582 1599 1645 1648 1652 1658 1691 1709 1711 1718 1719 1732 1750 1756 1765 1788 1795 1805 1808 1823 1839 1840 1854 1868 1882 1888 1898 1901 1940 1947 1952 1959 1963 1965 1984 2006 2023 2045 2049 2058 2063 2067 2074 2080 2082
3,58,CG-MOACO,area_s5_t300,0.2949438202247191,1622.2893477362788,1.3266499161421599,9 31 38 42 43 78 80 96 100 102 106 114 132 137 143 169 173 175 176 178 180 189 196 206 220 252 270 285 292 306 311 356 361 369 371 379 386 391 411 420 431 440 449 450 464 465 475 483 508 528 539 543 545 559 562 593 602 603 605 626 637 650 653 671 676 678 687 697 700 716 719 734 740 750 804 812 815 821 825 833 853 862 885 905 910 913 915 929 941 946 957 958 965 978 982 1020 1024 1028 1032 1036 1039 1056 1062 1070 1078 1083 1089 1105 1123 1126 1128 1137 1143 1158 1162 1167 1170 1187 1199 1223 1225 1262 1264 1279 1295 1302 1314 1316 1323 1329 1334 1343 1361 1370 1375 1378 1383 1398 1403 1412 1419 1423 1434 1436 1449 1469 1483 1484 1487 1524 1529 1535 1544 1565 1599 1606 1645 1650 1652 1673 1703 1706 1718 1726 1732 1750 1756 1784 1797 1808 1815 1823 1827 1829 1839 1840 1845 1854 1860 1882 1923 1928 1932 1940 1954 1963 1983 1986 1999 2001 2006 2008 2025 2027 2034 2047 2057 2063 2083
3,59,CG-MOACO,area_s5_t300,0.31413857677902624,1589.0851185892277,1.3564659966250536,1 9 55 80 86 98 102 105 156 167 175 178 180 182 184 185 189 200 215 219 247 252 257 270 278 285 289 307 311 316 325 334 335 349 362 370 379 391 393 395 415 420 424 432 436 440 450 457 464 465 530 536 543 552 554 562 593 602 605 606 613 615 616 625 648 650 654 676 708 735 740 760 771 772 775 790 802 841 842 853 862 868 890 900 910 929 936 941 957 960 968 978 982 1008 1039 1041 1056 1059 1062 1089 1105 1107 1117 1127 1137 1143 1158 1183 1199 1202 1205 1223 1237 1239 1244 1264 1278 1300 1318 1323 1329 1334 1336 1339 1342 1359 1367 1383 1385 1395 1403 1404 1416 1419 1422 1423 1425 1446 1458 1469 1483 1490 1496 1506 1524 1527 1529 1535 1544 1562 1565 1602 1615 1645 1652 1667 1690 1697 1714 1718 1726 1734 1756 1765 1787 1792 1793 1797 1808 1839 1854 1881 1888 1901 1941 1963 1967 1983 1986 1989 2008 2014 2016 2018 2026 2037 2046 2047 2057 2063 2073 2082
3,60,CG-MOACO,area_s5_t300,0.3441011235955056,1540.4021074604052,2.244994432064365,1 20 31 41 43 47 71 80 90 91 102 105 106 117 137 139 144 165 175 176 189 252 257 290 300 308 310 317 334 356 380 391 395 411 412 415 424 440 449 450 464 475 503 528 530 543 547 562 588 590 593 599 602 606 607 611 626 659 671 700 708 719 735 744 772 802 821 825 862 868 875 894 929 941 967 978 980 991 1000 1016 1024 1028 1033 1036 1039 1042 1062 1068 1070 1091 1104 1105 1117 1126 1132 1133 1143 1151 1152 1162 1173 1184 1187 1199 1204 1230 1262 1264 1280 1308 1310 1323 1332 1334 1336 1339 1351 1370 1383 1398 1400 1412 1423 1425 1435 1449 1487 1490 1502 1524 1527 1529 1537 1544 1565 1571 1584 1600 1606 1627 1639 1645 1649 1652 1708 1711 1721 1732 1738 1742 1747 1756 1762 1766 1775 1787 1789 1792 1797 1800 1812 1823 1830 1842 1845 1854 1878 1888 1896 1909 1940 1960 1963 1983 2009 2018 2023 2037 2045 2057 2063 2069 2076
3,61,CG-MOACO,area_s5_t300,0.27481273408239704,1674.2428011357213,1.7204650534085253,1 13 31 47 55 61 71 78 80 90 98 102 105 106 111 117 132 137 153 169 174 175 176 179 189 215 220 231 252 256 260 264 270 285 292 308 319 334 354 361 379 395 411 415 437 440 450 458 465 474 484 497 508 517 528 537 578 580 593 608 611 613 615 650 651 654 676 691 700 708 711 719 734 741 749 754 760 771 772 800 802 806 825 860 862 906 910 911 913 915 929 957 958 965 967 972 978 980 994 999 1009 1012 1016 1026 1028 1036 1039 1062 1070 1089 1104 1105 1127 1137 1139 1143 1155 1158 1173 1183 1199 1202 1204 1223 1237 1264 1268 1279 1295 1304 1316 1318 1323 1334 1339 1346 1361 1363 1370 1375 1376 1383 1385 1394 1398 1402 1403 1412 1419 1423 1432 1434 1458 1480 1483 1524 1529 1544 1565 1584 1606 1615 1643 1645 1648 1652 1665 1672 1697 1700 1703 1708 1718 1732 1747 1756 1787 1797 1808 1823 1830 1851 1854 1865 1867 1882 1901 1923 1954 1963 1966 1983 1986 1989 1999 2006 2008 2023 2026 2038 2049 2058 2064 2083
3,62,CG-MOACO,area_s5_t300,0.29447565543071164,1617.2145814815706,2.154065922853802,1 19 42 47 67 71 76 80 102 111 114 137 152 174 175 176 180 182 188 189 219 220 221 252 260 270 278 284 285 292 306 308 310 314 317 356 362 370 379 395 412 420 440 449 450 452 458 464 465 472 475 480 508 528 554 560 562 589 593 602 613 615 621 644 650 654 676 681 700 708 734 740 760 775 790 802 806 808 862 868 910 913 917 929 936 943 956 957 958 960 976 978 980 990 1017 1026 1031 1035 1039 1062 1070 1077 1086 1089 1105 1107 1115 1127 1128 1133 1137 1143 1158 1174 1183 1187 1199 1202 1222 1237 1248 1256 1262 1264 1278 1297 1300 1310 1319 1323 1334 1339 1360 1373 1384 1392 1395 1398 1404 1412 1423 1430 1436 1445 1448 1470 1480 1490 1527 1529 1582 1595 1643 1645 1649 1652 1654 1673 1719 1732 1738 1751 1756 1765 1787 1792 1793 1797 1808 1815 1831 1833 1839 1840 1842 1845 1865 1901 1907 1923 1932 1937 1963 1967 1983 1986 1991 2006 2008 2014 2018 2023 2027 2034 2037 2045 2057 2063
3,63,CG-MOACO,area_s5_t300,0.276685393258427,1662.7839350017578,2.4819347291981715,1 31 34 38 47 55 80 94 95 102 105 106 137 155 165 170 175 176 186 189 196 201 214 218 220 226 230 252 257 264 270 278 284 285 290 292 307 308 310 317 334 379 403 415 440 449 450 458 465 489 504 514 527 528 530 533 547 560 562 580 591 593 602 611 626 641 648 654 675 699 700 708 716 734 740 750 766 771 772 775 776 802 806 808 825 862 868 875 907 908 910 911 913 917 929 941 948 952 956 957 958 967 977 1001 1016 1024 1031 1039 1045 1056 1060 1070 1086 1105 1127 1137 1143 1157 1162 1187 1199 1202 1204 1222 1227 1230 1237 1259 1262 1264 1268 1278 1300 1311 1313 1318 1323 1339 1352 1361 1370 1376 1385 1392 1395 1398 1403 1412 1419 1422 1425 1429 1458 1483 1528 1529 1554 1590 1607 1645 1650 1652 1654 1659 1660 1683 1700 1709 1718 1726 1734 1743 1747 1756 1757 1787 1792 1797 1802 1808 1815 1823 1831 1845 1860 1878 1901 1918 1919 1928 1963 1983 1986 1996 2006 2008 2023 2024 2025 2045 2049 2057 2063 2083
3,64,CG-MOACO,area_s5_t300,0.26498127340823974,1693.8446029517788,2.5768197453450252,1 31 47 59 63 80 94 98 102 106 118 121 137 143 144 149 157 174 175 176 181 217 218 232 252 257 276 278 284 285 292 317 319 334 338 344 371 379 411 415 424 440 449 450 452 461 465 504 508 510 525 528 530 544 562 579 588 589 593 608 612 615 626 629 654 700 708 719 734 741 760 762 771 773 790 802 808 814 825 853 862 868 903 910 917 929 978 980 986 994 1001 1012 1016 1026 1028 1032 1056 1057 1062 1064 1070 1086 1089 1091 1105 1127 1129 1137 1139 1141 1143 1158 1164 1173 1183 1187 1191 1199 1202 1215 1221 1223 1228 1234 1244 1256 1262 1264 1268 1278 1304 1308 1310 1318 1320 1323 1332 1334 1335 1338 1339 1376 1378 1384 1387 1392 1398 1403 1404 1412 1418 1423 1424 1434 1436 1440 1448 1519 1524 1526 1529 1544 1582 1606 1612 1645 1648 1652 1673 1701 1708 1714 1719 1756 1765 1769 1787 1792 1797 1808 1836 1839 1842 1854 1860 1882 1889 1901 1923 1937 1963 1965 1967 1983 1986 1989 2006 2008 2016 2023 2045 2046 2047 2049 2055 2057 2063 2078
3,65,CG-MOACO,area_s5_t300,0.33754681647940077,1561.4079799096196,2.5298221281347035,1 9 24 59 60 79 80 98 101 102 124 137 139 141 143 148 167 170 175 176 182 189 219 220 252 257 284 286 290 292 307 310 317 319 334 348 356 362 379 395 440 449 450 479 483 508 545 562 565 574 578 593 602 605 612 625 654 658 671 700 734 740 744 750 755 766 772 775 787 802 806 809 820 821 836 847 860 902 910 911 929 938 941 948 954 957 960 980 987 1017 1024 1028 1031 1039 1062 1064 1070 1077 1089 1096 1104 1105 1123 1127 1137 1143 1151 1162 1167 1175 1187 1199 1230 1234 1262 1264 1278 1297 1308 1323 1335 1339 1343 1359 1367 1384 1394 1403 1405 1411 1412 1422 1424 1427 1430 1448 1469 1483 1490 1517 1520 1527 1544 1554 1559 1566 1645 1652 1654 1655 1657 1672 1677 1689 1697 1701 1708 1709 1711 1718 1747 1751 1756 1765 1775 1781 1788 1792 1797 1808 1851 1854 1860 1867 1878 1901 1909 1963 1983 2008 2023 2045 2049 2058 2063
3,66,CG-MOACO,area_s5_t300,0.29868913857677903,1607.8493166742103,1.16619037896906,1 24 26 42 47 63 78 80 98 114 132 141 149 152 175 182 188 194 204 206 215 218 226 230 247 252 257 258 265 270 278 284 292 311 317 334 371 379 391 410 415 449 450 464 475 500 504 508 528 544 562 583 593 602 609 611 613 625 629 644 648 650 659 675 696 700 708 719 734 741 744 750 763 771 773 812 815 846 858 862 868 910 911 917 929 943 967 968 978 980 996 999 1017 1031 1033 1039 1062 1068 1078 1127 1129 1137 1143 1162 1168 1173 1183 1187 1199 1202 1205 1223 1224 1234 1237 1239 1262 1264 1279 1296 1308 1314 1318 1334 1339 1356 1359 1361 1374 1376 1383 1385 1404 1412 1419 1423 1435 1440 1455 1469 1470 1480 1524 1527 1529 1537 1540 1544 1565 1571 1588 1606 1614 1616 1645 1652 1658 1673 1697 1708 1711 1718 1726 1734 1756 1766 1787 1792 1797 1808 1830 1836 1839 1840 1842 1851 1854 1901 1905 1926 1935 1937 1967 1983 1986 1989 1993 2005 2008 2016 2023 2037 2045 2049 2063 2083
3,67,CG-MOACO,area_s5_t300,0.3258426966292135,1584.9641715265623,1.3564659966250538,1 43 47 55 80 98 105 121 137 141 155 166 172 175 176 180 182 190 194 203 217 221 245 252 265 270 275 285 290 308 310 317 334 359 361 371 379 391 393 411 415 424 427 440 442 449 464 465 503 509 530 547 559 562 578 593 611 613 626 637 648 656 663 674 685 700 708 716 719 734 740 750 771 802 812 821 825 847 860 875 907 910 911 913 941 943 946 957 968 978 982 999 1017 1036 1042 1062 1064 1073 1091 1104 1105 1117 1126 1137 1143 1151 1158 1162 1179 1187 1199 1202 1222 1239 1244 1259 1264 1288 1293 1318 1327 1331 1342 1359 1378 1383 1385 1395 1398 1403 1404 1412 1422 1424 1436 1440 1483 1490 1524 1529 1535 1544 1559 1565 1599 1605 1608 1630 1643 1645 1652 1677 1689 1691 1708 1718 1719 1726 1735 1750 1756 1765 1768 1769 1775 1779 1792 1793 1797 1827 1854 1860 1882 1884 1888 1932 1937 1980 1983 2018 2023 2027 2045 2046 2055 2058 2063 2076
3,68,CG-MOACO,area_s5_t300,0.27340823970037453,1678.9455046268156,0.8944271909999159,1 9 20 38 42 47 55 71 76 80 96 102 114 137 153 172 175 176 182 189 196 215 226 249 252 257 258 260 270 273 285 291 308 311 317 334 348 356 362 412 440 448 450 464 465 467 483 484 506 508 533 537 545 554 558 559 562 578 580 588 593 602 617 625 637 671 687 691 700 705 708 716 719 734 740 755 802 806 812 821 853 868 892 910 929 941 957 960 966 977 980 1001 1020 1021 1024 1029 1042 1051 1053 1056 1062 1064 1068 1070 1078 1089 1105 1117 1127 1137 1143 1157 1162 1167 1183 1184 1187 1199 1202 1222 1239 1262 1264 1278 1297 1310 1323 1327 1334 1336 1339 1359 1370 1376 1378 1383 1394 1395 1398 1403 1412 1419 1423 1434 1436 1445 1457 1483 1487 1526 1527 1529 1544 1554 1565 1584 1606 1629 1639 1643 1645 1652 1654 1673 1708 1720 1735 1738 1747 1751 1756 1765 1769 1775 1779 1787 1792 1797 1823 1831 1833 1836 1842 1845 1854 1860 1882 1896 1937 1944 1963 1983 1986 2001 2006 2008 2018 2023 2034 2045 2049 2055 2057 2063 2076
3,69,CG-MOACO,area_s5_t300,0.31647940074906367,1595.4916102712184,0.6324555320336759,1 5 14 26 31 60 80 83 91 98 102 106 120 129 137 154 175 176 189 202 218 220 226 233 252 257 264 270 272 277 286 307 308 316 334 353 365 379 396 450 456 461 465 472 496 528 530 533 536 545 562 578 580 593 602 605 606 608 611 616 640 650 651 654 676 700 708 716 735 740 760 771 772 775 777 790 802 831 856 862 868 873 879 894 910 911 917 929 960 967 982 1000 1024 1032 1039 1053 1070 1073 1086 1104 1105 1115 1117 1127 1139 1143 1158 1175 1187 1199 1204 1221 1222 1230 1237 1264 1268 1289 1311 1323 1329 1339 1340 1370 1378 1391 1394 1395 1401 1403 1412 1419 1422 1424 1425 1429 1436 1483 1486 1487 1506 1528 1554 1574 1582 1584 1599 1639 1645 1648 1652 1653 1673 1683 1706 1708 1718 1725 1732 1735 1747 1756 1765 1776 1793 1797 1802 1808 1823 1827 1829 1836 1851 1852 1860 1882 1896 1900 1937 1959 1963 1983 1986 1996 2008 2027 2044 2057 2063 2083
3,70,CG-MOACO,area_s5_t300,0.30571161048689144,1600.774466433431,1.8547236990991407,1 9 31 38 63 67 79 80 98 105 106 114 132 137 141 150 152 173 175 176 178 189 200 206 215 218 220 226 230 245 252 257 270 284 286 317 348 356 371 379 391 415 440 450 462 475 495 508 519 528 544 558 565 578 584 593 605 613 615 650 658 700 711 719 734 736 740 747 749 760 772 775 802 812 815 825 828 846 862 868 871 910 911 913 917 929 936 941 943 951 967 972 977 982 1000 1012 1036 1062 1070 1081 1086 1089 1091 1104 1105 1117 1127 1139 1141 1143 1157 1173 1199 1223 1234 1236 1258 1260 1264 1280 1300 1304 1308 1310 1318 1323 1334 1339 1340 1370 1374 1383 1385 1394 1412 1423 1424 1434 1436 1446 1457 1480 1482 1490 1527 1529 1584 1599 1608 1639 1645 1649 1652 1674 1683 1703 1711 1719 1734 1747 1755 1766 1787 1792 1793 1797 1808 1819 1823 1828 1836 1840 1842 1851 1860 1882 1888 1896 1937 1963 1965 1983 1986 1989 2002 2008 2016 2023 2027 2045 2057 2063 2083
3,71,CG-MOACO,area_s5_t300,0.31132958801498123,1591.3500439417287,2.9257477676655586,9 64 76 83 91 105 109 114 121 137 152 153 166 175 176 206 215 218 220 226 230 235 252 263 272 276 317 332 334 371 379 386 390 399 404 415 420 440 449 450 464 465 472 483 485 489 496 504 528 532 543 545 547 554 560 562 591 593 605 641 654 674 676 700 708 716 719 734 740 750 760 762 771 775 776 790 808 840 846 862 868 917 925 936 941 957 958 978 982 998 1001 1009 1012 1024 1032 1039 1060 1064 1086 1104 1105 1107 1117 1126 1137 1139 1143 1150 1167 1170 1173 1183 1187 1188 1199 1202 1228 1234 1244 1262 1264 1278 1290 1293 1297 1311 1313 1323 1338 1339 1352 1360 1370 1378 1394 1412 1419 1422 1423 1425 1436 1440 1446 1448 1480 1484 1496 1535 1553 1582 1589 1637 1645 1652 1653 1656 1660 1672 1683 1689 1708 1718 1732 1756 1769 1787 1797 1802 1808 1813 1818 1823 1829 1839 1845 1873 1882 1888 1889 1901 1922 1946 1961 1963 1965 1967 1983 1996 2008 2023 2038 2058 2064 2080
3,72,CG-MOACO,area_s5_t300,0.26076779026217234,1706.014218660257,3.1368774282716245,1 5 42 47 76 78 80 86 98 102 137 156 165 174 175 176 182 184 189 196 200 218 220 230 252 257 260 270 272 277 278 284 285 308 310 334 356 359 364 371 379 393 395 415 426 432 437 440 450 458 465 467 472 489 497 508 528 533 545 554 559 562 564 593 602 605 612 616 622 654 708 716 719 728 734 740 760 783 790 802 806 850 858 862 868 902 910 911 929 936 941 957 958 977 982 999 1024 1028 1036 1039 1049 1056 1062 1064 1070 1086 1089 1105 1117 1127 1128 1137 1143 1158 1162 1170 1173 1183 1184 1187 1191 1202 1205 1223 1236 1237 1244 1264 1280 1296 1297 1304 1310 1313 1318 1323 1334 1336 1339 1359 1364 1370 1374 1375 1376 1383 1391 1412 1419 1423 1435 1482 1487 1490 1496 1518 1541 1565 1584 1606 1612 1618 1645 1652 1654 1670 1672 1708 1747 1754 1756 1765 1787 1797 1805 1808 1815 1819 1823 1833 1836 1840 1842 1854 1860 1882 1888 1896 1900 1926 1928 1937 1940 1954 1963 1983 2006 2008 2018 2023 2027 2037 2045 2058 2063 2065 2073 2080
3,73,CG-MOACO,area_s5_t300,0.27294007490636707,1677.057081305038,1.2649110640673518,1 14 26 31 55 61 80 91 98 102 111 117 137 152 153 175 176 179 189 196 200 220 231 252 256 261 263 265 270 285 292 299 308 311 317 319 334 338 344 362 378 396 415 449 450 452 475 496 503 525 528 530 544 545 559 562 566 578 593 602 613 615 626 654 678 692 700 708 716 719 734 740 750 760 766 771 773 775 790 802 808 825 836 862 868 875 910 911 913 917 929 946 948 966 980 991 994 999 1026 1028 1032 1036 1062 1064 1096 1104 1105 1127 1137 1143 1152 1158 1162 1170 1173 1187 1199 1202 1204 1221 1223 1230 1237 1244 1258 1264 1268 1279 1296 1304 1316 1318 1320 1323 1334 1339 1346 1359 1370 1375 1376 1378 1383 1395 1398 1410 1412 1419 1423 1424 1436 1480 1483 1487 1527 1529 1544 1554 1565 1615 1645 1652 1654 1672 1683 1700 1705 1708 1711 1718 1734 1735 1747 1756 1766 1797 1805 1808 1823 1827 1836 1842 1851 1854 1860 1865 1866 1882 1888 1896 1901 1922 1923 1944 1963 1965 1983 1986 2006 2023 2025 2027 2038 2058 2063
3,74,CG-MOACO,area_s5_t300,0.28885767790262173,1628.074554069676,2.0976176963403033,1 5 18 20 31 38 40 47 55 68 76 80 86 98 102 137 144 149 154 156 174 175 176 178 200 219 220 252 260 270 277 278 288 292 306 307 317 356 358 362 393 395 440 450 458 461 477 486 508 530 533 553 558 562 564 583 593 598 625 638 640 648 654 671 676 693 700 708 716 731 734 736 740 749 760 775 790 802 806 827 853 860 862 910 917 929 941 948 957 967 990 1000 1012 1016 1017 1021 1024 1028 1032 1039 1060 1064 1070 1089 1105 1126 1129 1137 1139 1143 1158 1170 1173 1183 1187 1199 1202 1223 1234 1237 1239 1256 1262 1279 1296 1304 1310 1316 1318 1331 1332 1334 1336 1339 1346 1359 1370 1372 1380 1384 1411 1412 1422 1423 1434 1435 1440 1469 1480 1482 1495 1524 1526 1535 1544 1565 1584 1619 1629 1643 1645 1647 1652 1673 1691 1700 1708 1711 1732 1755 1765 1779 1792 1793 1797 1806 1823 1827 1839 1840 1851 1878 1882 1932 1954 1964 1967 1983 1986 2008 2018 2023 2026 2027 2037 2039 2045 2057 2063 2083
3,75,CG-MOACO,area_s5_t300,0.2921348314606742,1625.776304588513,2.280350850198276,1 15 26 31 47 55 59 63 91 102 109 137 143 144 152 157 159 175 176 181 189 191 217 219 232 252 257 278 285 288 290 307 308 311 317 323 334 359 362 379 450 453 464 465 496 514 528 530 545 552 562 583 593 606 611 613 621 626 651 676 692 700 708 731 740 749 760 771 775 776 790 802 806 807 809 812 825 836 842 846 862 868 872 907 910 911 917 929 941 946 957 958 978 980 991 1001 1024 1042 1062 1064 1070 1086 1089 1105 1117 1126 1133 1137 1141 1143 1153 1158 1173 1183 1199 1202 1204 1237 1244 1256 1264 1278 1296 1302 1310 1314 1318 1323 1334 1339 1359 1369 1370 1373 1375 1376 1378 1380 1384 1386 1395 1401 1418 1423 1436 1446 1469 1482 1491 1496 1524 1528 1529 1559 1562 1584 1602 1615 1643 1645 1652 1654 1673 1700 1704 1726 1734 1739 1746 1751 1756 1765 1775 1797 1808 1811 1823 1839 1842 1849 1854 1860 1866 1878 1882 1889 1901 1909 1916 1946 1967 1983 2006 2018 2023 2055 2057 2063 2076 2080
3,76,CG-MOACO,area_s5_t300,0.300561797752809,1612.2388806488862,0.8,9 47 71 80 96 102 105 110 132 137 152 175 176 179 182 189 196 199 200 203 215 220 227 252 261 263 270 286 290 292 307 308 311 317 332 344 356 362 369 378 395 415 420 440 449 450 464 465 472 475 496 504 523 528 530 532 543 562 570 588 593 602 605 606 613 648 650 654 691 700 740 750 760 772 776 787 790 802 806 829 868 875 910 911 913 917 920 929 946 952 957 965 967 972 978 980 994 1029 1032 1036 1039 1058 1060 1070 1073 1086 1091 1102 1105 1123 1129 1137 1143 1173 1187 1199 1223 1224 1234 1256 1262 1264 1268 1279 1289 1316 1318 1323 1329 1339 1361 1370 1375 1383 1385 1394 1395 1398 1418 1422 1434 1436 1454 1480 1506 1524 1529 1544 1549 1562 1565 1571 1599 1606 1643 1645 1648 1652 1673 1683 1700 1708 1719 1732 1735 1756 1765 1789 1793 1797 1808 1823 1827 1839 1840 1851 1854 1860 1865 1882 1896 1901 1963 1979 1983 1986 1989 2006 2008 2023 2026 2027 2038 2044 2057 2078 2082
3,77,CG-MOACO,area_s5_t300,0.2696629213483146,1685.7568022941323,0.0,1 9 19 38 48 80 86 98 102 105 106 114 132 153 157 175 178 182 189 196 206 215 218 220 226 230 247 252 257 258 264 270 273 292 311 317 334 361 379 391 411 415 426 440 449 450 458 465 472 489 508 510 528 533 562 564 578 589 593 605 612 615 648 650 652 674 676 694 700 708 719 734 740 749 760 766 771 775 790 802 808 829 853 862 868 875 892 897 906 910 917 929 936 941 947 957 958 967 972 978 980 994 1012 1018 1035 1036 1039 1052 1062 1086 1105 1107 1126 1137 1143 1158 1175 1187 1199 1202 1203 1222 1228 1264 1280 1292 1296 1310 1311 1318 1323 1327 1334 1336 1338 1339 1347 1370 1385 1394 1412 1418 1423 1424 1426 1434 1435 1448 1458 1469 1482 1490 1528 1529 1535 1544 1554 1565 1584 1608 1643 1645 1650 1652 1660 1673 1705 1708 1719 1735 1738 1747 1756 1766 1777 1787 1792 1793 1797 1802 1808 1813 1818 1823 1840 1842 1851 1860 1882 1901 1937 1963 1965 1983 1986 1989 2006 2008 2023 2025 2033 2045 2057 2063 2078
3,78,CG-MOACO,area_s5_t300,0.29728464419475653,1641.2629418365127,0.6324555320336759,31 47 59 63 66 68 80 102 106 108 110 121 137 141 149 156 175 176 179 184 219 220 252 256 264 265 270 277 278 281 284 285 288 306 311 317 338 360 379 391 395 420 424 440 449 450 452 464 465 467 504 510 514 528 530 533 562 566 578 590 602 615 617 626 650 654 672 678 685 700 708 719 734 760 771 772 776 790 802 808 825 831 846 860 862 885 902 910 911 913 917 945 946 957 964 967 968 982 1036 1052 1056 1060 1070 1089 1105 1126 1133 1137 1143 1158 1162 1170 1173 1187 1199 1202 1204 1223 1230 1236 1237 1262 1264 1279 1323 1334 1339 1376 1378 1384 1387 1403 1412 1419 1422 1423 1430 1433 1436 1440 1445 1446 1448 1449 1455 1457 1469 1470 1473 1482 1544 1554 1559 1565 1584 1599 1618 1645 1649 1652 1654 1656 1672 1700 1708 1718 1720 1735 1738 1747 1755 1765 1769 1782 1792 1797 1808 1823 1827 1840 1845 1860 1865 1888 1892 1901 1937 1944 1966 1983 2005 2008 2009 2023 2026 2027 2045 2058 2063 2083
3,79,CG-MOACO,area_s5_t300,0.3469101123595506,1537.5647266864462,3.2,1 31 36 41 80 96 132 137 143 173 175 178 180 181 189 191 194 217 220 257 268 278 284 327 334 356 359 371 379 395 403 415 420 426 440 452 465 475 477 486 496 504 508 510 528 558 559 562 578 593 613 626 654 676 700 708 711 734 760 766 775 790 803 806 808 815 825 829 853 862 868 875 885 900 902 910 917 929 941 943 951 957 978 982 986 991 1007 1009 1024 1032 1034 1036 1060 1064 1073 1085 1086 1097 1105 1127 1139 1143 1158 1164 1167 1175 1187 1199 1222 1264 1268 1279 1303 1310 1318 1334 1336 1339 1353 1363 1375 1384 1403 1404 1412 1419 1423 1424 1434 1446 1448 1453 1469 1480 1483 1484 1520 1529 1544 1559 1566 1578 1582 1645 1652 1654 1673 1677 1705 1708 1726 1735 1747 1756 1775 1787 1793 1797 1808 1811 1812 1815 1829 1842 1881 1901 1922 1940 1954 1961 1963 1965 1989 1991 1999 2006 2023 2038 2046 2057 2063 2078
3,80,CG-MOACO,area_s5_t300,0.30290262172284643,1602.4488398255346,0.8944271909999159,1 9 26 59 64 78 80 98 99 102 106 108 122 137 139 141 143 156 165 175 176 180 184 189 199 220 252 257 260 276 277 300 310 317 334 350 351 358 370 379 449 450 458 464 465 469 489 508 528 559 589 593 603 613 615 622 624 625 648 650 654 678 700 708 716 731 734 738 740 749 760 771 783 790 802 806 808 828 850 860 862 910 911 939 941 944 957 958 960 973 978 999 1012 1016 1028 1039 1062 1089 1091 1098 1104 1105 1117 1127 1137 1143 1150 1158 1173 1187 1202 1223 1228 1230 1234 1239 1244 1262 1264 1268 1297 1308 1314 1319 1323 1334 1336 1339 1340 1343 1370 1384 1394 1403 1412 1418 1422 1423 1427 1432 1435 1446 1448 1453 1479 1483 1494 1496 1524 1535 1538 1559 1584 1606 1625 1645 1652 1660 1673 1688 1690 1697 1700 1708 1718 1726 1732 1747 1756 1768 1769 1787 1792 1793 1797 1823 1831 1840 1860 1881 1900 1924 1937 1946 1961 1965 1983 1991 1996 2018 2023 2037 2045 2057 2063
3,81,CG-MOACO,area_s5_t300,0.30243445692883897,1609.3876023108896,0.4,1 17 19 31 47 78 80 86 91 98 102 106 111 137 149 153 156 166 175 178 179 189 191 197 215 252 270 286 292 300 311 334 356 358 370 379 391 393 395 411 415 420 440 449 452 458 488 497 532 537 543 544 553 554 562 590 591 593 613 638 641 650 654 676 700 708 719 728 734 741 745 760 762 776 784 790 802 804 825 841 853 860 862 873 885 910 913 940 946 960 978 982 996 1016 1024 1032 1036 1042 1057 1060 1086 1089 1122 1127 1137 1143 1153 1162 1164 1168 1183 1187 1199 1202 1222 1230 1237 1241 1262 1280 1291 1297 1300 1314 1319 1320 1323 1343 1354 1375 1376 1385 1403 1412 1416 1419 1423 1434 1436 1448 1453 1469 1490 1496 1511 1524 1531 1540 1544 1560 1565 1571 1606 1616 1645 1648 1655 1700 1710 1711 1718 1734 1743 1750 1756 1765 1775 1797 1815 1823 1827 1839 1842 1845 1854 1860 1882 1888 1922 1928 1932 1937 1940 1954 1960 1963 1983 1986 2005 2017 2018 2027 2037 2057 2063 2076
3,82,CG-MOACO,area_s5_t300,0.28136704119850187,1652.4984681146236,2.244994432064365,1 9 31 38 47 80 86 91 98 102 105 107 111 114 137 174 175 180 189 200 219 252 257 270 276 278 286 289 310 317 334 348 356 362 379 399 403 415 420 426 440 449 450 461 465 481 496 537 545 562 576 593 602 605 608 612 616 621 626 650 654 658 671 700 705 708 734 740 750 760 775 776 783 787 790 802 806 825 833 847 868 885 900 905 907 910 917 929 941 957 965 967 978 980 1019 1024 1039 1042 1059 1062 1070 1078 1089 1105 1127 1128 1137 1143 1151 1158 1162 1173 1183 1187 1202 1205 1228 1237 1239 1259 1264 1278 1304 1318 1323 1327 1336 1339 1353 1361 1367 1375 1376 1383 1386 1403 1404 1412 1416 1419 1422 1430 1434 1435 1455 1462 1469 1482 1487 1524 1529 1544 1565 1571 1618 1638 1645 1652 1654 1660 1670 1700 1708 1718 1719 1726 1756 1779 1788 1797 1815 1827 1831 1839 1840 1845 1853 1860 1882 1885 1888 1900 1907 1937 1940 1944 1959 1963 1967 1983 1986 1989 1991 2008 2018 2023 2027 2037 2045 2058 2061 2063 2083
3,83,CG-MOACO,area_s5_t300,0.27855805243445697,1645.6713944671824,3.006659275674582,1 9 19 42 47 55 79 80 96 102 106 111 156 166 175 180 182 210 221 231 247 252 257 270 284 292 308 310 317 334 356 379 391 393 395 411 415 420 440 449 450 452 458 461 465 479 495 532 537 541 544 545 554 559 562 574 578 593 602 613 616 625 638 654 671 676 700 716 719 734 741 750 760 775 776 790 802 814 858 862 868 900 910 911 913 929 941 958 960 978 982 996 1008 1016 1017 1020 1024 1039 1041 1045 1060 1064 1089 1104 1127 1128 1137 1143 1151 1158 1162 1168 1183 1184 1187 1188 1199 1202 1204 1205 1223 1237 1239 1258 1262 1264 1270 1278 1296 1311 1318 1323 1334 1338 1339 1340 1343 1361 1375 1383 1395 1398 1403 1404 1412 1419 1422 1423 1434 1435 1440 1483 1487 1524 1527 1529 1556 1565 1571 1615 1645 1648 1652 1673 1708 1709 1718 1720 1726 1734 1747 1756 1765 1779 1781 1787 1793 1797 1812 1815 1836 1845 1849 1854 1865 1882 1909 1923 1928 1937 1940 1965 1983 1986 2008 2023 2038 2046 2049 2057 2063 2083
3,84,CG-MOACO,area_s5_t300,0.25514981273408244,1748.2476703459722,1.9390719429665317,1 5 9 20 31 38 42 55 77 78 80 86 89 98 99 102 106 111 137 143 153 155 172 174 175 176 178 189 196 226 230 252 258 260 265 270 277 284 291 300 317 334 338 393 420 424 440 450 465 475 497 508 528 552 562 578 583 589 593 602 605 606 611 613 622 626 648 650 672 676 708 716 719 740 760 767 771 772 790 796 802 806 812 825 831 848 862 868 910 911 929 941 957 958 960 978 982 991 1001 1009 1024 1036 1039 1042 1043 1060 1068 1070 1079 1089 1104 1105 1107 1117 1127 1137 1139 1143 1158 1162 1183 1187 1199 1202 1204 1222 1230 1237 1244 1264 1280 1297 1300 1304 1318 1323 1334 1336 1339 1363 1367 1370 1375 1376 1378 1383 1385 1395 1398 1400 1403 1412 1419 1423 1434 1436 1454 1490 1496 1524 1527 1541 1544 1565 1571 1606 1645 1649 1652 1654 1670 1673 1674 1683 1718 1720 1726 1734 1747 1756 1776 1787 1789 1797 1808 1815 1823 1836 1842 1854 1881 1901 1909 1937 1948 1961 1963 1983 1986 2006 2008 2014 2016 2018 2023 2026 2037 2045 2057 2063 2076
3,85,CG-MOACO,area_s5_t300,0.29868913857677903,1635.2547876229355,1.019803902718557,1 9 31 36 40 47 55 79 80 83 86 102 105 106 110 137 152 156 172 175 178 180 189 196 210 257 265 270 275 284 285 317 321 325 334 371 379 386 391 393 413 415 440 449 456 458 465 474 497 508 515 530 554 559 562 574 593 602 605 613 615 617 626 648 650 654 674 676 700 708 716 719 734 750 760 771 784 804 807 825 860 878 897 907 910 929 941 948 957 966 977 1028 1036 1042 1062 1070 1085 1096 1105 1117 1126 1129 1137 1139 1143 1145 1158 1162 1173 1179 1183 1187 1188 1199 1202 1208 1228 1230 1237 1257 1262 1264 1268 1269 1279 1290 1296 1314 1318 1339 1342 1369 1375 1376 1378 1385 1395 1398 1412 1419 1423 1434 1436 1448 1480 1483 1496 1529 1531 1544 1559 1565 1578 1615 1645 1652 1654 1673 1709 1718 1732 1756 1765 1775 1777 1779 1787 1797 1802 1806 1815 1823 1831 1836 1839 1840 1842 1845 1852 1860 1882 1896 1928 1937 1940 1954 1963 1965 1967 1983 2001 2008 2023 2038 2057 2063 2080
3,86,CG-MOACO,area_s5_t300,0.32911985018726597,1578.8475165702662,1.624807680927192,1 9 26 31 55 61 78 80 105 106 119 121 144 173 175 189 196 198 206 240 247 252 257 264 285 292 311 317 334 348 356 358 371 379 391 403 442 449 450 462 475 504 508 528 544 545 547 562 571 580 588 593 613 621 626 658 676 687 700 708 731 734 740 750 760 790 802 807 808 812 825 831 841 868 875 900 910 911 917 925 929 936 941 965 972 978 980 994 1012 1020 1024 1029 1031 1039 1042 1060 1068 1084 1086 1096 1107 1127 1133 1137 1143 1158 1167 1173 1199 1202 1262 1264 1293 1300 1304 1319 1323 1334 1336 1363 1367 1372 1376 1393 1403 1404 1412 1413 1419 1422 1423 1436 1445 1470 1480 1483 1487 1490 1520 1544 1554 1582 1599 1606 1616 1645 1649 1652 1676 1678 1697 1711 1718 1726 1734 1765 1791 1797 1803 1808 1827 1839 1853 1860 1888 1893 1901 1928 1954 1959 1963 1964 1967 1983 1986 1991 1996 2006 2008 2016 2023 2031 2038 2057 2073 2082 2083
3,87,CG-MOACO,area_s5_t300,0.26357677902621723,1697.13451268201,3.3823069050575527,1 5 47 63 80 95 98 102 105 106 117 132 137 141 157 165 175 176 180 182 189 215 219 220 252 257 260 265 270 276 277 278 284 285 288 292 307 317 334 350 359 370 379 393 410 431 449 450 453 458 465 483 488 497 503 528 537 539 543 545 554 566 580 588 593 605 613 615 621 632 638 650 654 676 700 708 734 740 749 750 760 771 790 802 825 833 835 851 858 862 868 875 885 905 908 910 911 917 929 941 958 975 980 985 1012 1028 1036 1039 1060 1070 1085 1105 1126 1128 1137 1139 1143 1145 1151 1158 1170 1173 1187 1191 1199 1202 1205 1221 1223 1228 1237 1262 1264 1279 1304 1310 1311 1334 1336 1338 1339 1345 1364 1399 1400 1402 1404 1412 1422 1423 1427 1434 1435 1446 1448 1454 1469 1480 1483 1487 1490 1495 1524 1544 1571 1599 1606 1614 1643 1645 1652 1673 1683 1686 1700 1708 1719 1726 1732 1747 1756 1765 1769 1775 1787 1792 1797 1800 1802 1808 1836 1845 1860 1882 1937 1951 1965 1983 1995 2008 2018 2023 2037 2045 2046 2057 2063 2083
3,88,CG-MOACO,area_s5_t300,0.28277153558052437,1656.2272195074745,1.7435595774162693,1 31 38 80 90 98 102 105 137 143 144 152 154 173 175 176 189 215 218 220 240 245 252 270 276 278 288 292 306 311 317 356 358 362 371 379 391 393 398 415 420 421 440 450 458 463 465 467 475 484 497 504 508 528 539 559 562 578 583 593 602 607 611 613 625 671 708 711 719 731 734 740 760 763 775 790 802 812 860 862 875 890 908 910 911 913 929 935 936 941 948 957 958 965 982 994 1001 1024 1028 1032 1039 1056 1059 1062 1070 1105 1126 1137 1143 1158 1162 1170 1173 1187 1191 1199 1202 1223 1234 1237 1242 1257 1262 1264 1268 1274 1280 1304 1308 1310 1318 1327 1334 1339 1363 1367 1370 1378 1380 1384 1386 1412 1416 1419 1423 1434 1436 1453 1469 1482 1518 1524 1526 1529 1535 1544 1565 1576 1584 1599 1614 1645 1652 1672 1700 1705 1735 1747 1756 1766 1769 1787 1792 1797 1808 1823 1840 1842 1849 1854 1860 1865 1866 1882 1888 1901 1923 1932 1937 1961 1965 1969 1983 1986 1989 2006 2023 2045 2049 2058 2063 2083
3,89,CG-MOACO,area_s5_t300,0.28698501872659177,1652.310854397043,0.4,1 9 31 38 42 47 55 60 79 80 98 102 144 154 156 165 174 175 185 189 191 218 220 247 252 257 264 270 284 308 310 315 317 334 356 362 371 379 403 406 437 440 449 450 458 461 465 479 508 528 530 533 537 547 580 584 589 593 606 608 611 612 626 641 648 654 676 700 708 712 716 740 760 772 790 802 806 807 808 825 846 862 868 900 911 941 957 958 967 972 975 999 1001 1008 1024 1036 1039 1060 1064 1086 1089 1097 1105 1110 1117 1127 1137 1150 1158 1163 1173 1183 1187 1190 1199 1202 1205 1228 1231 1237 1259 1262 1264 1279 1296 1304 1318 1320 1327 1336 1339 1360 1370 1375 1378 1383 1385 1398 1402 1412 1419 1424 1434 1453 1455 1457 1469 1483 1528 1529 1532 1544 1565 1584 1615 1631 1645 1652 1654 1658 1667 1708 1718 1747 1751 1753 1756 1765 1768 1769 1775 1787 1797 1808 1809 1812 1823 1831 1836 1842 1866 1882 1888 1901 1909 1937 1966 1983 1986 1991 2001 2008 2018 2023 2037 2049 2058 2063 2083
3,90,CG-MOACO,area_s5_t300,0.3188202247191011,1573.5397932306314,2.7129319932501077,1 31 39 80 98 122 132 137 144 149 153 162 166 175 189 196 201 215 218 220 222 252 257 265 269 276 277 285 292 311 317 323 334 379 415 420 440 450 461 465 467 475 479 496 508 528 530 544 545 562 566 593 599 605 606 625 651 654 700 708 716 719 740 748 771 772 775 802 815 821 829 846 851 856 862 868 885 905 910 911 913 915 917 929 941 980 999 1012 1024 1031 1039 1060 1064 1089 1104 1105 1126 1128 1137 1143 1158 1167 1173 1187 1199 1202 1204 1205 1221 1223 1229 1236 1241 1258 1262 1264 1292 1302 1304 1310 1318 1323 1334 1339 1360 1361 1367 1370 1392 1403 1411 1412 1423 1427 1428 1448 1457 1480 1483 1487 1495 1511 1524 1544 1566 1571 1584 1599 1616 1618 1645 1649 1654 1660 1672 1705 1719 1726 1734 1756 1765 1777 1788 1797 1802 1808 1818 1823 1839 1842 1845 1851 1853 1857 1878 1888 1901 1922 1959 1963 1965 1967 1983 1986 2006 2008 2023 2026 2038 2058 2063
3,91,CG-MOACO,area_s5_t300,0.27762172284644193,1656.8888156952978,0.8,1 31 42 47 55 80 94 98 102 106 122 132 155 165 172 175 178 217 220 221 245 247 252 257 260 270 272 275 277 278 285 317 334 337 338 359 371 379 393 398 410 415 424 440 442 445 449 450 465 503 509 528 530 554 580 589 593 602 605 613 617 632 648 650 676 685 700 708 719 734 741 744 760 766 771 790 802 806 807 812 825 853 862 868 887 892 910 913 929 936 943 952 956 957 958 972 978 1001 1024 1028 1036 1051 1052 1062 1086 1089 1105 1107 1117 1127 1137 1139 1143 1153 1162 1173 1187 1199 1202 1205 1237 1244 1261 1264 1268 1297 1304 1310 1318 1323 1334 1339 1343 1370 1375 1376 1385 1392 1394 1402 1403 1411 1412 1419 1422 1423 1424 1434 1437 1440 1448 1457 1483 1495 1544 1554 1565 1606 1612 1645 1648 1649 1652 1660 1672 1697 1708 1719 1732 1738 1747 1756 1765 1769 1787 1797 1802 1809 1823 1836 1869 1882 1888 1937 1959 1963 1966 1983 1986 1989 2006 2016 2018 2023 2026 2027 2037 2045 2047 2058 2063 2065
3,92,CG-MOACO,area_s5_t300,0.2457865168539326,1755.1867023952564,2.6076809620810595,1 47 55 59 78 80 90 91 98 102 117 137 154 175 176 178 182 184 189 200 218 226 230 252 256 258 261 270 275 278 285 288 316 319 334 338 358 362 371 391 395 403 415 440 448 449 450 456 458 461 467 504 528 530 545 554 559 562 580 593 602 605 608 615 626 638 650 654 700 708 716 719 722 734 741 760 771 776 784 790 802 804 807 808 825 862 868 883 894 900 906 929 936 941 947 957 958 960 965 980 1001 1022 1028 1036 1039 1042 1053 1060 1070 1086 1089 1105 1117 1127 1129 1139 1143 1158 1162 1173 1183 1187 1199 1234 1237 1244 1256 1262 1264 1268 1278 1290 1296 1304 1310 1314 1320 1323 1327 1334 1336 1339 1347 1352 1360 1370 1376 1378 1383 1395 1398 1403 1412 1422 1423 1425 1426 1436 1453 1469 1483 1487 1502 1524 1527 1529 1544 1566 1584 1606 1627 1645 1652 1654 1673 1677 1683 1708 1711 1742 1756 1787 1792 1797 1808 1815 1823 1830 1833 1836 1839 1845 1854 1860 1865 1882 1884 1923 1928 1937 1940 1944 1959 1965 1967 1983 2006 2008 2018 2023 2037 2045 2057 2063 2074
3,93,CG-MOACO,area_s5_t300,0.2724719101123596,1668.1424245672026,2.5298221281347035,1 9 47 55 71 80 96 102 105 111 132 137 153 156 165 167 175 176 179 182 189 196 200 215 252 256 260 270 290 292 300 308 317 334 356 362 370 376 379 415 429 440 450 452 458 461 465 486 508 523 528 530 545 558 559 562 593 613 615 644 650 654 671 676 692 700 708 734 740 748 760 775 790 802 806 809 815 829 848 858 862 868 887 896 902 907 910 911 917 929 957 958 967 978 982 994 1001 1012 1016 1036 1039 1042 1062 1070 1089 1104 1105 1127 1137 1139 1143 1151 1152 1158 1167 1183 1187 1199 1202 1205 1222 1228 1234 1262 1264 1268 1280 1292 1304 1310 1315 1318 1331 1334 1336 1339 1346 1347 1353 1361 1370 1373 1375 1384 1392 1394 1395 1412 1419 1423 1426 1429 1434 1453 1457 1480 1524 1529 1565 1571 1584 1590 1616 1645 1648 1652 1670 1673 1708 1747 1751 1756 1785 1787 1793 1797 1808 1823 1836 1842 1857 1860 1865 1882 1896 1901 1916 1937 1940 1954 1961 1963 1983 1986 1991 2018 2023 2027 2034 2037 2045 2057 2063 2078 2082
3,94,CG-MOACO,area_s5_t300,0.3061797752808989,1600.0436894776585,4.049691346263317,1 5 31 47 55 71 78 80 105 106 122 132 137 153 165 175 176 189 196 201 219 245 252 257 261 272 285 292 307 308 311 317 334 337 338 341 356 359 391 412 430 440 450 452 458 464 465 475 480 494 503 528 533 539 542 555 560 562 570 580 591 593 626 676 685 708 712 716 734 749 760 790 796 802 807 808 812 825 827 850 862 868 890 903 910 911 913 917 925 929 939 941 949 956 957 958 967 978 980 999 1001 1012 1016 1024 1031 1039 1041 1062 1064 1070 1086 1089 1104 1105 1127 1137 1143 1150 1158 1167 1187 1199 1202 1204 1215 1248 1259 1262 1268 1280 1292 1318 1323 1339 1370 1372 1384 1403 1412 1419 1422 1425 1435 1458 1469 1482 1496 1506 1520 1529 1535 1544 1565 1590 1599 1606 1643 1645 1649 1652 1670 1677 1708 1718 1726 1747 1765 1775 1777 1804 1808 1811 1812 1819 1823 1854 1860 1867 1871 1878 1909 1963 1965 1983 2001 2008 2009 2018 2023 2026 2037 2045 2057 2063 2076
3,95,CG-MOACO,area_s5_t300,0.28558052434456926,1674.2842935647154,0.7483314773547882,1 9 19 24 31 47 78 80 91 98 102 106 129 137 141 144 156 175 176 197 200 201 215 218 221 252 256 265 270 278 285 292 311 317 319 334 371 379 386 403 415 420 424 440 445 449 450 465 467 475 477 495 504 528 536 545 554 560 562 593 602 605 627 629 644 654 685 700 708 719 734 740 750 760 771 772 790 806 825 856 862 868 875 896 902 910 911 929 944 946 956 958 960 978 982 1024 1032 1036 1045 1062 1064 1073 1097 1105 1127 1128 1131 1137 1143 1158 1162 1168 1187 1199 1202 1222 1224 1237 1239 1244 1262 1264 1293 1294 1295 1302 1304 1308 1310 1316 1318 1334 1336 1339 1363 1370 1375 1376 1378 1384 1398 1403 1412 1419 1422 1423 1429 1434 1440 1454 1518 1529 1544 1565 1590 1599 1642 1643 1645 1652 1654 1672 1677 1697 1735 1753 1756 1765 1775 1797 1808 1823 1827 1833 1836 1839 1840 1854 1860 1882 1888 1901 1919 1922 1937 1959 1963 1966 1984 1989 2006 2008 2023 2026 2027 2036 2038 2044 2058 2063 2076
3,96,CG-MOACO,area_s5_t300,0.30243445692883897,1607.531228423363,2.638181191654584,1 9 20 31 36 76 79 80 98 102 114 137 142 152 165 166 174 175 184 187 189 191 196 219 226 230 241 260 270 272 284 285 307 308 310 317 334 356 358 362 440 449 453 458 465 503 510 537 543 559 584 589 592 593 605 609 611 613 617 626 648 654 671 700 705 708 734 738 741 745 760 766 790 802 806 808 825 828 840 860 862 871 879 889 900 902 910 917 929 936 941 952 957 958 973 977 980 1001 1024 1032 1042 1056 1060 1070 1091 1104 1105 1117 1127 1143 1162 1170 1187 1199 1202 1222 1228 1234 1236 1239 1244 1261 1264 1279 1296 1297 1302 1308 1310 1318 1323 1334 1336 1339 1359 1369 1370 1375 1384 1387 1411 1412 1419 1423 1424 1435 1469 1483 1495 1527 1544 1554 1559 1565 1584 1590 1606 1627 1643 1645 1652 1673 1677 1706 1726 1747 1756 1765 1779 1787 1793 1797 1815 1823 1833 1842 1849 1854 1882 1900 1926 1928 1932 1937 1940 1965 1983 1989 2006 2018 2026 2027 2037 2057 2063 2078
3,97,CG-MOACO,area_s5_t300,0.28417602996254676,1679.4148211637646,0.4898979485566356,1 20 38 42 47 55 71 78 80 86 94 98 102 106 111 114 132 137 141 144 153 157 175 176 182 189 200 221 252 270 284 285 292 300 308 311 334 338 359 391 411 415 424 427 440 449 450 461 508 537 543 554 559 562 580 593 602 605 613 626 648 650 654 676 700 708 715 716 719 734 738 741 750 760 763 771 775 790 802 808 811 825 833 853 860 862 907 910 913 936 941 946 957 958 980 1017 1024 1036 1039 1045 1062 1070 1086 1089 1096 1105 1126 1137 1143 1151 1158 1162 1167 1183 1187 1191 1199 1202 1205 1222 1236 1244 1264 1279 1296 1304 1310 1318 1323 1332 1334 1339 1342 1354 1370 1376 1384 1398 1403 1406 1412 1419 1422 1423 1434 1435 1453 1458 1480 1483 1490 1526 1528 1529 1544 1565 1571 1590 1612 1627 1643 1645 1652 1672 1690 1708 1711 1720 1722 1726 1734 1756 1766 1785 1792 1797 1808 1823 1827 1839 1849 1854 1860 1882 1888 1894 1901 1923 1924 1931 1940 1964 1967 1983 1999 2018 2023 2027 2037 2045 2058 2063 2078
3,98,CG-MOACO,area_s5_t300,0.29026217228464424,1634.5351902780276,1.4142135623730951,1 5 31 47 55 59 80 102 106 117 122 132 137 162 172 174 175 176 189 200 218 226 230 235 252 257 260 261 272 277 278 285 291 308 310 316 355 359 371 415 427 440 449 450 477 494 496 508 525 544 562 578 589 593 602 605 612 626 638 648 650 654 685 697 700 708 716 734 763 766 771 790 802 808 820 825 827 836 853 862 868 875 910 917 925 929 941 946 958 966 972 978 980 1001 1017 1024 1036 1042 1056 1062 1077 1086 1105 1117 1126 1129 1137 1143 1158 1174 1199 1202 1205 1221 1222 1228 1234 1237 1260 1264 1268 1279 1295 1316 1318 1323 1327 1334 1336 1339 1363 1370 1375 1376 1385 1394 1395 1398 1403 1412 1419 1423 1424 1429 1434 1454 1458 1469 1535 1544 1565 1582 1584 1606 1615 1625 1627 1643 1645 1652 1697 1700 1708 1709 1711 1718 1726 1747 1751 1755 1766 1779 1797 1803 1823 1830 1840 1842 1860 1881 1888 1892 1922 1928 1937 1940 1944 1963 1983 1986 2001 2006 2008 2009 2023 2024 2038 2057 2063 2083
3,99,CG-MOACO,area_s5_t300,0.27715355805243447,1670.0494445734103,2.0591260281974,1 24 38 40 59 72 80 86 102 106 129 132 137 149 156 165 172 175 176 179 182 189 220 232 252 257 261 270 278 284 286 290 311 317 334 356 371 386 409 411 415 440 450 480 496 497 516 528 532 537 552 554 555 562 588 593 608 613 626 638 643 659 671 716 719 731 734 740 760 776 783 790 796 806 808 812 825 841 860 862 871 907 910 911 913 925 929 936 941 946 958 978 985 1001 1020 1024 1028 1032 1036 1060 1064 1070 1089 1105 1107 1117 1123 1126 1137 1143 1158 1162 1168 1173 1183 1187 1223 1237 1239 1262 1264 1268 1279 1297 1300 1304 1308 1314 1318 1323 1324 1339 1343 1363 1370 1378 1384 1398 1403 1412 1418 1434 1436 1441 1445 1454 1469 1483 1517 1528 1529 1544 1554 1565 1584 1603 1608 1643 1645 1648 1660 1705 1711 1718 1726 1735 1747 1756 1769 1792 1793 1797 1808 1823 1827 1831 1840 1842 1845 1854 1860 1882 1888 1892 1921 1937 1963 1969 1983 1986 2005 2008 2016 2023 2025 2027 2036 2045 2047 2057 2063 2076 2083
4,0,CG-MOACO,area_s5_t300,0.38155430711610483,1498.0879078139867,2.1354156504062622,1 9 17 19 31 43 78 80 99 101 102 106 112 114 121 129 137 142 143 167 172 175 176 202 221 241 261 275 276 279 284 306 319 335 356 369 371 386 415 426 438 440 449 450 461 489 506 509 514 525 547 571 578 588 590 592 593 616 625 654 661 671 675 700 705 708 716 719 723 741 762 776 806 829 870 877 879 884 894 896 910 929 980 1007 1012 1020 1024 1032 1039 1053 1062 1065 1096 1113 1115 1124 1127 1129 1143 1158 1173 1182 1199 1223 1234 1237 1243 1248 1272 1278 1306 1315 1335 1340 1366 1378 1394 1423 1439 1470 1483 1502 1529 1531 1563 1574 1577 1584 1600 1602 1606 1614 1615 1627 1642 1644 1645 1647 1652 1660 1673 1705 1711 1718 1732 1735 1750 1756 1784 1787 1793 1797 1802 1804 1820 1822 1823 1825 1842 1860 1866 1870 1922 1924 1932 1940 1946 1961 1983 1996 2004 2038 2047 2057
4,1,CG-MOACO,area_s5_t300,0.42790262172284643,1426.6301278291087,2.785677655436824,1 5 14 41 64 84 91 98 99 112 121 134 137 165 169 175 176 179 189 199 214 261 277 285 300 317 334 335 351 360 386 391 393 401 412 449 465 467 474 491 500 504 506 510 524 533 553 571 580 586 593 602 629 644 646 648 658 687 695 708 719 724 750 756 760 771 776 800 815 840 855 868 877 885 894 899 905 931 1002 1008 1016 1020 1024 1039 1052 1060 1064 1084 1089 1127 1130 1151 1158 1173 1179 1187 1193 1199 1201 1203 1223 1236 1259 1264 1279 1282 1298 1303 1320 1339 1361 1366 1372 1384 1394 1403 1405 1450 1453 1455 1458 1491 1494 1524 1528 1535 1544 1562 1571 1614 1627 1641 1645 1651 1659 1676 1705 1721 1738 1747 1756 1781 1797 1800 1822 1823 1828 1854 1865 1869 1895 1909 1932 1945 1965 1984 2004 2038 2057 2063 2082
4,2,CG-MOACO,area_s5_t300,0.35486891385767794,1542.0070212202277,2.1540659228538015,5 9 34 36 40 46 59 64 65 80 83 102 106 137 144 148 153 165 172 175 185 196 218 220 257 261 263 270 277 284 285 307 311 317 334 348 352 365 399 412 429 445 449 458 465 497 503 515 516 525 552 562 571 579 590 592 593 599 606 615 626 637 654 700 705 712 716 720 748 760 771 774 790 804 806 830 846 862 866 885 889 905 911 918 941 944 955 960 974 978 980 985 995 998 1011 1039 1062 1086 1092 1105 1123 1126 1143 1149 1154 1158 1164 1169 1187 1199 1223 1262 1279 1293 1303 1331 1339 1363 1374 1384 1395 1412 1419 1420 1423 1440 1454 1482 1490 1494 1496 1506 1524 1531 1540 1544 1590 1605 1625 1628 1642 1645 1649 1652 1654 1673 1678 1683 1684 1690 1708 1718 1726 1731 1747 1769 1778 1787 1792 1795 1808 1854 1866 1871 1873 1882 1902 1926 1963 1983 1996 2001 2005 2008 2018 2023 2037 2045 2046 2049 2063 2066 2070
4,3,CG-MOACO,area_s5_t300,0.4157303370786517,1446.9186454735282,1.8330302779823362,1 9 17 36 47 56 70 79 83 118 121 132 136 137 144 157 159 167 175 182 203 218 237 241 248 261 269 289 307 308 317 323 378 400 445 449 452 457 465 477 484 508 518 554 564 578 588 593 627 630 671 687 700 708 723 760 766 772 790 800 803 806 809 818 825 860 862 877 903 918 925 929 941 949 957 964 973 977 980 1001 1006 1016 1060 1097 1105 1109 1111 1153 1159 1164 1175 1185 1199 1222 1237 1241 1266 1296 1318 1323 1333 1334 1338 1339 1341 1361 1377 1385 1391 1404 1423 1428 1440 1441 1448 1449 1461 1478 1481 1483 1493 1508 1519 1529 1544 1552 1556 1565 1598 1606 1641 1674 1680 1685 1687 1690 1703 1718 1747 1756 1766 1786 1787 1797 1802 1819 1842 1860 1867 1922 1963 1984 1987 1989 1997 2001 2006 2009 2010 2038 2058 2063 2074 2080 2082 2083
4,4,CG-MOACO,area_s5_t300,0.39653558052434457,1474.7101030575202,2.1354156504062622,1 5 48 65 80 85 90 91 98 105 119 132 137 151 164 168 175 176 178 180 182 189 209 219 221 236 252 269 277 285 288 307 334 341 350 379 386 406 423 449 450 454 461 465 477 500 518 579 595 598 617 621 626 629 654 687 698 700 726 738 760 770 771 773 776 790 806 808 818 820 825 835 857 858 860 867 878 885 888 910 940 943 965 973 978 980 1011 1024 1055 1077 1105 1124 1143 1144 1149 1174 1185 1199 1202 1203 1205 1223 1243 1262 1276 1295 1309 1310 1327 1329 1331 1334 1361 1377 1411 1423 1433 1446 1448 1449 1455 1486 1487 1494 1504 1524 1525 1535 1542 1544 1571 1582 1584 1608 1615 1652 1658 1675 1700 1705 1723 1735 1756 1765 1768 1774 1779 1787 1790 1797 1800 1802 1815 1823 1839 1866 1888 1890 1900 1913 1919 1928 1946 1983 2009 2023 2058 2063 2072 2073 2083
4,5,CG-MOACO,area_s5_t300,0.3960674157303371,1474.8074411185887,1.7204650534085253,1 30 47 64 68 80 102 113 119 129 133 137 152 155 176 180 181 187 189 200 219 235 237 245 257 284 291 307 308 311 319 334 362 379 396 428 431 438 440 449 464 489 501 504 508 562 579 615 626 631 648 649 656 671 685 708 735 736 741 743 745 748 750 773 802 815 828 836 862 867 872 877 902 910 911 929 939 942 946 947 968 977 996 1011 1036 1042 1053 1062 1075 1080 1089 1091 1111 1126 1137 1153 1168 1199 1202 1241 1256 1258 1262 1264 1280 1308 1314 1318 1351 1359 1361 1367 1375 1383 1392 1400 1410 1423 1434 1435 1446 1480 1490 1507 1532 1538 1544 1553 1561 1562 1565 1591 1594 1602 1615 1636 1645 1701 1703 1711 1718 1738 1745 1750 1753 1755 1795 1808 1818 1823 1839 1842 1847 1866 1867 1874 1882 1887 1901 1946 1965 1969 1984 1999 2017 2023 2038 2058 2064 2080 2083
4,6,CG-MOACO,area_s5_t300,0.39934456928838946,1482.6601900828896,1.2649110640673518,34 48 59 65 80 85 86 114 134 154 175 180 182 188 200 205 211 219 247 261 263 275 278 288 302 306 307 310 319 336 385 395 403 424 427 429 445 448 465 487 497 536 545 552 554 558 559 562 588 613 629 650 664 666 675 694 700 708 728 729 734 740 787 814 828 834 852 858 862 877 900 908 911 917 928 931 941 943 957 958 975 984 985 991 1004 1005 1024 1035 1055 1096 1105 1141 1153 1173 1181 1199 1202 1205 1223 1237 1264 1266 1270 1275 1278 1288 1307 1308 1327 1334 1336 1345 1349 1350 1359 1361 1370 1394 1411 1423 1446 1483 1486 1487 1492 1527 1541 1544 1554 1602 1608 1615 1629 1645 1651 1667 1672 1697 1701 1718 1720 1725 1755 1779 1787 1792 1797 1803 1823 1828 1839 1842 1846 1867 1882 1900 1959 1978 1983 1989 1993 2006 2012 2014 2015 2026 2032 2033 2058 2083
4,7,CG-MOACO,area_s5_t300,0.3834269662921348,1480.4661805968324,1.8330302779823362,9 55 65 80 98 117 129 175 178 180 182 189 197 214 215 219 220 245 247 252 257 261 270 278 284 288 292 306 307 317 318 341 343 369 378 397 403 412 437 448 453 457 465 478 490 496 497 502 503 519 530 545 554 558 584 593 605 613 615 650 693 700 734 738 740 760 765 769 794 802 823 862 872 876 877 888 906 910 911 917 920 929 949 980 995 1000 1011 1020 1053 1058 1060 1105 1123 1139 1143 1150 1156 1158 1162 1176 1199 1221 1223 1227 1237 1243 1251 1259 1262 1264 1268 1288 1295 1304 1323 1353 1373 1383 1395 1398 1403 1404 1410 1412 1414 1435 1480 1487 1511 1524 1527 1529 1542 1565 1599 1603 1606 1608 1619 1667 1670 1686 1687 1718 1735 1745 1749 1756 1775 1787 1793 1797 1805 1810 1813 1815 1822 1825 1839 1840 1842 1854 1860 1867 1882 1980 1983 1987 1993 2014 2044 2046 2058 2076
4,8,CG-MOACO,area_s5_t300,0.4073033707865169,1443.9167555128827,3.249615361854384,9 17 24 31 38 78 80 100 102 108 118 119 122 144 157 175 189 203 217 219 220 247 260 261 270 277 285 289 309 311 362 373 378 383 384 395 398 407 409 429 440 449 466 470 484 508 523 539 559 562 594 608 611 626 638 645 653 659 668 685 691 700 708 712 740 750 771 774 786 802 807 830 834 841 865 868 889 906 911 940 954 960 975 991 999 1013 1029 1037 1043 1056 1060 1086 1096 1127 1149 1190 1199 1202 1224 1237 1244 1268 1279 1292 1294 1296 1300 1308 1318 1334 1341 1378 1399 1404 1418 1423 1435 1437 1450 1470 1498 1544 1567 1571 1580 1581 1583 1598 1615 1616 1622 1645 1649 1706 1711 1717 1733 1735 1745 1749 1750 1753 1756 1761 1763 1788 1797 1809 1812 1825 1829 1839 1842 1851 1878 1882 1888 1899 1918 1924 1945 1963 1970 1983 1991 1998 2006 2024 2082
4,9,CG-MOACO,area_s5_t300,0.41198501872659177,1432.6423354720212,1.8973665961010275,3 20 26 34 40 43 44 46 55 59 80 82 86 98 128 137 144 172 175 178 182 189 191 252 263 284 290 311 314 317 319 369 397 400 411 412 419 425 429 450 465 478 486 516 525 530 536 544 562 616 620 626 630 639 647 650 695 708 734 737 760 766 771 790 796 807 812 857 870 877 911 918 943 946 951 978 980 995 1001 1007 1016 1020 1024 1029 1032 1037 1039 1042 1071 1089 1102 1158 1168 1176 1198 1204 1225 1237 1258 1262 1264 1306 1318 1333 1334 1338 1339 1366 1383 1386 1392 1399 1403 1404 1419 1423 1428 1437 1446 1480 1482 1503 1529 1537 1544 1554 1562 1583 1589 1602 1615 1677 1697 1718 1732 1735 1738 1756 1774 1778 1793 1804 1808 1834 1839 1842 1854 1867 1872 1887 1901 1907 1920 1926 1969 1970 1983 1989 2008 2009 2012 2026 2038 2058 2066
4,10,CG-MOACO,area_s5_t300,0.4002808988764045,1482.2490094548498,1.4142135623730951,1 40 55 64 80 91 97 105 108 114 127 143 144 148 153 175 187 189 216 218 220 235 246 247 259 261 306 308 317 365 369 378 386 393 394 404 426 431 458 461 465 500 503 527 537 580 583 588 592 601 608 611 664 700 705 712 726 727 734 740 750 759 760 770 771 772 786 790 793 860 866 876 903 905 908 911 935 957 959 974 978 980 1024 1029 1036 1075 1097 1101 1111 1118 1123 1124 1127 1139 1153 1157 1162 1175 1191 1199 1243 1251 1258 1264 1278 1282 1288 1300 1310 1313 1334 1339 1369 1383 1402 1404 1410 1412 1423 1435 1450 1458 1480 1486 1496 1529 1532 1548 1598 1607 1616 1637 1645 1647 1649 1672 1684 1724 1753 1756 1765 1779 1787 1791 1798 1809 1812 1839 1842 1856 1866 1867 1877 1900 1918 1940 1959 1963 1965 1967 1984 1985 1989 2006 2012 2019 2046 2058 2074 2083
4,11,CG-MOACO,area_s5_t300,0.398876404494382,1464.2862568971934,2.65329983228432,5 29 31 36 38 47 59 78 83 87 102 109 124 134 165 175 181 189 201 211 215 219 221 226 230 248 258 278 307 308 311 316 331 334 335 362 379 425 437 440 449 502 508 528 544 562 582 590 594 597 605 607 610 693 700 708 716 721 734 771 773 802 815 821 828 829 836 878 884 911 925 929 939 945 952 972 978 984 994 999 1012 1024 1039 1041 1058 1060 1108 1127 1128 1132 1143 1167 1182 1199 1202 1204 1223 1224 1227 1241 1262 1265 1268 1292 1310 1314 1318 1320 1323 1333 1343 1384 1394 1408 1423 1424 1448 1494 1513 1520 1524 1529 1544 1562 1577 1602 1606 1608 1613 1615 1616 1621 1645 1656 1658 1723 1732 1747 1755 1774 1776 1784 1787 1790 1797 1808 1809 1812 1814 1823 1830 1840 1860 1888 1889 1901 1920 1963 1964 1983 1996 2001 2009 2014 2019 2058 2063 2080
4,12,CG-MOACO,area_s5_t300,0.4073033707865169,1456.8918361351582,2.65329983228432,1 53 78 80 86 112 118 137 143 154 164 165 170 175 176 190 194 210 218 229 230 246 252 257 258 261 262 305 334 336 353 361 364 371 395 406 411 424 425 465 480 484 490 505 508 510 515 539 571 580 583 593 611 615 618 626 629 631 650 656 671 676 680 685 700 701 708 721 734 760 790 814 855 859 860 862 866 875 885 910 929 937 945 947 952 975 996 1027 1031 1056 1076 1110 1113 1143 1150 1168 1173 1187 1188 1202 1205 1212 1224 1233 1244 1264 1279 1292 1302 1314 1318 1337 1338 1339 1361 1366 1389 1394 1395 1412 1420 1425 1432 1438 1440 1461 1544 1566 1578 1579 1584 1588 1600 1605 1616 1617 1633 1637 1651 1659 1674 1676 1702 1705 1735 1747 1787 1797 1803 1805 1821 1822 1823 1829 1849 1858 1873 1912 1959 1965 1983 1991 2002 2003 2010 2032 2038 2057
4,13,CG-MOACO,area_s5_t300,0.3679775280898876,1535.980209702601,0.9797958971132712,1 5 12 25 29 40 59 70 72 91 102 109 129 134 137 143 156 175 182 189 196 201 252 261 272 277 278 311 317 334 337 356 371 386 400 429 452 465 477 486 497 506 515 523 558 562 563 580 581 594 606 615 617 620 626 629 645 656 683 693 697 700 711 718 726 770 776 790 804 806 812 814 846 858 862 896 905 908 911 958 961 971 978 982 997 1001 1036 1039 1068 1073 1084 1089 1092 1127 1137 1151 1152 1158 1162 1171 1173 1190 1199 1202 1205 1223 1224 1237 1244 1259 1262 1264 1295 1297 1308 1318 1336 1339 1341 1361 1363 1367 1404 1412 1427 1429 1434 1442 1448 1458 1459 1468 1480 1486 1487 1490 1504 1539 1544 1616 1625 1627 1647 1652 1701 1705 1708 1718 1756 1761 1768 1779 1787 1790 1793 1797 1812 1815 1839 1859 1866 1888 1924 1940 1959 1967 1976 1983 1989 1991 2004 2009 2024 2026 2038 2046 2057 2063 2082
4,14,CG-MOACO,area_s5_t300,0.37265917602996257,1501.3562359372308,1.5999999999999999,0 9 20 39 47 58 64 80 85 102 114 120 132 137 144 148 150 170 175 176 187 197 199 200 204 249 284 286 308 317 319 326 332 334 344 386 393 438 442 450 500 533 536 544 571 574 579 593 605 626 638 650 657 664 671 681 700 708 711 713 725 734 748 772 775 794 820 821 825 836 842 862 868 879 894 910 911 920 929 941 967 978 981 987 996 999 1011 1036 1039 1060 1091 1104 1115 1127 1139 1143 1164 1168 1187 1199 1204 1223 1228 1239 1264 1281 1302 1307 1308 1313 1322 1325 1359 1375 1384 1403 1412 1418 1422 1434 1435 1440 1458 1475 1477 1480 1483 1492 1509 1538 1569 1575 1590 1599 1616 1628 1645 1652 1653 1660 1672 1700 1703 1711 1718 1732 1738 1751 1753 1756 1764 1766 1776 1779 1796 1813 1823 1839 1851 1873 1877 1888 1913 1967 1983 1989 1991 2009 2024 2032 2038 2058 2063 2083
4,15,CG-MOACO,area_s5_t300,0.38670411985018727,1492.4122302193252,1.019803902718557,9 19 25 34 38 42 43 46 80 101 102 111 121 123 137 141 167 170 175 176 182 191 202 211 220 221 227 264 281 285 310 317 352 369 379 392 429 465 474 478 489 490 510 532 545 559 562 571 593 605 615 641 651 669 708 720 732 737 741 748 760 764 771 774 776 802 805 828 829 840 849 868 896 910 917 926 929 939 946 957 967 980 1001 1007 1028 1036 1039 1058 1104 1105 1114 1117 1127 1143 1158 1159 1173 1187 1193 1200 1204 1227 1237 1239 1262 1264 1273 1278 1288 1302 1318 1323 1329 1344 1377 1398 1403 1419 1422 1430 1439 1453 1456 1474 1486 1493 1496 1518 1524 1529 1535 1565 1573 1577 1584 1607 1637 1645 1652 1660 1672 1709 1718 1738 1745 1750 1751 1766 1797 1805 1815 1823 1825 1839 1845 1860 1868 1871 1888 1917 1922 1932 1963 1969 1983 1989 1991 1994 2015 2049 2058 2063 2074
4,16,CG-MOACO,area_s5_t300,0.37593632958801493,1492.4254020918725,4.09878030638384,3 26 38 48 54 55 78 80 98 112 117 122 128 134 137 144 148 154 161 165 175 176 178 182 188 204 210 215 218 244 249 251 252 288 292 306 311 379 391 393 404 412 415 420 446 456 458 465 501 504 506 508 554 562 586 627 648 651 698 700 715 741 748 770 771 774 784 787 802 804 812 815 842 853 859 862 868 897 949 957 982 991 1001 1004 1012 1041 1053 1062 1093 1097 1105 1127 1143 1158 1164 1167 1175 1183 1190 1191 1199 1202 1239 1243 1264 1268 1278 1314 1318 1339 1365 1383 1403 1409 1422 1434 1435 1440 1445 1446 1447 1449 1454 1463 1480 1482 1506 1529 1544 1554 1563 1566 1575 1579 1581 1615 1637 1645 1648 1652 1660 1673 1678 1703 1708 1718 1733 1745 1747 1768 1769 1776 1787 1808 1812 1823 1835 1871 1882 1887 1896 1900 1922 1924 1944 1953 1959 1962 1983 1991 2008 2023 2027 2038 2063
4,17,CG-MOACO,area_s5_t300,0.3764044943820225,1503.3645982761163,1.2649110640673518,5 56 78 80 87 128 133 154 155 161 171 175 180 182 186 189 201 204 215 217 247 260 270 277 278 288 291 307 308 379 390 393 412 429 431 434 440 450 457 464 483 509 520 525 536 543 562 599 602 610 616 654 685 700 708 712 716 734 738 740 755 757 760 771 772 786 790 827 843 852 860 862 866 900 907 911 925 941 991 996 999 1000 1016 1020 1036 1041 1043 1056 1060 1064 1075 1086 1092 1110 1122 1144 1158 1162 1168 1187 1199 1202 1205 1223 1228 1245 1258 1264 1280 1296 1300 1310 1311 1313 1323 1334 1338 1339 1343 1360 1369 1372 1383 1385 1399 1411 1423 1434 1446 1455 1466 1482 1511 1524 1562 1571 1597 1608 1633 1645 1673 1677 1704 1711 1734 1745 1755 1778 1793 1795 1808 1813 1814 1815 1821 1823 1839 1842 1882 1901 1952 1959 1965 1979 1983 1995 1997 2006 2014 2023 2028 2036 2057 2063 2078
4,18,CG-MOACO,area_s5_t300,0.35627340823970033,1548.3817368871894,1.019803902718557,1 9 14 24 38 43 64 65 67 78 80 102 106 118 137 152 156 164 175 176 179 215 217 252 270 283 285 291 309 313 317 336 369 371 379 391 395 412 431 440 445 449 464 465 495 508 525 537 541 545 562 606 612 637 650 654 685 687 700 716 719 731 737 738 740 750 757 760 771 772 790 802 809 825 826 840 862 868 870 903 910 913 929 938 955 957 958 966 978 982 1009 1024 1036 1042 1062 1092 1105 1124 1128 1135 1143 1158 1179 1184 1187 1199 1222 1230 1237 1242 1265 1279 1296 1302 1308 1323 1334 1338 1339 1342 1346 1383 1404 1413 1422 1423 1424 1429 1435 1442 1458 1480 1487 1494 1501 1511 1513 1524 1541 1544 1551 1581 1606 1608 1615 1645 1658 1705 1718 1719 1735 1751 1765 1788 1792 1793 1797 1806 1815 1820 1827 1832 1839 1840 1854 1866 1871 1882 1888 1912 1919 1923 1928 1932 1963 1983 1986 2027 2046 2047 2058 2063
4,19,CG-MOACO,area_s5_t300,0.401685393258427,1465.9064036893556,1.8547236990991407,5 17 40 43 60 73 80 82 91 98 100 102 131 140 151 160 175 176 205 220 236 261 277 285 287 292 306 311 317 330 344 356 369 370 378 426 445 449 450 462 465 525 532 537 554 555 562 588 593 608 626 638 653 664 675 687 698 700 719 729 734 740 763 772 776 806 807 825 839 847 859 875 877 884 949 957 960 961 976 980 991 1002 1012 1016 1020 1021 1024 1038 1056 1060 1064 1070 1105 1109 1123 1127 1143 1147 1158 1195 1200 1218 1232 1237 1276 1278 1290 1318 1323 1334 1339 1340 1354 1358 1378 1383 1404 1405 1412 1422 1423 1438 1440 1455 1457 1487 1496 1499 1509 1524 1599 1606 1638 1642 1652 1654 1672 1701 1718 1735 1738 1756 1779 1781 1782 1787 1797 1809 1818 1830 1838 1839 1845 1882 1888 1926 1987 1995 2005 2008 2013 2014 2031 2045 2046 2058 2083
4,20,CG-MOACO,area_s5_t300,0.38529962546816476,1478.041954323783,4.621688003316537,1 40 59 64 80 91 102 114 121 137 152 153 172 175 176 180 188 196 200 231 252 257 261 270 286 287 307 311 319 355 356 359 362 378 385 391 395 434 440 458 465 538 552 559 578 579 594 602 605 612 615 619 624 626 627 650 654 656 659 671 700 708 715 734 737 741 742 745 775 776 856 860 867 879 885 889 903 929 938 944 957 978 1010 1026 1029 1041 1134 1141 1143 1169 1185 1197 1199 1201 1202 1203 1223 1243 1260 1262 1264 1292 1297 1300 1318 1323 1335 1338 1339 1351 1361 1370 1383 1385 1387 1389 1394 1402 1410 1419 1423 1432 1434 1478 1483 1486 1490 1516 1526 1528 1529 1544 1553 1562 1584 1594 1596 1643 1645 1652 1660 1676 1689 1735 1738 1742 1747 1754 1756 1774 1787 1793 1797 1818 1828 1842 1867 1882 1893 1896 1924 1945 1960 1965 1978 1984 2013 2023 2038 2044 2057 2063 2076 2083
4,21,CG-MOACO,area_s5_t300,0.3623595505617978,1513.9265380261852,4.317406628984581,1 5 39 47 73 80 83 98 102 112 114 119 129 148 156 172 175 181 188 190 200 209 229 243 247 252 257 261 277 283 308 311 317 319 334 337 356 361 362 398 413 450 465 472 483 489 497 562 564 578 579 594 606 612 615 630 671 685 687 693 708 711 716 726 737 740 790 796 802 806 808 840 860 862 870 877 899 910 918 929 941 943 960 978 990 1036 1042 1060 1064 1076 1089 1093 1105 1115 1127 1137 1143 1158 1161 1168 1177 1183 1184 1187 1199 1202 1203 1228 1234 1241 1243 1256 1262 1264 1268 1278 1314 1328 1338 1341 1352 1357 1373 1375 1384 1392 1394 1412 1429 1434 1440 1445 1446 1458 1480 1482 1495 1506 1524 1579 1590 1594 1606 1614 1615 1645 1672 1685 1703 1710 1726 1738 1750 1756 1757 1773 1775 1787 1797 1808 1809 1819 1823 1830 1833 1842 1851 1888 1892 1937 1945 1963 1970 1983 1991 2008 2026 2063
4,22,CG-MOACO,area_s5_t300,0.35065543071161054,1533.7269401735323,3.1874754901018454,19 36 40 80 83 102 111 114 122 124 127 134 137 148 174 175 178 182 189 201 211 219 220 230 236 242 249 259 270 278 286 317 326 334 347 362 370 384 412 437 445 456 458 465 466 472 477 485 486 491 503 509 528 558 562 578 579 593 649 654 663 680 700 708 712 729 734 740 763 766 771 802 806 809 831 860 862 877 879 910 911 925 927 929 936 941 945 957 963 980 994 1000 1009 1012 1020 1039 1043 1060 1070 1086 1091 1105 1109 1127 1139 1142 1143 1158 1173 1187 1199 1202 1223 1234 1245 1248 1264 1276 1280 1289 1298 1318 1339 1367 1372 1381 1383 1394 1399 1403 1415 1422 1434 1436 1446 1451 1454 1455 1462 1481 1529 1544 1562 1584 1604 1606 1614 1627 1645 1652 1673 1674 1718 1747 1754 1756 1774 1792 1794 1813 1823 1825 1830 1851 1866 1882 1954 1963 1965 1983 1991 1992 2006 2023 2027 2037 2045 2057 2071 2080 2082
4,23,CG-MOACO,area_s5_t300,0.35767790262172283,1545.4404222569453,0.8944271909999159,4 19 31 48 59 78 80 101 128 137 167 175 181 184 186 190 198 200 202 204 215 221 240 252 261 263 269 278 306 311 317 344 369 371 386 398 413 415 443 450 452 477 480 498 500 514 537 555 558 562 566 569 594 608 625 629 643 647 654 665 693 700 716 719 735 740 760 771 776 790 804 808 811 828 842 854 910 920 929 944 959 966 967 995 999 1016 1026 1053 1065 1070 1086 1089 1097 1105 1117 1123 1127 1128 1137 1143 1158 1163 1173 1184 1187 1189 1199 1212 1221 1237 1247 1264 1296 1298 1302 1308 1339 1340 1360 1361 1365 1371 1383 1401 1403 1411 1412 1418 1422 1440 1470 1483 1487 1500 1529 1535 1566 1575 1584 1595 1599 1616 1645 1647 1652 1672 1701 1711 1724 1733 1753 1756 1765 1779 1787 1791 1810 1823 1833 1839 1851 1854 1860 1867 1882 1900 1926 1947 1953 1963 1965 1967 1983 2000 2008 2012 2023 2036 2038 2058
4,24,CG-MOACO,area_s5_t300,0.34737827715355807,1542.222182021082,1.2,9 31 38 42 47 98 101 102 121 132 137 153 155 158 175 176 184 205 219 220 237 245 252 257 261 265 275 283 286 307 308 313 317 334 391 393 403 412 431 440 459 464 465 477 506 508 516 527 539 554 562 564 608 609 615 626 645 648 650 700 708 712 713 716 734 740 745 760 771 802 814 817 825 841 868 875 885 894 911 913 929 935 944 952 957 978 987 999 1001 1004 1021 1028 1037 1039 1043 1060 1070 1073 1091 1127 1139 1143 1162 1173 1187 1199 1213 1223 1229 1262 1264 1278 1288 1302 1320 1323 1327 1328 1334 1341 1361 1365 1370 1384 1394 1412 1418 1423 1432 1435 1440 1441 1448 1458 1524 1542 1544 1571 1576 1599 1606 1608 1650 1652 1653 1656 1658 1718 1739 1750 1756 1780 1788 1792 1797 1808 1812 1823 1834 1839 1840 1842 1854 1860 1865 1866 1882 1888 1901 1909 1926 1947 1963 1965 1977 1983 2006 2014 2023 2026 2045 2058 2063
4,25,CG-MOACO,area_s5_t300,0.3595505617977528,1554.1312123710159,0.4898979485566356,1 9 30 36 38 42 56 64 67 80 98 103 118 148 154 157 167 175 178 179 191 219 220 237 251 257 261 278 284 288 334 336 343 395 404 412 429 440 486 495 497 528 539 545 554 558 562 572 593 599 605 607 609 615 616 626 650 652 663 681 700 708 716 723 741 760 768 773 777 790 802 815 836 847 868 875 888 903 908 910 911 917 928 929 941 946 947 955 962 974 980 1001 1036 1043 1053 1058 1062 1070 1092 1105 1126 1137 1149 1173 1187 1199 1202 1205 1212 1261 1264 1280 1318 1336 1339 1361 1375 1377 1384 1396 1419 1422 1423 1434 1440 1448 1449 1457 1461 1480 1495 1520 1527 1537 1544 1553 1559 1566 1577 1584 1599 1614 1645 1648 1649 1652 1658 1708 1714 1718 1719 1735 1751 1756 1758 1797 1800 1806 1808 1813 1815 1823 1835 1839 1845 1857 1867 1882 1901 1928 1940 1964 1967 1983 1991 2025 2027 2032 2035 2038 2044 2058 2082
4,26,CG-MOACO,area_s5_t300,0.35580524344569286,1526.154460107165,3.32264954516723,1 17 20 29 48 54 59 64 67 80 98 102 106 132 137 144 149 165 167 172 175 176 178 185 215 219 221 252 263 270 284 307 311 317 319 334 412 448 450 465 487 503 558 592 594 602 616 622 629 632 644 648 650 654 675 693 705 708 734 766 771 784 804 806 809 825 826 828 840 859 860 885 910 918 921 929 936 939 943 956 957 961 980 1001 1017 1024 1028 1031 1056 1060 1070 1077 1089 1116 1124 1129 1137 1142 1143 1158 1161 1166 1174 1187 1199 1202 1228 1234 1237 1262 1277 1297 1314 1319 1335 1338 1339 1366 1374 1375 1383 1392 1405 1412 1419 1423 1434 1440 1449 1503 1524 1528 1529 1531 1544 1584 1589 1603 1605 1614 1619 1627 1637 1645 1663 1670 1697 1700 1705 1708 1718 1732 1735 1738 1747 1787 1793 1797 1823 1831 1842 1854 1860 1871 1898 1900 1926 1963 1965 1979 1984 1986 1989 2006 2009 2023 2027 2045 2057 2063 2066 2074
4,27,CG-MOACO,area_s5_t300,0.36048689138576784,1525.5641298305336,2.33238075793812,20 31 38 48 66 79 80 120 132 137 142 143 149 156 157 160 165 167 172 176 185 202 219 226 230 252 284 285 308 336 383 386 398 401 404 406 420 450 461 474 500 504 514 516 527 533 562 591 610 623 625 647 650 683 685 700 705 708 713 716 740 760 763 771 776 806 809 817 819 840 842 855 860 876 878 889 910 917 929 941 978 1001 1012 1016 1020 1024 1039 1042 1070 1079 1086 1091 1104 1105 1117 1127 1139 1143 1149 1151 1158 1173 1187 1199 1202 1204 1212 1228 1260 1264 1278 1308 1323 1327 1339 1359 1364 1370 1373 1376 1383 1394 1399 1403 1419 1422 1423 1429 1434 1440 1446 1454 1457 1483 1526 1529 1541 1553 1562 1566 1584 1599 1606 1637 1652 1683 1701 1711 1717 1735 1747 1756 1757 1761 1776 1779 1797 1823 1847 1860 1867 1882 1916 1921 1924 1940 1963 1983 1987 1991 2008 2033 2038 2044 2047 2058 2082 2083
4,28,CG-MOACO,area_s5_t300,0.32069288389513106,1564.7316024485601,1.6733200530681511,9 40 48 55 59 66 76 80 97 114 137 157 171 172 175 176 178 180 182 187 191 214 252 261 270 278 284 285 289 317 336 348 367 371 378 391 411 412 415 430 440 450 452 458 465 486 508 528 545 554 558 559 562 580 593 608 617 629 644 664 676 695 700 708 717 719 723 741 757 760 766 771 790 802 812 815 825 841 853 856 878 910 912 928 929 943 978 980 1016 1020 1022 1024 1028 1044 1055 1063 1068 1070 1086 1089 1105 1117 1127 1137 1143 1149 1173 1184 1188 1195 1202 1209 1223 1224 1237 1262 1268 1292 1296 1314 1341 1346 1359 1370 1373 1375 1378 1383 1387 1399 1419 1423 1434 1436 1457 1484 1486 1487 1506 1524 1529 1553 1562 1571 1602 1606 1615 1616 1645 1652 1656 1658 1678 1690 1691 1718 1726 1734 1738 1741 1750 1754 1756 1775 1787 1793 1797 1808 1812 1815 1823 1839 1841 1846 1854 1867 1882 1901 1924 1953 1983 1995 2006 2008 2010 2014 2023 2058 2063 2076
4,29,CG-MOACO,area_s5_t300,0.3384831460674157,1561.0576772075444,0.8944271909999159,0 34 41 47 59 79 91 97 108 109 112 137 165 169 175 176 182 210 219 220 230 242 252 257 263 272 285 306 311 314 317 328 336 338 369 398 404 412 420 431 448 450 465 484 504 517 519 535 545 562 594 602 608 617 626 650 665 687 708 719 731 737 760 762 771 773 776 796 802 804 806 812 825 827 862 868 877 929 941 943 954 958 960 982 994 1016 1023 1038 1054 1058 1060 1068 1077 1086 1105 1108 1127 1128 1137 1143 1149 1158 1167 1174 1183 1185 1187 1199 1201 1204 1223 1236 1264 1278 1308 1314 1318 1323 1325 1334 1339 1343 1363 1370 1373 1377 1383 1394 1398 1403 1406 1418 1423 1434 1436 1440 1496 1505 1518 1529 1538 1541 1584 1606 1608 1615 1638 1645 1652 1672 1674 1685 1697 1710 1718 1732 1739 1745 1747 1756 1774 1797 1808 1813 1821 1823 1829 1840 1851 1854 1860 1872 1882 1888 1889 1901 1922 1926 1946 1954 1983 2008 2012 2058 2080
4,30,CG-MOACO,area_s5_t300,0.36563670411985016,1511.611967950752,1.3564659966250538,1 9 25 29 31 54 78 80 98 102 108 141 148 155 165 175 179 205 231 247 252 261 268 285 292 308 309 311 317 334 336 347 370 381 395 398 407 412 426 429 445 449 450 465 497 507 528 532 537 541 562 579 588 590 593 596 599 626 675 687 700 719 729 734 740 771 772 776 802 806 807 809 828 840 860 878 879 885 915 921 929 957 960 967 1012 1016 1023 1037 1038 1041 1056 1062 1064 1068 1096 1114 1129 1143 1158 1175 1187 1197 1199 1201 1202 1234 1237 1239 1266 1311 1320 1334 1336 1338 1339 1363 1375 1399 1403 1404 1411 1412 1419 1423 1440 1446 1448 1459 1482 1484 1487 1504 1529 1544 1567 1575 1589 1599 1606 1629 1645 1652 1660 1673 1675 1697 1703 1718 1721 1723 1724 1733 1742 1747 1756 1765 1774 1787 1793 1802 1815 1825 1842 1852 1873 1882 1900 1954 1963 1978 1983 2014 2023 2038 2046 2057 2063
4,31,CG-MOACO,area_s5_t300,0.37406367041198507,1504.9269720404284,1.3266499161421599,26 31 36 41 55 59 78 80 118 127 134 137 144 151 164 171 175 211 217 219 251 270 278 284 288 308 317 334 336 349 367 379 391 398 411 445 463 465 466 487 500 502 503 515 528 554 559 593 605 607 613 626 643 649 661 671 674 676 685 694 708 719 721 729 734 742 760 809 812 825 840 841 860 862 875 906 910 920 936 941 951 957 958 965 982 991 1020 1024 1028 1036 1042 1060 1070 1105 1117 1126 1128 1139 1143 1153 1158 1173 1187 1189 1236 1237 1245 1254 1256 1262 1264 1268 1280 1304 1310 1315 1318 1334 1359 1370 1373 1376 1383 1399 1412 1423 1442 1454 1456 1468 1470 1487 1493 1511 1524 1529 1560 1565 1571 1578 1584 1616 1645 1659 1697 1705 1726 1734 1735 1753 1756 1787 1807 1822 1823 1825 1839 1842 1851 1854 1858 1860 1887 1931 1965 1967 1983 2006 2015 2032 2036 2038 2058 2063 2067 2083
4,32,CG-MOACO,area_s5_t300,0.33239700374531833,1555.6035477899848,2.870540018881465,1 5 38 42 71 73 78 80 98 102 106 132 148 153 158 159 173 175 178 184 217 219 247 252 257 263 277 284 293 307 311 317 334 337 344 379 386 409 440 449 450 458 465 477 497 508 527 554 580 590 593 605 608 615 617 621 626 629 654 695 701 707 712 726 734 737 738 740 770 773 777 806 815 821 831 836 846 859 860 862 885 905 910 911 915 917 929 945 946 968 978 980 1002 1012 1022 1036 1055 1060 1085 1086 1089 1091 1105 1122 1127 1133 1137 1143 1158 1168 1173 1199 1202 1204 1223 1224 1235 1258 1259 1262 1264 1279 1302 1303 1318 1323 1336 1339 1365 1369 1376 1378 1384 1392 1395 1404 1419 1424 1425 1440 1468 1483 1524 1559 1562 1582 1595 1605 1616 1642 1645 1654 1655 1703 1718 1726 1776 1781 1790 1797 1800 1804 1808 1822 1833 1839 1842 1854 1858 1860 1871 1882 1888 1901 1926 1946 1954 1957 1961 1965 1967 1969 1983 2024 2032 2038 2058 2063
4,33,CG-MOACO,area_s5_t300,0.3398876404494382,1554.8950437518158,1.4696938456699067,1 7 9 46 80 91 98 102 105 112 114 118 121 132 143 158 172 175 179 182 215 247 252 257 276 278 286 311 317 319 324 334 362 367 371 379 391 393 424 425 440 445 449 450 465 466 469 472 480 497 503 542 559 562 564 579 594 605 613 629 648 650 654 708 729 734 738 740 744 750 760 771 782 802 823 847 853 856 868 877 879 917 952 978 980 986 1001 1007 1011 1024 1026 1032 1036 1056 1060 1077 1105 1117 1127 1129 1132 1162 1190 1191 1202 1223 1234 1237 1243 1261 1264 1289 1318 1323 1336 1346 1375 1392 1404 1419 1430 1434 1440 1448 1455 1464 1478 1483 1496 1513 1518 1524 1529 1535 1544 1562 1565 1591 1602 1604 1615 1618 1641 1643 1645 1652 1658 1700 1718 1719 1734 1738 1749 1750 1756 1765 1774 1775 1787 1800 1815 1839 1842 1860 1869 1882 1888 1896 1946 1963 1965 1969 1983 1989 1991 1997 2023 2026 2028 2038 2046 2058 2063 2083
4,34,CG-MOACO,area_s5_t300,0.33520599250936334,1537.2377041994582,2.898275349237888,0 9 31 47 59 61 86 98 106 109 118 120 129 143 153 162 167 175 180 219 245 247 252 257 289 307 308 311 317 319 334 348 379 440 450 464 465 472 481 517 537 552 593 598 602 611 617 621 629 648 650 651 675 687 700 705 708 734 740 771 775 776 787 802 806 808 828 836 862 877 908 910 911 917 920 929 939 941 950 973 978 980 1022 1024 1034 1037 1055 1062 1080 1086 1089 1126 1137 1143 1150 1158 1162 1164 1175 1187 1199 1202 1206 1222 1234 1237 1244 1262 1264 1279 1289 1296 1318 1323 1339 1356 1361 1378 1383 1385 1387 1400 1403 1404 1412 1419 1420 1436 1440 1446 1455 1469 1470 1482 1524 1528 1529 1544 1589 1599 1611 1618 1640 1645 1648 1652 1673 1676 1683 1700 1718 1725 1732 1739 1745 1756 1761 1779 1792 1797 1815 1831 1839 1853 1854 1866 1882 1900 1926 1928 1959 1963 1967 1980 1983 1987 1995 2008 2015 2034 2037 2045 2046 2063 2074
4,35,CG-MOACO,area_s5_t300,0.3455056179775281,1555.869170373716,1.019803902718557,1 5 29 56 71 73 79 80 96 105 112 132 143 148 155 165 171 175 178 181 189 204 215 247 252 257 262 272 277 283 317 334 337 341 348 371 379 391 415 426 440 449 450 452 458 465 474 495 497 508 510 533 580 584 586 590 594 602 608 617 629 654 658 685 700 705 719 734 740 770 771 772 777 802 815 840 847 850 860 879 910 929 939 941 957 973 974 978 982 1007 1008 1016 1028 1037 1039 1058 1060 1064 1104 1114 1128 1143 1158 1162 1167 1173 1202 1223 1225 1228 1234 1260 1264 1302 1310 1313 1318 1323 1334 1339 1341 1359 1361 1370 1372 1375 1385 1391 1394 1412 1419 1423 1434 1448 1457 1480 1520 1537 1559 1565 1575 1599 1606 1616 1617 1652 1653 1664 1700 1704 1705 1714 1735 1745 1747 1753 1755 1766 1789 1793 1797 1803 1808 1842 1882 1888 1896 1900 1902 1919 1924 1963 1979 1989 2008 2023 2046 2049 2058 2063 2078 2083
4,36,CG-MOACO,area_s5_t300,0.29119850187265917,1639.6089934781705,0.4,0 47 55 67 71 80 98 111 112 122 134 137 148 153 161 175 176 180 182 188 189 215 219 220 249 252 257 283 285 292 308 311 317 334 370 379 391 394 404 412 440 449 450 464 465 477 481 509 516 545 552 554 562 593 602 605 608 613 617 650 669 671 676 687 700 708 716 719 734 740 750 760 763 775 776 790 802 807 808 825 831 836 862 866 870 877 910 911 918 929 935 941 944 954 957 958 978 980 987 991 994 995 1007 1024 1039 1060 1068 1085 1089 1127 1129 1137 1143 1158 1175 1184 1187 1199 1202 1234 1262 1264 1268 1278 1282 1311 1318 1323 1334 1336 1338 1339 1341 1363 1370 1375 1376 1384 1394 1398 1412 1419 1423 1424 1430 1434 1448 1458 1480 1483 1524 1529 1544 1559 1565 1582 1599 1618 1645 1652 1672 1718 1733 1735 1738 1756 1769 1776 1787 1797 1808 1823 1831 1839 1842 1854 1882 1888 1901 1946 1953 1963 1965 1967 1973 1983 2006 2008 2027 2032 2033 2038 2044 2047 2058 2063 2074 2080 2082
4,37,CG-MOACO,area_s5_t300,0.3230337078651685,1557.3312758853972,1.9390719429665317,1 31 34 38 47 59 61 80 94 97 102 114 132 137 157 165 175 176 179 200 202 205 209 220 249 252 263 278 285 288 292 308 311 317 326 334 359 371 379 395 398 415 418 445 449 450 456 458 464 465 489 500 508 537 543 562 579 593 598 602 609 614 622 626 648 654 664 675 700 719 729 734 737 741 750 806 825 836 877 884 908 910 911 917 929 943 957 978 980 994 1001 1029 1035 1039 1060 1063 1077 1086 1089 1105 1108 1123 1127 1137 1142 1143 1158 1161 1171 1187 1199 1223 1224 1237 1262 1264 1268 1276 1280 1297 1318 1323 1328 1334 1339 1340 1359 1361 1376 1383 1392 1403 1404 1412 1419 1423 1434 1435 1440 1446 1480 1482 1526 1527 1529 1554 1559 1561 1591 1606 1645 1652 1654 1659 1672 1718 1727 1733 1747 1756 1765 1779 1787 1797 1815 1820 1842 1849 1854 1866 1890 1896 1900 1913 1919 1922 1926 1928 1946 1965 1983 2026 2028 2032 2046 2058 2063 2080 2083
4,38,CG-MOACO,area_s5_t300,0.30992509363295884,1614.9323823885463,0.0,1 8 31 68 80 91 101 102 117 129 141 148 152 172 175 186 189 200 215 219 220 247 252 257 261 262 270 275 276 278 285 288 306 307 317 319 333 362 366 415 440 458 461 465 475 477 503 515 516 545 547 554 562 578 583 592 593 602 605 615 625 651 700 705 716 734 740 760 770 771 773 775 787 790 802 806 812 814 833 860 862 902 907 910 911 917 929 936 938 939 941 947 978 982 991 996 1028 1039 1060 1068 1107 1115 1122 1126 1128 1131 1139 1143 1158 1161 1168 1183 1199 1202 1223 1237 1244 1262 1264 1268 1279 1296 1304 1308 1310 1331 1334 1336 1339 1346 1359 1370 1375 1384 1394 1412 1419 1423 1429 1434 1446 1458 1469 1482 1496 1518 1524 1529 1544 1590 1595 1615 1627 1645 1652 1654 1672 1683 1697 1700 1708 1724 1735 1747 1756 1787 1808 1811 1823 1842 1851 1854 1860 1865 1872 1878 1882 1888 1901 1910 1917 1924 1926 1959 1983 1996 2006 2008 2018 2023 2038 2049 2055 2058 2063
4,39,CG-MOACO,area_s5_t300,0.29307116104868913,1621.9354807865539,2.4166091947189146,1 31 38 40 47 55 59 76 80 102 106 121 134 137 144 148 155 167 175 176 191 202 218 220 235 252 257 263 265 270 278 285 292 307 308 311 317 334 344 379 412 415 440 445 449 450 458 464 465 477 484 504 508 543 545 552 562 575 588 593 611 615 617 622 626 631 650 654 659 675 700 708 729 734 741 750 771 772 787 802 806 825 853 878 917 925 929 944 957 967 978 1007 1016 1017 1028 1037 1039 1054 1060 1080 1089 1127 1129 1137 1155 1158 1173 1187 1199 1201 1202 1205 1223 1224 1228 1234 1237 1239 1262 1264 1268 1280 1292 1296 1310 1318 1331 1334 1336 1338 1339 1361 1363 1375 1378 1384 1395 1403 1404 1412 1419 1422 1423 1434 1440 1524 1535 1544 1559 1565 1571 1582 1587 1599 1605 1616 1643 1645 1652 1653 1673 1678 1703 1722 1734 1756 1765 1779 1782 1787 1793 1797 1818 1831 1839 1845 1851 1853 1854 1860 1882 1922 1926 1954 1963 1965 1967 1983 1989 1997 2006 2008 2023 2038 2046 2057 2063
4,40,CG-MOACO,area_s5_t300,0.2907303370786517,1636.1982449607162,0.7483314773547882,9 47 80 102 105 111 118 132 137 148 172 175 176 180 182 191 195 219 220 248 252 257 261 270 278 284 285 308 311 317 334 341 356 362 370 391 393 398 403 415 440 442 450 458 461 465 467 477 483 507 508 516 528 537 545 554 578 580 583 593 598 605 613 615 617 669 671 701 708 716 719 734 740 750 760 775 790 796 802 836 859 868 877 897 900 907 908 910 911 925 929 939 955 957 961 978 982 1018 1037 1060 1064 1070 1077 1089 1116 1127 1128 1137 1143 1150 1156 1158 1173 1183 1188 1199 1202 1223 1228 1237 1262 1264 1268 1292 1308 1311 1323 1339 1340 1361 1366 1370 1375 1376 1378 1384 1403 1419 1422 1429 1434 1435 1440 1448 1480 1482 1517 1524 1528 1529 1562 1571 1577 1582 1602 1615 1631 1645 1652 1654 1672 1697 1710 1714 1718 1734 1745 1747 1756 1774 1787 1797 1812 1815 1822 1823 1829 1835 1854 1869 1882 1888 1896 1900 1919 1920 1926 1928 1952 1963 1965 1983 1996 2018 2037 2058 2063 2080 2083
4,41,CG-MOACO,area_s5_t300,0.3061797752808989,1612.2007956380576,0.6324555320336759,1 31 38 47 55 79 80 98 99 102 105 106 137 148 170 175 176 178 179 184 196 220 245 252 257 270 284 285 311 314 334 336 356 371 379 399 406 407 411 412 420 429 440 461 465 475 486 508 528 533 537 543 554 558 562 593 606 609 626 650 671 676 687 700 708 711 716 719 731 738 740 760 763 772 790 802 806 808 812 833 847 868 870 872 879 889 910 911 913 917 929 939 951 957 960 961 980 1001 1020 1024 1028 1039 1053 1058 1059 1062 1070 1073 1105 1117 1124 1143 1158 1173 1187 1199 1223 1237 1259 1262 1264 1280 1288 1296 1318 1339 1340 1361 1370 1384 1394 1403 1412 1422 1435 1440 1441 1453 1458 1463 1469 1480 1490 1524 1529 1540 1559 1584 1599 1606 1614 1616 1618 1645 1648 1652 1708 1714 1718 1726 1733 1735 1756 1787 1793 1797 1812 1823 1825 1831 1835 1839 1840 1853 1854 1860 1866 1872 1882 1888 1900 1924 1926 1940 1953 1963 1967 1979 1984 1998 2006 2023 2027 2038 2057
4,42,CG-MOACO,area_s5_t300,0.25187265917602997,1759.7778894415833,3.9293765408777004,1 5 9 26 31 38 46 55 78 80 83 98 102 105 114 117 137 148 164 165 170 175 176 189 206 215 218 220 226 230 252 258 264 270 277 278 281 284 285 288 290 308 317 334 348 362 371 379 385 429 445 449 450 478 497 503 552 554 562 580 588 589 592 593 601 605 608 610 613 615 638 648 654 664 676 700 705 708 734 740 743 760 771 774 790 806 814 835 853 862 868 870 900 907 910 917 929 935 936 941 947 957 958 978 980 1001 1028 1032 1036 1039 1058 1060 1064 1070 1077 1089 1105 1117 1129 1137 1139 1143 1162 1173 1183 1187 1199 1202 1223 1234 1237 1256 1259 1262 1264 1268 1278 1296 1303 1318 1323 1339 1344 1370 1376 1384 1387 1403 1411 1412 1422 1434 1448 1495 1524 1526 1559 1571 1580 1584 1606 1616 1618 1626 1641 1645 1647 1649 1652 1654 1658 1708 1711 1718 1725 1732 1747 1756 1765 1777 1779 1787 1792 1797 1815 1818 1823 1836 1845 1857 1860 1882 1888 1896 1928 1937 1940 1954 1978 1983 1991 1996 2006 2008 2015 2018 2023 2037 2045 2058 2063 2083
4,43,CG-MOACO,area_s5_t300,0.3356741573033708,1541.6671493518634,2.5298221281347035,9 19 31 38 59 65 80 100 102 106 108 137 141 153 172 175 176 181 189 191 200 209 217 220 221 259 263 277 284 285 300 306 308 311 317 337 344 379 386 398 429 440 456 461 465 495 503 506 528 537 543 544 554 555 558 559 580 593 608 613 615 626 661 664 671 687 700 719 734 747 784 804 812 821 842 853 860 877 885 910 925 939 960 973 978 982 986 1009 1029 1037 1062 1068 1089 1091 1127 1132 1137 1143 1156 1158 1162 1173 1183 1187 1199 1202 1223 1224 1243 1244 1264 1279 1288 1304 1314 1316 1320 1334 1339 1354 1376 1383 1385 1403 1404 1412 1419 1423 1424 1435 1454 1458 1480 1482 1488 1490 1524 1544 1549 1565 1578 1615 1645 1648 1652 1672 1705 1718 1732 1735 1738 1745 1756 1769 1784 1787 1797 1808 1839 1842 1854 1866 1888 1901 1922 1923 1946 1963 1966 1967 1973 1983 1989 2006 2008 2026 2027 2032 2033 2038 2046 2047 2058 2063 2080
4,44,CG-MOACO,area_s5_t300,0.31647940074906367,1576.6772574877784,2.039607805437114,1 5 19 29 31 41 48 65 67 80 87 102 105 106 132 143 175 180 210 215 219 220 247 252 270 276 277 278 292 307 317 319 334 359 379 391 393 415 440 449 450 458 461 465 472 477 514 528 545 562 580 593 602 613 617 644 654 693 700 708 716 734 741 750 763 771 775 776 787 802 821 829 848 860 866 892 910 911 917 920 929 939 941 957 972 977 980 994 999 1016 1024 1029 1036 1060 1064 1077 1089 1092 1105 1109 1126 1137 1139 1143 1153 1158 1162 1183 1187 1199 1202 1222 1228 1258 1259 1262 1264 1296 1299 1300 1323 1336 1339 1369 1370 1373 1375 1378 1384 1395 1399 1412 1418 1426 1434 1435 1440 1446 1469 1479 1490 1495 1509 1554 1565 1587 1590 1622 1643 1645 1649 1652 1718 1734 1735 1738 1765 1776 1787 1793 1797 1808 1812 1815 1823 1831 1839 1842 1854 1860 1871 1882 1888 1901 1928 1932 1940 1963 1965 1967 1983 1986 2006 2023 2024 2027 2038 2044 2057 2063 2082
4,45,CG-MOACO,area_s5_t300,0.2584269662921348,1717.7896481550526,2.756809750418044,1 38 47 80 91 94 97 102 113 114 134 137 148 154 157 169 175 176 182 184 218 220 226 230 237 249 252 257 258 278 285 308 311 317 334 336 371 379 380 386 391 392 409 420 440 449 458 461 465 474 477 479 485 503 510 516 537 553 554 562 578 589 593 615 617 622 626 648 654 676 700 708 731 734 740 743 760 771 775 814 825 831 858 862 868 900 902 910 911 913 929 941 943 946 957 958 980 991 994 1001 1009 1016 1028 1036 1039 1062 1064 1070 1085 1086 1089 1097 1105 1109 1127 1137 1143 1158 1170 1173 1183 1187 1199 1202 1205 1223 1237 1262 1264 1268 1280 1288 1296 1300 1303 1308 1318 1323 1329 1334 1339 1343 1359 1361 1370 1378 1384 1394 1403 1412 1423 1429 1436 1440 1441 1446 1448 1449 1469 1482 1528 1529 1544 1554 1559 1584 1603 1608 1645 1648 1667 1672 1701 1718 1735 1738 1747 1756 1792 1797 1804 1808 1823 1836 1845 1882 1888 1901 1937 1940 1946 1963 1965 1983 1989 1991 2006 2008 2018 2023 2026 2047 2049 2055 2058 2063 2071 2080 2082 2083
4,46,CG-MOACO,area_s5_t300,0.27902621722846443,1652.8464338536382,2.0591260281974,1 4 31 47 55 67 80 98 99 105 111 114 132 137 148 167 172 175 176 178 179 191 214 219 246 252 270 278 284 285 291 310 317 324 334 336 356 370 379 391 393 412 415 424 440 449 450 461 465 467 475 508 528 533 545 554 564 583 591 593 598 605 622 629 632 664 669 671 700 708 719 734 750 760 772 775 790 802 812 814 825 835 848 862 868 877 903 911 929 941 947 954 957 958 978 980 985 1001 1024 1038 1044 1056 1059 1062 1064 1077 1089 1102 1105 1117 1127 1129 1137 1143 1158 1174 1183 1187 1199 1202 1215 1223 1234 1237 1243 1262 1264 1268 1278 1290 1304 1314 1318 1334 1336 1341 1360 1370 1375 1376 1377 1383 1392 1394 1419 1423 1434 1435 1440 1446 1449 1483 1487 1496 1524 1529 1544 1549 1567 1578 1615 1618 1645 1652 1672 1701 1718 1738 1741 1750 1753 1756 1769 1776 1787 1797 1808 1818 1822 1823 1831 1835 1839 1842 1854 1878 1882 1888 1901 1922 1926 1963 1965 1983 1989 2008 2018 2023 2025 2037 2058 2063 2080
4,47,CG-MOACO,area_s5_t300,0.26357677902621723,1742.0006053009258,1.16619037896906,1 9 31 47 76 79 80 94 102 105 106 114 121 155 158 165 172 175 176 180 200 202 219 220 237 245 251 252 257 261 277 284 285 308 311 317 326 334 336 370 377 391 393 420 429 440 449 450 452 458 465 477 480 484 497 508 528 540 545 554 559 562 575 583 591 593 602 608 617 626 650 676 685 700 719 734 741 750 760 770 773 790 802 807 812 814 831 856 868 878 885 900 911 917 925 929 936 941 944 956 957 960 978 1024 1037 1039 1062 1070 1077 1086 1089 1096 1104 1107 1127 1137 1141 1143 1158 1174 1183 1199 1201 1202 1205 1212 1237 1262 1264 1268 1292 1296 1304 1310 1311 1318 1323 1334 1336 1338 1339 1340 1346 1352 1375 1376 1384 1395 1403 1404 1412 1419 1422 1423 1429 1434 1440 1458 1469 1480 1483 1495 1508 1522 1554 1606 1645 1652 1654 1660 1667 1672 1683 1703 1732 1747 1756 1787 1797 1808 1809 1813 1815 1840 1854 1860 1866 1882 1888 1901 1919 1928 1946 1963 1965 1970 1983 1989 2006 2016 2026 2032 2046 2047 2058 2063 2076 2080 2083
4,48,CG-MOACO,area_s5_t300,0.26029962546816476,1745.9210276413862,1.2649110640673518,1 20 31 38 40 47 80 83 97 102 105 106 111 112 117 134 137 148 152 153 165 175 176 178 220 226 230 252 257 258 283 285 292 300 317 334 341 350 356 406 412 440 445 449 450 465 490 497 503 510 517 537 544 579 584 592 593 602 605 608 613 615 626 648 654 659 685 687 700 705 708 718 734 740 748 750 760 762 790 802 814 825 836 856 860 862 908 910 911 917 920 929 958 967 978 980 996 1001 1007 1036 1039 1045 1060 1064 1086 1089 1115 1122 1137 1139 1143 1158 1168 1173 1183 1187 1188 1199 1202 1204 1205 1212 1223 1224 1228 1237 1257 1262 1264 1297 1304 1308 1311 1314 1318 1320 1323 1334 1338 1339 1361 1363 1375 1376 1384 1391 1404 1412 1419 1423 1434 1440 1448 1455 1458 1480 1483 1520 1524 1544 1571 1606 1616 1645 1648 1652 1653 1660 1673 1683 1700 1708 1718 1747 1756 1787 1795 1808 1811 1815 1822 1830 1842 1845 1860 1865 1878 1882 1896 1901 1922 1924 1928 1940 1944 1963 1978 1983 1989 1991 1995 2008 2018 2023 2037 2039 2045 2046 2057 2063
4,49,CG-MOACO,area_s5_t300,0.2865168539325843,1656.698593614829,0.4,1 9 34 38 47 59 76 80 98 102 114 118 137 143 152 172 174 175 176 182 189 191 201 219 237 252 270 278 285 291 306 307 308 324 337 348 356 362 369 379 395 420 426 429 440 445 448 450 458 465 466 485 503 528 537 545 547 558 559 562 569 578 579 593 615 626 654 664 671 676 681 685 700 708 729 731 734 741 760 802 806 809 858 862 868 870 877 908 910 911 917 920 929 935 946 951 957 958 978 982 1001 1036 1039 1042 1060 1064 1089 1105 1117 1124 1127 1143 1162 1173 1183 1187 1189 1199 1204 1205 1237 1244 1264 1268 1278 1297 1308 1310 1314 1318 1323 1334 1338 1339 1361 1375 1392 1404 1412 1419 1423 1429 1434 1435 1448 1458 1480 1483 1544 1554 1565 1580 1589 1606 1610 1616 1622 1637 1643 1645 1647 1652 1653 1658 1683 1733 1735 1745 1747 1756 1766 1793 1797 1808 1811 1815 1818 1827 1835 1842 1854 1860 1866 1882 1888 1896 1901 1919 1924 1926 1928 1951 1963 1965 1983 1999 2008 2016 2023 2038 2044 2046 2058 2063
4,50,CG-MOACO,area_s5_t300,0.2640449438202247,1728.4146120567618,1.3564659966250538,1 9 31 47 59 67 78 80 94 98 101 102 106 132 137 143 148 157 165 169 174 175 176 189 191 217 220 252 257 260 270 276 278 284 288 292 317 334 348 371 379 395 407 411 415 420 429 431 437 440 449 450 458 465 466 504 508 516 528 530 533 544 562 589 593 605 608 611 612 616 626 641 648 676 700 708 716 719 721 723 741 748 760 771 802 862 868 879 885 911 917 936 941 947 954 978 987 991 998 1001 1024 1028 1036 1043 1058 1060 1064 1068 1077 1086 1105 1107 1129 1143 1158 1164 1174 1187 1189 1199 1202 1220 1221 1223 1234 1237 1258 1262 1264 1279 1302 1314 1316 1318 1323 1327 1334 1336 1339 1375 1376 1383 1385 1392 1395 1399 1403 1404 1412 1419 1423 1434 1435 1458 1524 1529 1544 1571 1599 1605 1616 1622 1638 1645 1647 1652 1672 1697 1700 1718 1747 1756 1768 1787 1797 1808 1815 1828 1853 1854 1860 1882 1888 1901 1909 1919 1922 1923 1928 1962 1964 1979 1983 1986 1995 2006 2008 2018 2023 2037 2039 2045 2046 2049 2058 2063 2074 2083
4,51,CG-MOACO,area_s5_t300,0.30102996254681647,1609.845102666905,1.3564659966250536,1 31 55 59 65 67 76 78 80 91 98 102 114 134 137 143 152 153 176 178 179 181 252 257 259 285 291 292 300 307 310 317 319 326 334 362 379 391 415 420 440 449 450 456 458 464 465 481 516 545 562 583 593 602 605 612 615 625 637 650 654 685 700 705 708 716 734 741 750 760 763 771 776 787 790 802 807 809 829 840 860 862 877 902 910 917 929 936 944 946 954 957 958 966 977 980 994 1001 1020 1026 1032 1042 1060 1089 1091 1104 1105 1127 1137 1143 1158 1162 1170 1183 1187 1199 1202 1228 1236 1239 1256 1262 1264 1268 1270 1278 1299 1310 1314 1323 1334 1336 1338 1341 1373 1375 1378 1384 1395 1399 1401 1404 1412 1423 1434 1435 1440 1446 1464 1469 1483 1520 1524 1590 1605 1643 1645 1652 1653 1660 1683 1697 1703 1750 1756 1774 1779 1782 1793 1797 1815 1830 1834 1839 1840 1842 1847 1854 1860 1882 1888 1907 1919 1922 1928 1959 1963 1964 1983 1996 2006 2023 2033 2038 2057 2063 2076
4,52,CG-MOACO,area_s5_t300,0.2542134831460674,1733.7615648655003,1.7435595774162693,1 9 31 42 47 55 71 79 80 83 99 102 111 114 117 132 137 152 158 175 176 189 200 215 218 220 226 231 252 257 270 284 292 308 311 317 326 334 356 362 370 379 391 415 429 440 449 450 458 461 477 509 528 536 562 578 588 590 591 593 602 603 605 606 608 613 617 650 666 671 676 678 693 700 708 716 741 745 748 760 773 790 802 808 812 814 862 866 868 907 910 917 925 929 936 941 952 957 964 967 971 978 980 1000 1018 1024 1028 1032 1036 1039 1045 1052 1062 1068 1070 1089 1105 1107 1126 1129 1137 1173 1183 1185 1187 1199 1202 1223 1234 1262 1264 1279 1296 1302 1304 1311 1318 1320 1323 1334 1338 1339 1341 1360 1370 1372 1375 1376 1380 1384 1394 1412 1419 1423 1434 1435 1469 1480 1483 1495 1524 1540 1544 1565 1569 1584 1606 1615 1616 1631 1645 1652 1654 1660 1670 1673 1676 1711 1718 1732 1747 1756 1797 1808 1813 1818 1823 1835 1840 1842 1845 1860 1882 1901 1928 1954 1963 1983 1991 1997 2001 2004 2006 2016 2018 2026 2037 2039 2057 2063 2080 2083
4,53,CG-MOACO,area_s5_t300,0.25655430711610483,1721.2325570633104,2.638181191654584,1 9 20 31 38 55 78 80 82 102 105 106 119 121 137 144 148 158 165 167 172 175 176 178 181 202 210 215 219 220 252 263 265 285 306 307 311 317 326 344 393 412 420 440 449 450 461 465 475 477 485 514 528 545 552 554 562 583 593 602 664 676 687 700 708 726 731 734 740 748 750 760 771 772 775 776 790 795 802 806 812 814 825 831 860 862 899 900 910 911 917 929 936 939 941 943 956 957 958 960 978 980 985 1018 1020 1024 1036 1039 1056 1062 1064 1068 1070 1089 1105 1107 1117 1127 1128 1137 1143 1158 1183 1187 1199 1202 1222 1234 1237 1239 1262 1264 1279 1296 1300 1304 1310 1318 1330 1334 1338 1339 1341 1378 1384 1404 1415 1419 1423 1434 1435 1437 1440 1446 1469 1482 1484 1490 1524 1526 1528 1529 1544 1581 1590 1612 1614 1615 1619 1645 1652 1654 1667 1673 1683 1701 1705 1732 1735 1747 1756 1765 1787 1792 1793 1797 1808 1818 1842 1851 1854 1866 1878 1882 1901 1924 1926 1946 1959 1963 1965 1983 1989 2006 2016 2023 2026 2046 2049 2057 2063
4,54,CG-MOACO,area_s5_t300,0.2612359550561798,1691.052529551505,3.97994974842648,1 9 20 40 42 47 55 64 71 80 83 98 99 102 106 114 132 137 143 144 148 152 169 175 176 220 252 257 263 270 278 285 292 308 311 316 319 324 334 348 371 415 420 437 440 449 450 452 458 461 465 467 504 508 528 562 578 589 593 607 612 615 617 626 654 700 708 716 719 734 740 760 774 790 797 802 806 808 825 829 841 850 860 862 907 910 917 929 941 946 947 957 978 982 991 994 1001 1002 1012 1016 1020 1039 1056 1062 1064 1070 1086 1089 1105 1127 1137 1143 1158 1161 1164 1183 1185 1187 1199 1202 1205 1212 1223 1228 1237 1262 1264 1278 1296 1300 1304 1310 1311 1314 1318 1323 1334 1338 1339 1361 1369 1375 1376 1378 1384 1395 1404 1412 1419 1423 1430 1434 1436 1440 1455 1457 1469 1483 1527 1529 1544 1554 1565 1590 1612 1615 1616 1643 1645 1647 1652 1654 1690 1726 1734 1747 1756 1797 1808 1812 1819 1829 1835 1854 1860 1865 1882 1888 1889 1919 1923 1928 1945 1959 1963 1965 1983 2008 2018 2032 2036 2038 2046 2049 2055 2057 2063 2080
4,55,CG-MOACO,area_s5_t300,0.25514981273408244,1722.133763368039,1.7204650534085253,1 9 31 38 47 55 77 80 98 102 105 106 114 122 132 137 143 148 153 154 165 172 175 176 178 189 201 214 215 220 249 252 257 270 290 317 334 337 356 371 379 391 415 429 440 445 449 450 458 465 477 497 508 528 543 552 562 563 580 589 593 599 602 605 608 615 648 650 654 676 700 708 710 716 718 734 741 745 757 760 772 777 784 790 802 804 815 835 840 860 862 870 875 910 918 929 936 944 952 957 958 980 1001 1007 1028 1039 1060 1085 1086 1105 1109 1117 1127 1129 1137 1139 1143 1162 1173 1187 1199 1202 1205 1223 1224 1228 1234 1237 1262 1264 1268 1278 1296 1304 1310 1318 1320 1323 1334 1336 1339 1341 1370 1375 1376 1384 1394 1395 1398 1412 1419 1423 1434 1448 1453 1457 1469 1480 1483 1502 1524 1528 1529 1537 1544 1571 1599 1605 1612 1645 1652 1672 1677 1708 1732 1738 1747 1756 1765 1777 1787 1797 1804 1808 1823 1831 1834 1836 1842 1845 1867 1882 1901 1922 1937 1940 1963 1983 1991 1996 2006 2008 2016 2023 2037 2045 2047 2058 2063 2082 2083
4,56,CG-MOACO,area_s5_t300,0.25936329588014984,1708.34008659012,4.147288270665544,1 5 9 19 38 40 43 47 61 71 76 80 98 102 105 106 114 125 137 148 158 175 176 182 188 191 218 220 226 230 232 252 257 258 270 277 284 285 292 300 307 308 311 317 334 336 379 391 395 398 429 437 440 442 450 461 465 480 483 486 503 537 543 554 558 562 575 580 583 593 605 626 648 650 654 676 687 700 708 734 737 740 760 771 772 790 802 809 835 850 858 860 862 870 877 885 908 911 918 941 943 957 978 1001 1007 1024 1036 1039 1056 1062 1073 1077 1086 1089 1105 1137 1143 1158 1164 1173 1183 1187 1190 1199 1202 1204 1205 1223 1237 1259 1262 1264 1296 1304 1336 1339 1361 1370 1375 1376 1384 1387 1394 1395 1403 1409 1412 1419 1422 1429 1434 1440 1446 1448 1449 1453 1455 1457 1482 1524 1528 1544 1565 1588 1612 1614 1625 1645 1648 1652 1691 1714 1718 1734 1735 1756 1765 1787 1797 1804 1808 1811 1812 1823 1839 1854 1865 1882 1896 1901 1922 1924 1937 1963 1965 1967 1978 1983 1989 2001 2008 2023 2026 2038 2044 2049 2057 2063 2082 2083
4,57,CG-MOACO,area_s5_t300,0.25936329588014984,1750.6529524150058,1.16619037896906,1 31 40 47 55 59 80 83 91 98 102 106 111 114 129 132 137 148 152 165 175 176 178 179 184 186 188 219 220 252 257 264 270 278 281 311 317 319 334 356 379 398 413 415 424 429 431 448 450 461 477 480 483 484 525 533 537 540 543 554 558 562 593 602 605 606 608 616 626 648 650 654 700 705 708 719 738 741 760 762 773 776 784 790 802 804 806 853 860 877 907 910 916 929 946 977 982 1001 1020 1021 1024 1029 1032 1036 1039 1058 1060 1073 1086 1089 1105 1117 1122 1127 1129 1137 1143 1158 1162 1168 1175 1183 1199 1202 1222 1224 1227 1234 1237 1256 1262 1264 1276 1279 1323 1334 1338 1339 1346 1357 1370 1375 1383 1385 1392 1394 1395 1398 1408 1418 1422 1423 1426 1440 1480 1490 1524 1528 1529 1537 1544 1562 1565 1573 1584 1602 1619 1645 1652 1654 1672 1697 1700 1711 1718 1732 1735 1747 1753 1756 1765 1769 1779 1797 1811 1823 1827 1840 1854 1882 1888 1896 1900 1922 1926 1937 1944 1959 1963 1965 1983 1986 1989 2006 2023 2027 2036 2038 2044 2058 2063
4,58,CG-MOACO,area_s5_t300,0.28183520599250933,1642.1349258524401,1.2,1 31 38 40 43 47 63 65 80 83 98 102 105 106 114 122 129 132 137 144 175 176 178 186 201 218 252 257 264 270 281 285 292 311 317 334 371 379 411 440 450 461 467 477 486 489 495 504 528 532 535 545 554 558 559 562 575 580 583 593 602 615 626 650 687 697 700 708 719 734 760 771 790 802 804 806 807 812 814 825 853 860 870 885 917 920 929 941 978 982 996 1018 1020 1029 1036 1039 1042 1060 1068 1070 1073 1089 1092 1126 1128 1137 1142 1143 1158 1162 1168 1173 1183 1187 1199 1202 1205 1225 1237 1262 1264 1268 1278 1296 1311 1320 1334 1338 1339 1352 1361 1370 1375 1376 1380 1384 1403 1412 1419 1422 1423 1434 1440 1446 1469 1480 1482 1508 1524 1529 1535 1544 1559 1571 1578 1584 1596 1618 1645 1652 1670 1672 1708 1709 1711 1718 1732 1756 1797 1808 1813 1818 1823 1829 1839 1851 1854 1860 1866 1878 1882 1883 1888 1901 1926 1953 1963 1967 1983 1989 2006 2008 2023 2027 2033 2036 2039 2045 2058 2063 2080 2083
4,59,CG-MOACO,area_s5_t300,0.30711610486891383,1590.3971286887074,3.40587727318528,1 5 19 31 38 55 59 63 78 80 91 98 99 102 106 112 114 134 137 141 155 172 175 176 178 179 188 200 219 220 252 265 277 278 285 307 317 334 338 379 391 398 424 437 440 449 450 464 465 504 536 541 545 554 562 580 592 593 606 615 626 654 664 700 705 710 726 738 741 743 748 750 771 773 802 821 825 868 870 872 877 910 911 917 929 941 943 954 1012 1029 1036 1039 1060 1064 1089 1092 1105 1109 1117 1126 1128 1137 1139 1143 1149 1151 1158 1167 1170 1187 1199 1202 1205 1223 1225 1228 1244 1262 1264 1278 1296 1310 1314 1318 1323 1334 1336 1339 1361 1370 1384 1394 1395 1403 1410 1412 1422 1423 1434 1435 1440 1446 1449 1458 1480 1482 1490 1495 1524 1544 1559 1571 1590 1599 1605 1608 1645 1649 1652 1654 1673 1704 1705 1732 1735 1756 1787 1797 1800 1818 1820 1823 1825 1839 1854 1866 1878 1882 1896 1916 1922 1926 1946 1954 1963 1965 1967 1976 1983 1989 2023 2026 2049 2057 2063
4,60,CG-MOACO,area_s5_t300,0.28417602996254676,1648.3525739325132,0.8,1 19 36 47 55 67 76 80 98 102 106 114 118 136 137 148 152 175 178 179 182 200 219 235 245 257 260 270 278 284 285 292 307 310 317 319 333 350 359 369 379 415 420 424 426 437 440 448 464 465 480 483 508 516 528 545 558 562 578 593 602 613 615 616 626 650 675 700 716 734 740 771 787 802 806 809 812 815 825 829 858 862 900 908 910 911 917 929 941 947 957 967 978 980 994 1001 1016 1036 1039 1041 1056 1062 1086 1089 1097 1105 1114 1123 1127 1137 1143 1158 1162 1164 1170 1171 1184 1199 1205 1223 1237 1280 1296 1310 1314 1323 1334 1339 1341 1361 1375 1378 1387 1395 1404 1419 1423 1426 1434 1436 1437 1440 1446 1455 1457 1469 1487 1509 1528 1529 1544 1554 1562 1565 1590 1602 1605 1622 1645 1649 1652 1654 1673 1675 1678 1697 1700 1708 1734 1735 1745 1747 1788 1793 1797 1813 1815 1831 1835 1840 1842 1854 1882 1901 1922 1924 1926 1928 1940 1963 1983 2003 2006 2008 2023 2024 2038 2044 2046 2049 2057 2063
4,61,CG-MOACO,area_s5_t300,0.31835205992509363,1571.684938836416,0.8944271909999159,9 31 34 43 46 59 80 83 91 98 102 106 117 128 141 152 175 178 179 181 220 221 237 247 252 263 292 306 311 317 319 331 336 369 371 379 412 440 465 477 481 483 503 537 559 562 580 583 593 607 613 615 625 637 650 651 658 676 680 685 687 705 708 716 719 734 760 771 773 790 802 806 807 809 812 840 842 862 867 868 885 897 905 910 917 929 939 941 946 954 957 967 968 978 980 1012 1028 1039 1060 1068 1086 1089 1105 1111 1126 1137 1143 1175 1183 1187 1191 1199 1237 1243 1248 1264 1268 1279 1292 1296 1300 1303 1323 1361 1370 1376 1384 1386 1412 1419 1423 1425 1435 1440 1448 1458 1480 1482 1529 1535 1544 1553 1559 1565 1584 1606 1618 1643 1645 1649 1652 1672 1677 1718 1734 1738 1750 1756 1765 1769 1779 1792 1823 1827 1831 1839 1842 1854 1860 1866 1878 1888 1926 1932 1963 1965 1969 1983 2006 2008 2009 2016 2018 2023 2027 2037 2045 2047 2058 2063
4,62,CG-MOACO,area_s5_t300,0.25936329588014984,1713.832043196742,2.925747767665559,1 29 31 47 67 78 80 98 102 105 106 134 137 148 156 165 175 176 179 200 204 215 219 220 232 243 249 251 252 260 270 278 284 285 292 308 317 334 350 356 370 379 386 393 415 426 440 448 450 458 461 465 477 483 508 528 540 545 558 562 564 583 593 602 603 605 613 617 625 664 676 678 699 700 708 719 734 741 760 774 775 790 806 812 853 862 868 877 902 910 917 929 939 941 954 958 967 978 982 994 996 1001 1007 1017 1039 1058 1060 1064 1070 1086 1089 1122 1126 1129 1137 1139 1143 1158 1162 1168 1183 1187 1191 1199 1202 1223 1234 1237 1243 1264 1296 1304 1308 1310 1311 1323 1334 1336 1338 1339 1352 1361 1369 1370 1373 1375 1376 1384 1391 1394 1412 1419 1423 1429 1434 1440 1458 1469 1480 1490 1524 1528 1529 1584 1588 1590 1612 1616 1643 1645 1648 1652 1660 1672 1676 1697 1700 1735 1747 1751 1756 1787 1797 1808 1823 1835 1840 1842 1853 1854 1860 1870 1888 1901 1928 1963 1964 1983 1987 1996 2006 2008 2025 2038 2044 2049 2063 2080 2083
4,63,CG-MOACO,area_s5_t300,0.31507490636704116,1585.6481619390104,2.227105745132009,1 19 40 47 55 68 80 98 101 108 134 137 141 153 156 175 176 182 217 220 229 245 252 257 277 284 285 292 300 306 308 311 313 317 333 379 398 404 406 409 426 437 449 450 452 461 465 500 530 536 562 574 578 590 593 602 616 626 687 700 708 719 734 740 760 771 772 790 806 809 812 825 828 829 855 860 862 870 877 908 911 917 941 957 978 982 987 994 998 1000 1020 1021 1024 1036 1060 1064 1073 1086 1089 1105 1115 1127 1137 1143 1161 1167 1183 1187 1199 1202 1204 1223 1264 1278 1304 1307 1314 1318 1334 1338 1339 1367 1370 1375 1376 1383 1385 1395 1398 1403 1412 1419 1422 1423 1434 1435 1440 1458 1480 1483 1490 1518 1520 1524 1544 1575 1580 1605 1614 1615 1645 1648 1672 1677 1718 1734 1735 1747 1751 1755 1766 1779 1787 1797 1811 1814 1815 1823 1840 1860 1866 1868 1882 1888 1896 1937 1954 1963 1983 1989 2008 2014 2016 2018 2023 2025 2027 2038 2055 2058 2063
4,64,CG-MOACO,area_s5_t300,0.26872659176029967,1701.2699958715723,1.4966629547095767,0 4 41 47 68 80 91 98 105 114 137 143 165 172 175 176 179 182 191 219 220 252 257 263 269 270 275 278 286 307 308 310 317 334 344 359 379 393 398 403 415 426 438 440 450 486 504 528 532 535 543 545 558 559 562 583 593 604 608 613 617 626 654 658 700 708 721 734 741 744 760 763 771 776 787 790 802 804 806 825 835 862 868 879 900 910 917 929 941 947 960 978 996 1001 1016 1018 1024 1028 1032 1036 1039 1045 1058 1060 1064 1077 1114 1127 1129 1143 1162 1164 1168 1173 1185 1199 1202 1223 1228 1234 1237 1239 1254 1259 1264 1268 1280 1281 1308 1311 1314 1318 1336 1339 1352 1361 1375 1376 1384 1392 1403 1404 1409 1419 1429 1434 1437 1440 1448 1480 1524 1529 1544 1559 1562 1571 1602 1606 1614 1616 1645 1652 1654 1697 1708 1711 1718 1732 1735 1747 1756 1774 1786 1797 1800 1808 1815 1818 1827 1831 1835 1840 1842 1854 1882 1888 1896 1901 1922 1926 1928 1940 1954 1959 1963 1983 1989 1995 2006 2008 2023 2027 2038 2044 2058 2063 2083
4,65,CG-MOACO,area_s5_t300,0.27059925093632964,1692.5370505996466,0.8,1 5 20 41 47 55 80 94 102 106 114 122 132 137 153 157 175 176 182 186 197 219 220 226 248 252 257 263 270 277 285 292 307 308 334 336 370 378 393 398 407 429 440 449 452 461 465 477 489 514 528 545 554 562 578 593 602 613 615 616 626 644 650 654 671 676 685 687 700 708 716 723 735 750 760 763 772 776 790 802 820 835 853 862 868 879 910 913 915 917 929 933 941 954 957 958 972 978 980 985 994 1001 1016 1028 1031 1039 1062 1077 1105 1115 1126 1129 1143 1158 1174 1187 1199 1202 1205 1223 1227 1234 1237 1264 1280 1296 1311 1318 1320 1323 1327 1334 1338 1339 1361 1370 1378 1384 1391 1394 1395 1403 1412 1422 1423 1430 1434 1440 1448 1457 1469 1490 1524 1535 1544 1559 1565 1599 1605 1608 1616 1631 1645 1652 1655 1672 1674 1690 1708 1718 1738 1747 1756 1766 1784 1787 1797 1808 1823 1835 1840 1845 1854 1860 1888 1889 1901 1909 1916 1922 1940 1963 1983 1999 2006 2008 2009 2016 2018 2023 2045 2049 2055 2058 2063 2080 2082
4,66,CG-MOACO,area_s5_t300,0.31554307116104874,1580.0324017916466,2.1908902300206643,1 9 31 47 59 80 98 99 137 148 152 171 174 175 176 178 184 215 220 252 257 260 270 278 283 285 288 306 317 337 348 356 371 379 395 412 424 437 440 453 461 465 477 484 508 519 528 530 544 552 558 562 579 593 602 608 613 615 621 650 654 656 671 700 708 711 731 734 741 748 760 794 802 820 862 868 885 908 910 911 917 929 944 947 967 978 980 1000 1016 1028 1037 1039 1043 1060 1089 1091 1127 1137 1139 1143 1156 1158 1169 1173 1183 1187 1189 1199 1202 1221 1223 1224 1262 1264 1268 1278 1288 1296 1300 1304 1310 1318 1323 1328 1334 1336 1339 1341 1359 1361 1370 1376 1378 1383 1385 1387 1394 1419 1423 1435 1440 1483 1524 1529 1544 1565 1581 1605 1612 1615 1616 1643 1645 1652 1672 1700 1723 1733 1741 1787 1797 1808 1831 1835 1839 1842 1851 1860 1865 1871 1882 1888 1901 1954 1965 1967 1983 1987 1991 2006 2008 2018 2037 2046 2049 2058 2063 2078 2080 2082
4,67,CG-MOACO,area_s5_t300,0.32818352059925093,1562.3618745756733,1.7435595774162693,1 9 19 31 47 78 80 98 102 106 125 129 137 141 148 152 175 178 179 189 200 201 215 219 245 251 252 270 278 284 292 334 341 348 366 377 379 415 440 458 465 469 477 485 486 509 528 543 545 554 558 562 580 593 605 617 650 664 676 700 708 719 734 738 745 766 771 772 776 802 806 812 821 825 840 842 862 868 875 885 910 927 929 943 958 959 978 980 1007 1012 1024 1036 1039 1042 1060 1084 1085 1086 1127 1129 1137 1139 1143 1199 1202 1203 1222 1224 1243 1264 1278 1296 1304 1318 1328 1334 1336 1341 1361 1363 1370 1376 1383 1394 1419 1423 1434 1446 1455 1458 1480 1482 1487 1529 1541 1544 1562 1565 1571 1578 1584 1594 1602 1605 1615 1643 1645 1649 1652 1673 1697 1700 1708 1718 1733 1750 1753 1756 1787 1789 1792 1797 1808 1811 1823 1831 1839 1842 1851 1854 1860 1865 1882 1896 1901 1923 1954 1961 1963 1983 1986 1999 2019 2037 2049 2057 2063 2083
4,68,CG-MOACO,area_s5_t300,0.29681647940074907,1612.3879915063735,3.5552777669262356,9 14 19 47 80 98 102 106 114 118 129 132 137 148 153 155 158 167 175 176 178 180 182 191 214 215 220 231 252 261 265 270 284 286 292 293 307 317 334 370 395 398 412 415 420 429 440 452 454 458 461 465 478 508 517 543 545 562 566 574 583 593 609 612 638 650 654 664 676 678 708 735 741 750 760 771 772 790 796 802 858 860 862 870 877 885 897 907 910 911 913 915 917 929 961 967 1000 1024 1039 1053 1062 1073 1089 1097 1102 1105 1127 1137 1139 1143 1158 1162 1173 1183 1187 1199 1202 1205 1221 1224 1237 1259 1264 1278 1303 1311 1318 1323 1339 1361 1370 1373 1378 1384 1392 1403 1412 1434 1436 1440 1446 1448 1456 1457 1480 1483 1554 1559 1565 1606 1608 1645 1648 1652 1653 1656 1658 1718 1722 1734 1735 1738 1756 1777 1779 1787 1793 1797 1811 1815 1818 1823 1835 1839 1842 1854 1860 1866 1878 1888 1896 1919 1922 1924 1926 1928 1963 1965 1967 1983 1989 2006 2008 2023 2026 2045 2058 2063
4,69,CG-MOACO,area_s5_t300,0.31273408239700373,1573.3865519267922,3.3105890714493698,1 4 19 47 55 80 86 98 99 102 112 114 129 137 152 153 156 175 176 180 182 197 200 215 220 252 257 284 289 292 308 311 317 319 334 356 359 371 379 450 461 465 477 509 536 539 562 578 588 589 593 615 622 625 638 643 645 648 663 671 675 687 700 708 716 719 734 740 748 762 802 808 827 853 858 862 868 910 917 929 946 961 967 978 982 985 991 994 1012 1022 1034 1039 1060 1064 1068 1073 1089 1097 1105 1127 1137 1142 1143 1158 1164 1173 1183 1187 1193 1199 1202 1205 1221 1223 1230 1237 1262 1264 1292 1304 1318 1334 1339 1367 1375 1377 1383 1385 1387 1395 1404 1419 1423 1434 1440 1445 1454 1469 1490 1529 1537 1544 1554 1605 1615 1616 1640 1645 1648 1649 1652 1673 1684 1687 1697 1708 1718 1723 1734 1745 1747 1756 1774 1775 1782 1812 1815 1821 1827 1842 1846 1854 1860 1882 1922 1928 1940 1954 1963 1983 2006 2008 2018 2023 2038 2046 2055 2057 2063 2076 2083
4,70,CG-MOACO,area_s5_t300,0.29541198501872656,1682.7092158339378,0.0,1 9 31 38 47 59 68 77 78 80 102 106 112 121 125 129 137 148 153 165 167 175 176 179 210 215 220 232 252 257 284 285 292 308 311 317 334 371 379 412 415 420 449 450 467 477 480 486 489 497 510 514 516 545 554 562 571 583 592 593 602 606 610 613 620 653 675 700 705 708 719 738 771 776 802 804 806 807 812 825 846 855 868 879 885 905 910 911 929 939 943 946 956 975 977 980 1001 1020 1024 1026 1029 1039 1058 1062 1064 1086 1097 1105 1127 1143 1149 1154 1158 1162 1173 1187 1188 1199 1202 1237 1262 1264 1279 1298 1310 1318 1334 1336 1339 1361 1370 1383 1387 1394 1395 1412 1422 1423 1434 1435 1440 1446 1469 1479 1490 1520 1528 1529 1544 1554 1565 1584 1594 1599 1605 1638 1643 1645 1648 1652 1673 1683 1700 1708 1711 1734 1747 1751 1753 1756 1793 1797 1808 1813 1823 1854 1860 1866 1889 1901 1916 1922 1937 1940 1963 1964 1983 1986 1989 2006 2018 2023 2026 2038 2049 2055 2057 2061 2063 2082
4,71,CG-MOACO,area_s5_t300,0.3286516853932584,1555.9083104012843,3.0724582991474434,9 44 60 71 80 91 105 118 132 144 148 152 154 165 175 182 184 189 211 215 247 252 260 261 278 285 308 317 319 334 341 350 356 371 412 415 440 450 457 464 465 467 514 554 562 565 580 583 588 593 613 617 627 629 648 654 671 675 697 719 726 734 740 750 770 772 776 796 802 806 825 860 862 866 885 896 905 907 910 911 917 929 939 957 961 980 985 1012 1020 1024 1028 1036 1053 1060 1064 1076 1089 1102 1105 1127 1129 1137 1139 1143 1151 1158 1173 1183 1199 1202 1223 1224 1228 1243 1258 1262 1264 1268 1270 1280 1299 1300 1310 1318 1323 1334 1339 1353 1373 1376 1383 1385 1392 1395 1404 1412 1419 1423 1425 1426 1435 1445 1446 1480 1482 1524 1529 1535 1605 1643 1645 1649 1652 1672 1704 1734 1738 1745 1747 1751 1756 1775 1779 1787 1791 1797 1831 1842 1851 1860 1882 1888 1895 1932 1937 1963 1986 1989 2008 2013 2018 2023 2046 2055 2058 2063 2076 2078
4,72,CG-MOACO,area_s5_t300,0.2991573033707865,1634.848656206447,0.4898979485566356,1 9 19 31 42 48 61 67 76 80 98 102 110 114 137 148 153 158 175 176 178 180 200 204 215 220 232 252 270 284 285 311 317 334 362 371 379 391 393 403 429 430 440 445 448 450 461 465 475 480 503 528 545 552 558 562 578 580 593 602 613 650 654 664 669 676 687 700 708 719 734 748 760 771 772 775 790 802 829 842 853 862 867 868 877 885 910 929 941 943 946 956 957 958 960 978 980 1032 1037 1060 1070 1073 1077 1089 1126 1128 1137 1143 1153 1158 1174 1183 1187 1199 1202 1222 1228 1237 1239 1258 1270 1278 1318 1323 1334 1336 1339 1361 1370 1373 1376 1378 1384 1403 1412 1419 1423 1432 1434 1435 1440 1446 1453 1482 1490 1524 1526 1529 1565 1571 1584 1587 1607 1618 1643 1645 1652 1654 1672 1705 1718 1734 1735 1738 1747 1753 1756 1765 1774 1792 1797 1808 1815 1818 1823 1842 1854 1860 1866 1867 1896 1901 1926 1928 1940 1953 1963 1965 1983 1986 1989 2006 2009 2019 2026 2027 2063
4,73,CG-MOACO,area_s5_t300,0.27434456928838946,1681.7801692472378,1.7888543819998317,1 9 19 26 42 47 55 76 78 80 102 125 137 141 143 152 172 174 175 176 178 179 182 190 219 252 257 261 270 278 284 285 288 307 334 338 362 370 398 406 449 450 453 458 464 477 480 485 503 528 537 544 545 559 562 571 580 593 611 626 629 638 644 650 654 676 685 700 708 716 731 734 750 760 771 773 790 802 808 825 840 856 862 868 910 917 925 929 936 939 944 954 958 978 980 1001 1007 1018 1024 1026 1028 1036 1039 1060 1086 1089 1105 1107 1117 1127 1129 1137 1143 1162 1183 1187 1199 1202 1221 1223 1228 1234 1237 1244 1262 1264 1296 1318 1327 1334 1336 1339 1359 1370 1375 1376 1384 1395 1412 1419 1423 1434 1440 1445 1446 1449 1457 1479 1490 1524 1529 1544 1559 1565 1578 1588 1590 1596 1605 1628 1645 1652 1654 1673 1683 1704 1708 1711 1718 1756 1766 1787 1797 1806 1808 1811 1815 1819 1823 1839 1842 1854 1860 1882 1896 1922 1923 1928 1940 1965 1967 1983 1999 2006 2008 2010 2015 2016 2023 2027 2037 2047 2057 2063 2065
4,74,CG-MOACO,area_s5_t300,0.26451310861423216,1688.3931663624155,1.8547236990991407,1 38 40 47 55 76 80 98 102 111 114 125 134 137 143 148 152 153 156 175 176 178 180 182 184 202 220 231 252 257 263 270 275 284 285 317 326 334 362 379 386 393 440 464 477 508 528 533 537 545 552 562 575 579 583 593 598 602 605 617 622 626 650 651 654 656 687 700 708 734 740 760 771 772 775 787 790 806 807 814 833 836 858 860 862 872 880 910 911 917 929 941 956 957 958 963 978 982 985 1007 1024 1028 1037 1039 1060 1077 1086 1106 1115 1127 1128 1137 1139 1143 1158 1162 1173 1183 1191 1199 1202 1228 1237 1258 1262 1264 1268 1279 1296 1300 1311 1318 1320 1323 1334 1336 1338 1339 1341 1353 1370 1376 1383 1419 1423 1425 1440 1446 1469 1480 1482 1487 1496 1518 1524 1529 1544 1559 1562 1602 1615 1618 1630 1645 1652 1654 1660 1667 1672 1701 1711 1718 1732 1738 1756 1774 1776 1787 1792 1797 1808 1815 1818 1823 1837 1839 1842 1882 1888 1901 1953 1963 1967 1983 1989 1991 1995 2006 2014 2018 2023 2026 2027 2037 2058 2063 2080 2083
4,75,CG-MOACO,area_s5_t300,0.27621722846441943,1677.8978154181902,1.2649110640673518,1 9 17 54 59 78 80 98 102 106 110 114 125 132 143 167 172 175 179 182 191 201 220 247 251 252 257 261 262 270 275 289 300 308 317 334 336 348 378 391 415 420 440 450 458 464 465 477 484 495 504 508 528 544 545 552 559 562 575 583 593 608 618 626 671 676 700 708 719 734 741 760 784 790 802 804 807 814 825 829 847 858 868 870 877 885 910 911 917 929 941 944 947 954 963 978 982 1001 1016 1020 1024 1036 1039 1060 1064 1068 1089 1104 1105 1127 1137 1139 1143 1158 1168 1183 1189 1199 1202 1204 1227 1237 1239 1259 1262 1279 1299 1316 1318 1323 1339 1361 1370 1376 1384 1395 1403 1408 1419 1426 1429 1435 1437 1440 1454 1470 1480 1483 1495 1524 1537 1544 1556 1562 1565 1571 1584 1590 1606 1616 1638 1645 1647 1652 1654 1660 1667 1697 1718 1731 1735 1745 1756 1766 1787 1792 1797 1808 1815 1818 1823 1839 1842 1854 1867 1882 1887 1896 1901 1919 1928 1954 1959 1963 1983 1986 1989 2006 2008 2027 2032 2044 2058 2063 2076
4,76,CG-MOACO,area_s5_t300,0.3089887640449438,1601.5221301511363,0.6324555320336759,1 5 9 14 31 36 38 80 98 102 106 114 132 137 153 173 175 180 189 201 206 215 220 221 231 270 277 286 292 307 311 321 334 348 352 356 379 391 395 423 440 442 449 464 465 484 495 504 508 510 528 554 559 562 580 583 589 593 605 608 615 637 648 654 669 671 687 700 710 734 740 748 760 770 787 790 802 825 836 847 868 888 905 910 911 917 929 944 946 957 978 982 984 1012 1028 1036 1060 1064 1085 1097 1102 1105 1118 1126 1142 1143 1155 1158 1173 1188 1191 1199 1202 1205 1223 1235 1237 1264 1292 1296 1308 1314 1318 1323 1334 1336 1361 1370 1373 1384 1394 1403 1422 1423 1429 1434 1435 1448 1458 1480 1483 1490 1535 1554 1559 1562 1584 1599 1606 1608 1616 1645 1649 1652 1653 1673 1708 1718 1732 1738 1750 1756 1766 1777 1782 1792 1793 1797 1804 1808 1812 1819 1823 1828 1839 1854 1860 1865 1882 1923 1932 1940 1963 1965 1983 1989 1998 2006 2008 2023 2045 2057 2064 2074 2083
4,77,CG-MOACO,area_s5_t300,0.31132958801498123,1594.7988797764276,2.244994432064365,1 19 31 42 80 83 91 98 102 106 120 129 134 137 143 148 152 157 172 175 176 180 189 191 201 210 219 220 252 257 261 265 270 275 278 283 307 308 334 370 415 443 458 465 475 477 484 497 558 562 580 593 611 616 626 654 676 693 700 708 711 716 731 734 736 740 760 771 774 775 776 790 802 806 807 840 841 855 860 862 910 929 939 943 956 978 980 996 1000 1002 1016 1024 1036 1045 1052 1060 1064 1089 1127 1132 1137 1139 1143 1153 1158 1162 1173 1183 1187 1199 1202 1212 1224 1228 1237 1244 1262 1264 1304 1308 1319 1323 1334 1339 1341 1361 1370 1373 1383 1394 1412 1414 1419 1423 1434 1435 1446 1455 1479 1487 1524 1528 1529 1565 1584 1587 1612 1615 1643 1645 1649 1652 1654 1658 1677 1697 1705 1708 1718 1734 1735 1738 1754 1756 1765 1769 1793 1797 1811 1812 1823 1827 1839 1842 1854 1860 1882 1888 1896 1900 1912 1922 1926 1963 1965 1967 1983 1999 2023 2027 2038 2058 2063
4,78,CG-MOACO,area_s5_t300,0.2921348314606742,1623.874909148676,0.7483314773547882,9 19 31 40 41 47 55 71 80 98 102 121 132 137 153 172 175 176 178 179 189 197 217 231 245 251 252 270 284 311 317 332 334 356 362 370 379 391 411 412 429 437 440 448 450 452 465 467 477 485 503 509 516 528 530 545 552 558 562 580 583 593 611 617 626 629 650 671 687 700 708 716 719 734 740 760 790 802 812 814 833 860 862 877 908 911 917 929 936 957 958 967 978 980 985 1001 1012 1021 1024 1037 1056 1060 1070 1089 1091 1107 1111 1127 1137 1143 1173 1183 1187 1199 1202 1205 1223 1224 1239 1258 1262 1264 1278 1304 1310 1311 1318 1323 1334 1336 1338 1339 1367 1370 1375 1376 1383 1394 1403 1412 1419 1423 1434 1435 1445 1458 1483 1487 1490 1504 1529 1544 1554 1565 1615 1616 1618 1645 1648 1652 1660 1672 1704 1733 1756 1773 1787 1797 1808 1818 1820 1823 1830 1836 1839 1842 1860 1882 1888 1896 1901 1937 1952 1954 1963 1965 2006 2008 2013 2014 2018 2023 2026 2027 2037 2058 2063 2076 2078
4,79,CG-MOACO,area_s5_t300,0.27340823970037453,1695.6026388126563,0.4,1 5 9 15 19 48 59 63 68 78 80 83 102 132 137 141 143 155 175 176 180 182 205 219 252 257 277 278 284 285 288 292 307 308 317 319 334 341 379 391 398 440 450 453 458 461 465 477 514 528 537 578 593 602 608 611 613 615 622 626 632 641 648 651 654 663 671 685 700 708 716 723 735 741 748 760 762 773 776 790 802 808 825 840 857 858 862 868 877 885 910 917 941 957 978 982 1000 1007 1014 1018 1036 1039 1042 1060 1064 1089 1091 1105 1126 1129 1137 1143 1150 1158 1174 1183 1187 1199 1202 1205 1222 1228 1239 1243 1262 1264 1296 1318 1323 1329 1334 1339 1340 1346 1359 1369 1370 1375 1378 1380 1384 1394 1395 1401 1412 1419 1423 1430 1434 1440 1455 1469 1483 1495 1506 1540 1565 1584 1605 1615 1616 1619 1645 1648 1652 1673 1700 1705 1718 1734 1735 1747 1756 1757 1765 1768 1775 1781 1787 1793 1797 1804 1808 1811 1822 1823 1840 1842 1854 1860 1866 1882 1901 1909 1922 1937 1940 1983 1986 2008 2023 2038 2057 2063 2076 2083
4,80,CG-MOACO,area_s5_t300,0.27996254681647936,1662.674859893151,1.624807680927192,14 31 40 41 43 46 55 65 80 91 98 102 106 111 118 129 134 137 165 175 176 184 217 219 220 226 230 249 252 257 270 272 275 285 308 317 334 379 398 412 440 452 464 465 486 503 516 530 537 543 545 558 562 565 583 592 593 602 608 611 617 626 650 654 656 700 705 708 716 719 734 738 760 771 773 775 790 802 806 825 828 831 836 846 878 910 911 913 929 967 972 978 980 985 991 994 996 1001 1021 1024 1032 1036 1044 1060 1086 1089 1091 1104 1122 1127 1137 1139 1143 1158 1168 1173 1187 1199 1202 1204 1209 1223 1224 1227 1245 1254 1264 1278 1288 1310 1311 1320 1328 1329 1334 1338 1339 1361 1370 1376 1383 1392 1394 1398 1403 1411 1412 1419 1423 1430 1440 1455 1480 1483 1487 1527 1529 1544 1554 1559 1565 1584 1645 1648 1652 1672 1720 1733 1738 1747 1753 1756 1787 1792 1797 1808 1823 1835 1842 1858 1860 1866 1888 1901 1926 1937 1959 1963 1965 1984 2006 2009 2013 2018 2023 2026 2027 2037 2045 2047 2058 2063 2080
4,81,CG-MOACO,area_s5_t300,0.3314606741573034,1570.8640128027153,0.8,9 34 55 59 76 80 91 114 121 153 157 175 179 182 202 220 235 247 252 257 259 261 263 285 300 308 311 317 334 348 370 384 395 401 403 404 407 409 429 440 442 449 450 458 461 465 477 510 528 533 545 554 559 562 564 578 593 606 608 617 626 676 700 741 743 750 760 770 771 774 775 776 790 802 806 808 815 841 853 862 866 868 879 900 902 925 927 929 941 957 977 1007 1012 1016 1020 1024 1060 1064 1068 1076 1086 1105 1109 1117 1127 1143 1153 1158 1163 1173 1199 1201 1202 1212 1261 1264 1268 1295 1310 1318 1331 1334 1339 1341 1360 1361 1372 1375 1383 1386 1404 1409 1412 1419 1423 1434 1440 1457 1469 1478 1480 1524 1529 1544 1565 1571 1589 1599 1637 1645 1654 1701 1708 1725 1745 1747 1753 1756 1797 1808 1809 1812 1827 1840 1842 1845 1849 1851 1860 1882 1888 1901 1923 1946 1964 1976 1983 1989 1991 2004 2006 2027 2037 2046 2057 2063 2080 2083
4,82,CG-MOACO,area_s5_t300,0.276685393258427,1657.6039317730422,2.785677655436824,1 31 38 47 55 78 80 83 98 99 102 105 114 121 132 137 149 153 159 175 191 200 220 252 257 260 261 270 277 284 285 292 300 307 308 310 317 334 337 350 362 378 393 397 440 449 464 465 467 475 485 503 510 528 562 564 578 583 589 593 607 609 626 648 650 658 675 687 700 708 717 734 740 762 771 773 802 806 812 825 840 842 848 860 875 878 899 910 917 929 936 943 946 954 957 967 978 982 994 1001 1024 1026 1028 1032 1036 1039 1056 1062 1068 1105 1107 1127 1137 1141 1143 1162 1170 1187 1199 1202 1223 1234 1237 1251 1264 1278 1296 1314 1318 1330 1334 1339 1370 1378 1385 1394 1395 1423 1430 1434 1435 1440 1449 1469 1483 1490 1513 1524 1544 1562 1580 1590 1599 1605 1608 1614 1616 1619 1645 1647 1649 1652 1653 1660 1676 1683 1700 1718 1733 1747 1756 1774 1793 1797 1802 1808 1813 1823 1829 1840 1842 1846 1860 1866 1882 1888 1900 1922 1928 1953 1963 1965 1983 1986 2006 2008 2018 2023 2045 2055 2057 2061 2063 2083
4,83,CG-MOACO,area_s5_t300,0.3047752808988764,1605.6000795684893,2.0976176963403033,1 47 59 73 78 80 91 98 102 106 111 118 132 137 175 176 178 184 185 196 215 219 220 249 252 257 263 270 272 278 305 311 317 334 337 344 348 379 395 412 415 440 445 449 450 458 461 465 477 504 528 530 540 562 589 591 593 611 612 615 625 643 648 654 675 693 700 708 716 719 729 734 741 748 773 775 776 802 806 814 828 847 853 856 858 868 885 910 929 967 968 978 982 996 1012 1016 1028 1031 1039 1060 1064 1070 1086 1089 1115 1122 1127 1137 1142 1143 1147 1158 1168 1173 1183 1187 1199 1202 1205 1223 1224 1237 1258 1259 1262 1264 1292 1296 1302 1303 1305 1318 1323 1328 1336 1339 1352 1366 1373 1383 1385 1403 1404 1412 1419 1422 1425 1440 1453 1458 1469 1482 1527 1529 1535 1554 1645 1652 1658 1667 1677 1714 1718 1725 1754 1756 1769 1775 1787 1792 1793 1797 1808 1813 1820 1829 1839 1845 1854 1860 1888 1901 1963 1967 1983 2006 2008 2027 2032 2037 2046 2058 2061 2063 2076
4,84,CG-MOACO,area_s5_t300,0.2808988764044944,1660.7833927592615,0.9797958971132712,1 31 42 47 55 76 78 80 98 102 114 134 137 144 148 152 156 175 176 178 189 200 201 215 219 220 257 260 270 278 284 292 307 311 317 326 334 356 362 379 386 393 415 442 450 452 458 464 475 477 506 508 510 516 528 537 562 578 583 593 615 637 650 651 654 659 671 685 694 700 708 711 734 741 749 760 787 790 806 815 825 829 855 868 877 910 929 941 943 946 957 967 978 982 985 991 994 1012 1016 1029 1039 1050 1056 1070 1089 1126 1137 1143 1156 1158 1175 1183 1185 1187 1199 1202 1205 1222 1228 1237 1239 1258 1262 1264 1268 1297 1318 1320 1323 1334 1336 1339 1341 1359 1361 1370 1375 1376 1383 1385 1412 1419 1423 1434 1435 1454 1458 1469 1482 1486 1524 1529 1540 1544 1565 1571 1584 1618 1645 1652 1654 1670 1672 1683 1711 1718 1732 1747 1749 1756 1797 1812 1823 1836 1842 1851 1854 1860 1865 1869 1882 1888 1926 1937 1944 1963 1983 1986 1989 2006 2018 2023 2026 2027 2035 2037 2039 2045 2058 2061 2063
4,85,CG-MOACO,area_s5_t300,0.31413857677902624,1593.2544267083488,1.4696938456699067,1 9 31 36 40 47 80 97 99 102 106 111 137 152 158 172 175 181 187 202 219 220 257 278 289 308 311 317 334 336 337 347 356 370 379 391 412 415 440 452 458 464 465 474 477 483 490 528 532 537 554 580 593 602 615 617 626 651 654 671 676 685 693 700 701 708 711 716 719 726 734 741 776 802 807 814 848 860 862 870 885 908 910 911 917 929 954 968 978 980 996 1007 1016 1018 1020 1028 1036 1039 1058 1062 1064 1089 1097 1127 1137 1143 1158 1168 1169 1175 1183 1199 1202 1224 1228 1237 1262 1264 1280 1296 1302 1323 1334 1339 1341 1344 1375 1376 1384 1386 1399 1404 1419 1423 1434 1440 1446 1458 1469 1480 1529 1559 1562 1571 1595 1602 1606 1615 1618 1645 1649 1652 1673 1676 1683 1704 1718 1725 1745 1756 1775 1781 1787 1797 1800 1808 1813 1822 1839 1842 1845 1854 1882 1901 1907 1922 1937 1946 1959 1963 1967 1984 2006 2008 2018 2023 2033 2037 2057 2064 2076
4,86,CG-MOACO,area_s5_t300,0.29026217228464424,1619.8763606564473,3.3466401061363023,1 7 54 59 80 91 98 102 106 111 129 132 137 155 175 176 180 182 186 200 201 219 236 237 252 257 261 262 270 285 289 291 292 308 317 334 336 341 370 395 440 464 467 480 485 486 528 532 552 558 559 564 578 593 606 608 626 632 648 650 658 675 687 700 708 716 719 771 776 784 802 804 806 808 814 825 842 853 858 862 868 877 907 910 917 929 941 958 967 978 982 991 994 1012 1016 1024 1039 1042 1056 1060 1068 1070 1086 1089 1096 1105 1126 1129 1137 1139 1143 1149 1158 1183 1187 1188 1199 1202 1205 1222 1234 1237 1248 1264 1278 1288 1289 1296 1297 1308 1314 1318 1336 1339 1341 1361 1363 1370 1373 1376 1385 1394 1412 1418 1440 1453 1458 1463 1469 1528 1529 1565 1584 1590 1614 1616 1622 1629 1645 1647 1652 1654 1672 1676 1700 1711 1718 1734 1738 1747 1755 1765 1787 1792 1797 1803 1808 1822 1823 1842 1845 1860 1888 1901 1959 1963 1973 1987 2006 2008 2009 2018 2024 2026 2037 2045 2058 2063 2080 2083
4,87,CG-MOACO,area_s5_t300,0.26170411985018727,1709.8847293152953,2.449489742783178,1 5 39 41 47 56 71 76 78 80 98 102 105 118 121 134 137 153 156 175 176 178 182 191 218 226 230 245 252 270 272 277 285 317 334 356 361 362 379 391 407 412 420 426 429 440 448 450 458 461 475 503 528 530 544 545 554 558 562 583 593 626 650 664 671 676 700 708 731 734 741 743 748 760 772 784 790 802 804 812 840 860 862 897 910 917 920 929 958 978 982 1007 1016 1017 1024 1036 1039 1041 1045 1062 1070 1077 1089 1104 1105 1127 1128 1137 1139 1141 1143 1158 1168 1174 1183 1187 1199 1202 1205 1223 1224 1234 1237 1239 1259 1264 1268 1279 1282 1303 1314 1318 1323 1339 1352 1365 1370 1375 1376 1384 1395 1400 1403 1412 1419 1422 1434 1440 1448 1449 1458 1480 1482 1495 1527 1544 1559 1584 1606 1619 1644 1645 1647 1652 1654 1683 1708 1711 1718 1732 1735 1745 1756 1773 1775 1787 1797 1808 1811 1812 1815 1819 1823 1839 1840 1860 1867 1878 1882 1887 1896 1928 1940 1959 1963 1965 1967 1970 1983 1989 1991 2006 2008 2018 2023 2026 2038 2055 2058 2063
4,88,CG-MOACO,area_s5_t300,0.29962546816479396,1598.558461964831,3.1874754901018454,0 9 38 40 43 47 80 102 106 108 137 143 175 176 178 180 182 191 197 201 211 220 252 270 277 284 285 292 300 317 326 334 341 379 391 393 440 475 484 497 508 528 537 542 543 544 545 552 559 562 579 593 605 626 651 654 656 676 685 687 700 708 716 734 740 771 774 802 814 821 825 836 846 850 853 860 862 907 910 917 925 929 939 941 958 978 982 985 1020 1024 1036 1039 1045 1058 1060 1064 1084 1086 1089 1096 1127 1137 1139 1143 1158 1167 1173 1183 1187 1199 1202 1204 1223 1228 1257 1262 1264 1278 1296 1302 1303 1308 1318 1323 1334 1336 1340 1369 1370 1376 1384 1387 1394 1409 1412 1419 1423 1425 1435 1440 1469 1475 1495 1565 1569 1582 1606 1616 1622 1645 1647 1649 1652 1654 1658 1660 1673 1700 1704 1711 1718 1719 1734 1735 1738 1750 1756 1765 1787 1808 1823 1839 1842 1845 1860 1878 1882 1901 1909 1932 1952 1963 1965 1983 1986 1991 2001 2006 2014 2023 2024 2026 2044 2049 2063 2083
4,89,CG-MOACO,area_s5_t300,0.27715355805243447,1671.7957154494586,2.280350850198276,1 7 9 14 47 56 77 80 98 102 106 114 118 121 137 148 165 170 175 176 182 215 218 226 230 235 252 257 258 260 270 276 278 284 286 306 317 319 356 371 379 393 395 412 429 440 449 450 452 458 465 475 477 480 484 508 516 528 555 562 571 593 602 611 613 615 616 620 650 671 676 681 700 708 716 721 734 738 741 790 802 804 806 807 820 848 858 868 878 879 900 908 910 911 915 917 929 936 941 957 960 965 967 978 994 1028 1036 1039 1042 1060 1068 1070 1105 1107 1127 1128 1139 1143 1158 1162 1173 1187 1199 1202 1205 1234 1237 1258 1259 1264 1268 1279 1296 1318 1323 1335 1339 1375 1383 1385 1395 1403 1404 1412 1419 1429 1434 1440 1446 1458 1461 1480 1496 1529 1544 1589 1599 1603 1612 1643 1645 1649 1652 1654 1658 1660 1700 1704 1718 1732 1735 1747 1756 1787 1793 1797 1808 1811 1829 1835 1840 1842 1860 1866 1867 1896 1901 1919 1924 1937 1963 1965 1984 1991 1996 2006 2023 2024 2025 2027 2036 2044 2046 2058 2063
4,90,CG-MOACO,area_s5_t300,0.26591760299625467,1736.7939499506488,0.7483314773547882,1 5 38 64 65 76 78 80 83 86 98 101 102 105 106 112 114 118 134 137 148 156 165 175 176 189 198 215 220 248 252 257 263 278 284 285 292 334 343 371 379 393 413 440 445 448 450 456 458 464 477 508 537 543 545 554 558 562 588 592 593 602 605 606 608 613 625 637 650 654 700 705 708 719 741 745 754 760 771 772 790 802 806 815 828 831 835 841 846 858 860 862 885 900 910 911 918 929 941 952 957 958 961 978 982 1001 1007 1024 1039 1056 1060 1078 1085 1105 1127 1139 1143 1144 1162 1173 1187 1191 1199 1202 1205 1223 1228 1237 1258 1262 1264 1279 1296 1310 1320 1323 1334 1339 1346 1347 1370 1384 1394 1395 1403 1412 1413 1419 1423 1424 1426 1434 1448 1458 1469 1483 1490 1529 1544 1554 1565 1573 1584 1605 1616 1630 1645 1648 1649 1652 1705 1708 1711 1732 1735 1747 1756 1765 1775 1787 1792 1797 1811 1812 1819 1823 1840 1842 1854 1860 1877 1882 1888 1916 1940 1945 1954 1963 1965 1983 1989 2001 2006 2008 2023 2026 2027 2045 2057 2063 2076
4,91,CG-MOACO,area_s5_t300,0.3047752808988764,1616.9083026634028,1.2649110640673518,9 19 31 59 80 97 100 102 106 111 117 137 148 153 155 167 169 175 176 180 196 200 210 214 219 252 259 276 285 292 306 310 317 336 369 370 379 391 395 415 420 440 458 461 465 478 486 503 552 558 578 583 592 593 599 602 605 617 632 650 656 664 669 676 700 705 708 711 719 734 741 745 760 771 772 775 790 802 825 829 840 860 862 885 907 910 917 929 936 938 939 957 978 982 985 1024 1031 1039 1042 1060 1068 1077 1089 1104 1105 1107 1115 1127 1137 1143 1164 1174 1187 1199 1222 1224 1230 1234 1237 1259 1262 1264 1278 1290 1302 1304 1318 1331 1339 1365 1370 1373 1375 1378 1380 1384 1394 1403 1412 1419 1434 1435 1440 1482 1496 1520 1524 1529 1565 1587 1599 1618 1645 1647 1652 1654 1658 1670 1700 1718 1734 1745 1747 1756 1762 1788 1793 1797 1805 1808 1819 1822 1823 1854 1872 1888 1896 1900 1916 1926 1940 1959 1963 1983 1986 1989 2006 2008 2018 2023 2026 2037 2045 2058 2063
4,92,CG-MOACO,area_s5_t300,0.27855805243445697,1668.5158167116324,2.6832815729997477,1 9 40 47 55 59 64 80 83 99 102 121 132 137 144 148 167 175 176 184 189 219 235 252 261 268 270 278 284 285 307 308 311 317 319 334 348 356 362 412 437 440 449 450 458 461 465 477 508 515 528 552 554 562 583 589 593 602 605 608 613 617 622 626 629 648 654 664 681 700 708 734 760 772 790 802 806 815 825 828 847 858 860 867 879 907 910 911 917 929 943 945 946 951 954 978 980 999 1002 1020 1024 1036 1039 1052 1062 1064 1070 1073 1086 1105 1115 1117 1122 1127 1143 1158 1162 1168 1187 1199 1203 1205 1212 1223 1224 1228 1262 1264 1280 1292 1296 1310 1318 1320 1323 1328 1334 1339 1359 1361 1366 1376 1384 1403 1404 1412 1419 1422 1423 1425 1435 1469 1478 1480 1490 1527 1529 1544 1554 1565 1590 1599 1606 1631 1645 1648 1652 1658 1667 1708 1734 1738 1751 1756 1780 1792 1797 1800 1808 1819 1827 1831 1839 1851 1854 1860 1888 1926 1945 1963 1967 1973 1983 1987 1989 2006 2008 2009 2016 2018 2027 2037 2046 2047 2063
4,93,CG-MOACO,area_s5_t300,0.3356741573033708,1559.48236027566,1.3564659966250538,9 19 42 55 71 79 80 98 102 112 132 137 143 144 148 152 155 175 176 178 182 191 202 215 218 220 257 262 284 285 292 317 319 324 334 341 362 371 379 391 419 424 449 450 452 461 465 484 490 508 516 530 537 545 562 578 580 583 617 631 647 650 654 666 676 685 700 708 712 716 734 750 760 771 790 802 825 831 855 858 860 862 879 910 911 929 943 951 956 957 961 978 982 985 1000 1024 1028 1037 1039 1070 1097 1139 1143 1158 1162 1173 1187 1199 1205 1224 1228 1237 1243 1244 1259 1262 1264 1280 1302 1314 1318 1328 1336 1339 1341 1359 1366 1375 1383 1392 1404 1419 1434 1435 1440 1445 1446 1482 1529 1532 1544 1562 1567 1589 1599 1603 1605 1637 1643 1645 1652 1660 1670 1677 1705 1718 1747 1753 1756 1776 1787 1793 1797 1818 1842 1851 1860 1867 1887 1901 1907 1909 1963 1966 1979 1983 1991 2008 2009 2023 2026 2027 2039 2045 2058 2061 2063
4,94,CG-MOACO,area_s5_t300,0.28323970037453183,1668.1053053785963,0.8,19 43 47 66 71 78 80 83 98 102 105 106 141 143 149 152 156 175 180 182 185 189 202 215 219 247 251 252 261 276 284 285 292 306 313 317 356 370 377 391 398 426 440 449 450 480 509 516 528 533 536 562 571 578 580 589 593 603 606 608 609 615 617 648 654 669 671 676 678 687 700 708 716 719 731 740 748 760 766 790 802 808 825 833 853 862 870 885 917 936 941 957 958 960 978 987 998 1012 1036 1039 1060 1064 1080 1089 1105 1107 1115 1127 1137 1139 1143 1155 1158 1173 1191 1199 1202 1212 1223 1228 1237 1239 1244 1245 1258 1264 1278 1296 1311 1323 1329 1338 1339 1340 1370 1375 1376 1385 1395 1412 1419 1422 1423 1426 1434 1445 1448 1455 1458 1480 1483 1495 1524 1553 1559 1575 1584 1605 1616 1645 1647 1652 1654 1660 1672 1697 1708 1711 1718 1719 1726 1734 1735 1747 1756 1767 1781 1788 1797 1802 1808 1815 1818 1823 1860 1882 1888 1901 1928 1932 1940 1946 1963 1983 2004 2008 2015 2016 2025 2027 2038 2044 2058
4,95,CG-MOACO,area_s5_t300,0.2879213483146067,1631.979053591249,1.3564659966250536,1 9 19 31 47 71 78 80 98 102 105 114 137 152 153 158 159 160 175 176 179 188 189 215 220 251 252 263 276 284 292 300 311 317 334 344 370 377 379 392 394 412 415 434 437 440 443 452 458 464 465 475 480 483 509 527 545 552 562 580 583 593 602 611 625 650 654 656 664 700 708 734 741 760 771 772 776 790 802 806 815 862 885 910 911 913 917 929 946 947 952 956 958 960 978 996 999 1001 1016 1017 1024 1039 1058 1060 1080 1086 1089 1104 1122 1124 1137 1143 1157 1162 1168 1187 1199 1202 1222 1237 1241 1262 1264 1296 1310 1314 1323 1327 1334 1339 1340 1369 1370 1375 1376 1383 1394 1399 1419 1423 1434 1455 1457 1469 1479 1487 1529 1537 1552 1562 1565 1571 1584 1599 1606 1616 1618 1645 1647 1649 1670 1672 1700 1708 1714 1726 1756 1765 1774 1776 1797 1808 1821 1823 1827 1829 1839 1842 1865 1873 1882 1888 1898 1901 1924 1940 1944 1946 1963 1965 1967 1984 1991 2006 2008 2023 2027 2037 2045 2058 2063 2082
4,96,CG-MOACO,area_s5_t300,0.29962546816479396,1608.4896841691302,2.0591260281974,1 15 38 47 59 79 80 91 102 106 111 137 143 149 152 164 175 176 180 182 189 201 217 219 220 236 252 257 270 276 285 324 334 356 379 391 426 440 448 450 458 464 465 477 485 504 516 528 532 544 545 558 562 578 580 593 603 615 616 622 626 643 653 678 700 708 716 731 734 740 760 775 776 787 790 802 812 825 831 835 847 859 868 877 910 911 925 929 956 960 978 980 985 1011 1036 1062 1064 1077 1084 1086 1089 1096 1104 1117 1127 1137 1139 1143 1158 1174 1183 1187 1199 1202 1205 1224 1234 1237 1243 1258 1264 1279 1296 1297 1308 1310 1318 1323 1334 1336 1339 1364 1370 1394 1410 1412 1423 1424 1425 1429 1435 1446 1448 1469 1495 1535 1544 1554 1559 1565 1582 1598 1603 1637 1643 1645 1649 1652 1672 1683 1701 1732 1747 1753 1775 1787 1797 1803 1808 1812 1823 1835 1842 1860 1866 1882 1888 1901 1922 1924 1944 1963 1965 1983 1991 1999 2008 2014 2018 2023 2026 2038 2049 2055 2058 2063 2083
4,97,CG-MOACO,area_s5_t300,0.26919475655430714,1707.8508508306347,1.3564659966250538,1 9 14 39 47 67 80 98 99 102 106 114 118 127 137 141 143 148 152 153 156 175 176 179 182 189 215 220 252 257 261 270 284 285 292 308 311 317 319 334 378 406 415 429 431 440 449 450 461 477 491 494 504 508 543 545 562 580 593 602 608 610 612 617 622 641 685 700 708 716 734 737 741 750 760 771 773 787 790 802 806 808 812 829 836 858 862 868 870 872 885 911 929 941 947 958 960 978 982 1001 1020 1024 1037 1039 1062 1064 1068 1070 1089 1092 1115 1126 1132 1137 1143 1158 1162 1183 1187 1199 1201 1202 1205 1223 1237 1264 1279 1296 1300 1304 1311 1316 1323 1336 1338 1339 1361 1370 1375 1376 1378 1394 1395 1412 1419 1423 1429 1434 1435 1437 1455 1469 1482 1487 1495 1524 1544 1553 1565 1587 1590 1606 1612 1615 1645 1647 1652 1654 1660 1673 1718 1724 1738 1741 1742 1753 1779 1787 1800 1803 1811 1823 1833 1835 1839 1842 1866 1882 1900 1909 1919 1928 1937 1963 1967 1983 1991 2003 2008 2018 2023 2025 2037 2039 2057 2063 2074
4,98,CG-MOACO,area_s5_t300,0.31647940074906367,1613.2652578158531,0.4898979485566356,1 31 59 63 80 114 120 121 129 132 137 149 152 157 175 176 178 181 188 191 194 200 214 220 232 245 252 257 278 284 285 288 317 334 336 337 371 379 390 420 423 429 440 449 456 458 461 504 508 510 578 579 583 589 593 595 608 615 622 626 648 650 671 676 681 700 708 723 731 735 737 741 760 762 790 802 815 833 846 853 862 868 885 897 910 918 936 941 952 955 958 978 980 985 987 996 1001 1007 1021 1059 1060 1107 1127 1143 1168 1173 1183 1187 1199 1202 1223 1228 1237 1239 1242 1262 1264 1278 1288 1296 1304 1314 1323 1334 1338 1339 1351 1353 1354 1360 1367 1370 1376 1383 1385 1394 1399 1412 1419 1423 1440 1455 1464 1469 1480 1482 1528 1529 1544 1554 1565 1615 1645 1647 1660 1672 1697 1708 1711 1718 1724 1734 1735 1738 1745 1747 1756 1779 1813 1822 1823 1842 1882 1888 1900 1922 1924 1928 1940 1965 1983 1989 1991 2008 2010 2018 2032 2033 2038 2055 2058 2063 2083
4,99,CG-MOACO,area_s5_t300,0.26919475655430714,1674.5994666256306,2.4979991993593593,1 9 36 38 47 68 77 80 86 98 102 105 112 132 137 143 152 154 159 165 172 175 180 182 219 220 257 261 275 278 284 285 306 307 308 310 317 341 362 391 393 415 431 440 458 463 464 477 481 508 530 537 543 562 580 583 593 598 605 607 611 613 615 617 626 648 654 685 705 708 716 734 741 760 771 772 787 790 802 825 833 858 862 868 870 910 911 917 929 936 941 957 958 980 999 1007 1028 1036 1039 1053 1056 1060 1064 1086 1089 1105 1117 1126 1128 1137 1143 1158 1162 1173 1183 1184 1187 1191 1199 1202 1205 1223 1228 1237 1242 1254 1258 1262 1264 1279 1308 1310 1311 1318 1323 1334 1336 1338 1339 1369 1370 1385 1390 1391 1394 1411 1418 1423 1434 1440 1441 1457 1469 1483 1495 1524 1544 1565 1571 1581 1584 1608 1616 1626 1629 1643 1645 1648 1652 1660 1672 1703 1711 1733 1747 1756 1766 1769 1774 1787 1797 1802 1808 1818 1820 1823 1834 1842 1882 1888 1901 1922 1945 1946 1963 1965 1969 1983 2006 2008 2023 2025 2027 2036 2045 2063 2080 2083
5,0,CG-MOACO,area_s5_t300,0.38249063670411987,1485.3240797424335,1.6733200530681511,1 31 56 63 68 85 103 119 125 137 142 156 166 170 175 218 240 252 261 273 284 285 288 306 317 328 359 369 370 390 395 398 403 404 413 420 432 458 465 486 500 508 510 527 530 537 544 548 562 592 593 598 602 619 623 626 637 658 665 685 697 708 712 724 771 783 825 867 868 871 873 883 905 910 917 929 935 946 954 967 978 1001 1016 1017 1021 1024 1028 1033 1056 1062 1067 1127 1137 1143 1146 1157 1162 1172 1183 1187 1213 1223 1258 1261 1264 1280 1299 1314 1318 1330 1351 1361 1367 1383 1385 1390 1395 1400 1412 1426 1428 1435 1440 1463 1464 1474 1482 1490 1529 1532 1544 1573 1577 1584 1585 1605 1645 1652 1672 1686 1708 1732 1738 1751 1765 1777 1779 1792 1797 1805 1823 1833 1839 1842 1845 1867 1871 1882 1916 1932 1937 1940 1944 1967 1983 1986 1991 2006 2023 2024 2037 2045 2058 2063 2082
5,1,CG-MOACO,area_s5_t300,0.38249063670411987,1508.832731224672,1.5999999999999999,9 29 34 36 41 47 56 80 83 91 105 126 137 165 170 175 179 182 189 201 205 210 220 251 265 269 300 302 310 317 353 377 387 403 410 431 434 459 464 465 475 481 536 539 559 562 565 588 593 602 611 615 623 625 650 654 656 663 694 697 700 705 708 725 734 743 744 748 760 771 777 814 862 867 868 875 877 902 910 911 917 938 941 957 978 979 982 986 987 994 1008 1016 1017 1056 1082 1102 1127 1137 1143 1160 1166 1175 1198 1202 1203 1229 1244 1260 1261 1264 1276 1318 1323 1338 1350 1353 1383 1387 1389 1394 1399 1403 1419 1428 1456 1482 1520 1529 1531 1542 1544 1559 1562 1575 1577 1584 1595 1599 1606 1627 1637 1652 1689 1718 1738 1747 1751 1756 1774 1776 1777 1780 1787 1792 1797 1813 1823 1829 1842 1851 1865 1867 1923 1960 1983 1991 2001 2009 2019 2034 2037 2057 2063 2080
5,2,CG-MOACO,area_s5_t300,0.3806179775280899,1517.6898137413052,0.7483314773547882,19 23 26 28 36 39 47 55 73 79 80 83 86 91 99 115 137 143 175 180 191 215 223 260 305 308 317 319 327 336 350 358 369 379 392 403 420 437 466 485 489 497 506 528 536 543 559 593 611 622 637 644 650 654 656 676 681 700 708 713 716 727 729 734 741 742 760 768 771 802 806 859 860 873 877 890 910 911 957 960 974 978 988 990 1009 1016 1024 1029 1042 1059 1062 1102 1105 1110 1114 1127 1128 1158 1186 1199 1204 1222 1230 1237 1239 1247 1262 1264 1297 1306 1318 1339 1356 1361 1370 1383 1385 1392 1402 1411 1412 1422 1435 1440 1446 1459 1480 1499 1503 1509 1544 1565 1584 1585 1606 1641 1645 1652 1654 1660 1672 1691 1701 1718 1756 1763 1768 1785 1787 1792 1795 1808 1815 1818 1823 1828 1839 1840 1877 1882 1888 1919 1928 1941 1967 1983 1991 2016 2028 2045 2049 2058 2063 2083
5,3,CG-MOACO,area_s5_t300,0.38014981273408244,1494.1492917276346,2.4,1 5 13 19 26 36 55 80 90 91 98 99 121 157 171 180 182 189 190 199 200 215 222 257 262 270 273 277 292 308 311 316 355 379 391 393 413 465 529 534 552 562 578 579 593 605 608 612 616 618 622 645 648 708 715 719 734 748 760 765 771 776 784 790 802 804 814 828 836 858 860 870 887 889 910 911 929 946 955 957 978 980 1024 1036 1039 1045 1055 1062 1067 1072 1089 1092 1111 1116 1127 1137 1151 1154 1175 1183 1199 1202 1203 1205 1222 1264 1279 1297 1300 1309 1331 1339 1356 1361 1368 1383 1387 1394 1403 1422 1435 1437 1461 1467 1494 1511 1538 1540 1544 1553 1562 1565 1577 1580 1584 1585 1596 1608 1616 1645 1648 1673 1697 1705 1718 1723 1724 1732 1735 1741 1745 1747 1751 1756 1774 1804 1807 1809 1823 1847 1849 1854 1882 1885 1917 1924 1926 1940 1960 1983 2023 2034 2063 2071
5,4,CG-MOACO,area_s5_t300,0.40823970037453183,1445.6287646067137,1.7888543819998317,9 19 31 34 38 44 46 56 67 79 80 82 111 114 148 151 170 175 180 197 211 215 219 247 261 284 308 317 324 334 411 445 450 456 465 503 506 509 528 533 542 545 554 584 588 593 629 663 668 675 681 708 726 729 740 744 750 771 796 802 806 809 825 894 910 911 929 941 959 973 978 986 991 993 1012 1016 1020 1021 1037 1050 1060 1063 1065 1069 1075 1102 1127 1149 1152 1183 1200 1204 1222 1228 1237 1254 1258 1259 1262 1264 1279 1300 1339 1351 1361 1370 1383 1394 1411 1419 1440 1453 1455 1468 1470 1480 1482 1484 1504 1516 1529 1532 1536 1544 1562 1583 1602 1643 1645 1647 1652 1660 1686 1709 1720 1732 1748 1756 1788 1790 1792 1795 1808 1813 1818 1839 1860 1875 1881 1888 1891 1901 1941 1963 1965 1969 1980 1983 1991 2002 2033 2045 2046 2063 2083
5,5,CG-MOACO,area_s5_t300,0.41900749063670417,1413.905287781744,3.1874754901018454,1 26 36 39 54 64 80 137 167 171 173 175 180 198 215 217 220 235 257 261 263 270 288 292 311 313 316 327 344 355 378 393 396 398 409 423 426 432 443 459 465 471 486 491 514 524 534 562 593 622 623 649 692 708 765 766 771 776 787 802 807 829 859 860 862 889 908 909 911 912 941 954 960 980 1000 1016 1020 1022 1024 1028 1037 1060 1086 1101 1118 1126 1138 1143 1156 1158 1162 1188 1199 1202 1205 1233 1237 1253 1259 1264 1297 1318 1339 1340 1364 1368 1372 1384 1400 1404 1406 1412 1419 1440 1446 1453 1480 1490 1495 1499 1524 1536 1571 1578 1590 1594 1636 1701 1735 1754 1756 1775 1790 1797 1800 1808 1815 1819 1831 1835 1839 1842 1860 1867 1882 1895 1920 1922 1945 1980 1982 1983 1991 2005 2014 2025 2036 2038 2044 2046 2064
5,6,CG-MOACO,area_s5_t300,0.39138576779026213,1508.6571196086518,0.8,9 36 47 64 80 96 100 137 143 152 153 154 170 175 179 181 185 189 202 204 220 222 231 285 307 311 313 318 328 338 356 369 374 379 383 424 429 431 452 464 465 466 482 485 503 525 529 541 546 555 558 562 606 626 636 656 700 720 738 760 774 782 783 802 804 806 808 820 826 848 849 868 870 885 890 906 908 910 911 929 947 957 980 1001 1020 1037 1039 1053 1062 1069 1073 1123 1126 1143 1151 1160 1162 1175 1183 1184 1204 1222 1237 1262 1264 1277 1278 1283 1323 1336 1339 1366 1367 1372 1376 1380 1384 1392 1412 1419 1422 1425 1446 1455 1483 1508 1528 1535 1544 1554 1579 1580 1584 1585 1641 1645 1653 1659 1683 1718 1753 1755 1758 1774 1779 1791 1797 1818 1823 1827 1835 1839 1840 1860 1864 1866 1884 1887 1919 1924 1944 1952 1963 1966 1984 2018 2023 2025 2045 2055 2058 2073 2083
5,7,CG-MOACO,area_s5_t300,0.38857677902621723,1475.908430689541,2.6076809620810595,9 38 41 54 55 58 64 78 80 86 111 115 142 157 175 180 189 202 210 216 227 247 261 277 284 299 308 311 315 322 334 378 410 425 426 449 450 465 478 483 508 510 518 520 525 528 562 582 588 593 611 615 653 668 700 726 731 740 749 765 771 783 790 801 808 830 853 855 858 862 918 926 941 950 967 980 995 1012 1037 1039 1042 1051 1057 1062 1075 1078 1079 1086 1115 1127 1158 1164 1190 1202 1203 1222 1230 1258 1264 1268 1278 1296 1310 1320 1323 1334 1336 1354 1374 1375 1378 1383 1385 1404 1412 1419 1423 1434 1445 1446 1453 1469 1524 1536 1544 1594 1599 1636 1642 1645 1652 1659 1660 1705 1707 1710 1734 1735 1750 1756 1766 1785 1787 1797 1805 1808 1809 1815 1819 1824 1839 1840 1853 1860 1879 1881 1917 1945 1954 1957 1963 1976 1983 1989 1991 1999 2005 2064 2080 2083
5,8,CG-MOACO,area_s5_t300,0.40636704119850187,1453.9687653790156,3.4985711369071804,3 14 26 31 40 45 56 60 72 80 82 102 106 108 122 137 143 153 154 155 170 175 176 204 207 210 212 220 230 252 257 270 306 314 344 351 352 369 378 424 431 457 461 465 466 479 486 508 517 558 562 582 594 601 605 612 616 643 652 658 683 685 700 708 716 734 740 760 765 771 791 828 862 877 908 911 914 937 943 957 987 1001 1002 1036 1044 1052 1060 1064 1083 1105 1109 1117 1136 1143 1158 1161 1164 1186 1199 1219 1223 1244 1280 1288 1306 1310 1334 1339 1340 1343 1351 1378 1383 1391 1404 1427 1435 1440 1487 1497 1518 1529 1551 1557 1574 1581 1606 1614 1615 1639 1641 1645 1656 1660 1675 1697 1756 1767 1769 1788 1791 1797 1805 1818 1830 1839 1840 1860 1867 1882 1892 1912 1922 1962 1963 1966 1967 1980 1983 1991 1999 2001 2038 2046 2058 2063 2073 2080
5,9,CG-MOACO,area_s5_t300,0.37968164794007486,1512.4912224163306,2.0591260281974,1 9 14 31 36 49 77 83 107 109 120 137 167 175 178 180 188 217 235 248 257 265 285 313 317 330 350 369 370 379 386 400 404 413 424 436 437 440 464 466 480 487 491 514 525 528 533 554 555 558 562 575 578 583 593 615 692 700 719 731 734 738 740 747 748 760 771 772 806 832 841 862 868 871 896 911 918 941 955 957 958 960 983 1016 1017 1027 1037 1062 1071 1089 1102 1123 1126 1137 1183 1187 1190 1198 1223 1226 1236 1242 1256 1264 1266 1296 1297 1302 1308 1339 1344 1356 1370 1375 1376 1389 1398 1400 1408 1418 1434 1435 1440 1441 1448 1450 1467 1469 1480 1497 1518 1524 1529 1553 1562 1584 1596 1601 1610 1614 1652 1697 1705 1718 1720 1735 1738 1739 1741 1747 1752 1789 1797 1803 1808 1823 1824 1842 1844 1853 1854 1879 1884 1886 1897 1901 1920 1926 1963 1983 2003 2010 2023 2054 2057 2063 2074
5,10,CG-MOACO,area_s5_t300,0.40074906367041196,1472.2065274251415,2.3151673805580453,1 5 9 49 64 80 87 97 102 105 106 137 157 159 175 189 191 201 219 252 257 270 272 277 285 299 307 328 337 348 349 355 358 367 379 394 408 410 426 431 440 450 454 463 472 475 496 506 508 517 529 543 544 545 562 579 593 598 609 615 637 640 650 692 730 737 749 756 771 802 821 858 860 867 895 902 910 911 913 938 943 972 977 993 999 1001 1003 1016 1041 1059 1060 1065 1091 1123 1143 1144 1205 1207 1221 1223 1236 1244 1258 1264 1278 1293 1295 1304 1323 1354 1370 1376 1387 1394 1399 1403 1419 1423 1435 1446 1454 1461 1483 1492 1494 1505 1511 1544 1553 1562 1580 1590 1599 1625 1643 1645 1670 1673 1680 1691 1718 1719 1736 1750 1775 1777 1788 1789 1794 1797 1802 1808 1811 1812 1839 1855 1871 1882 1899 1963 1966 1968 1983 1996 2001 2008 2022 2037 2045
5,11,CG-MOACO,area_s5_t300,0.4115168539325843,1440.5987437402957,2.0976176963403033,9 24 28 34 40 43 47 100 113 114 118 121 133 135 137 174 175 176 180 182 183 189 231 243 251 252 284 306 316 369 370 379 386 400 412 416 465 486 495 500 503 534 535 541 558 562 564 626 645 650 676 693 700 710 716 719 725 734 738 760 766 790 804 807 808 827 854 862 885 894 910 929 967 968 976 980 991 1008 1016 1018 1024 1037 1039 1041 1086 1090 1097 1127 1150 1160 1163 1176 1181 1199 1229 1231 1236 1237 1264 1268 1290 1310 1314 1326 1339 1343 1350 1375 1383 1385 1395 1406 1412 1419 1422 1423 1429 1434 1436 1446 1454 1457 1473 1486 1496 1506 1541 1544 1584 1588 1601 1614 1649 1652 1689 1701 1738 1744 1755 1757 1773 1776 1777 1793 1797 1823 1830 1839 1864 1871 1874 1888 1901 1919 1922 1955 1963 1984 2009 2032 2034 2038 2044 2057 2063
5,12,CG-MOACO,area_s5_t300,0.35908239700374533,1556.1936920083438,0.6324555320336759,31 34 39 63 80 83 91 96 102 106 134 136 137 141 143 147 152 157 165 175 199 211 252 259 263 270 292 311 317 336 337 360 370 379 399 413 429 465 478 488 490 503 534 539 555 558 562 585 592 593 608 613 615 626 650 658 663 705 708 719 720 731 738 745 760 762 771 790 802 804 807 836 846 876 884 910 911 917 929 941 947 978 980 991 997 1006 1012 1037 1039 1042 1060 1069 1115 1116 1127 1128 1141 1149 1150 1154 1156 1160 1173 1199 1202 1237 1241 1260 1264 1276 1278 1297 1300 1309 1311 1318 1323 1338 1339 1367 1377 1383 1385 1398 1416 1419 1440 1445 1455 1460 1469 1483 1489 1494 1528 1529 1537 1538 1544 1636 1640 1645 1654 1658 1674 1677 1718 1726 1738 1747 1755 1765 1776 1781 1787 1792 1797 1823 1842 1851 1859 1867 1871 1878 1882 1901 1909 1932 1944 1959 1983 2016 2018 2023 2027 2037 2040 2045 2058 2064
5,13,CG-MOACO,area_s5_t300,0.39513108614232206,1487.193417429058,1.4142135623730951,1 24 38 43 64 78 80 90 91 107 117 125 133 137 152 170 175 176 180 189 214 256 259 285 300 307 310 315 317 324 327 379 395 400 404 409 431 440 442 450 457 465 472 491 527 544 583 588 593 599 601 605 611 615 621 638 651 671 687 700 734 747 760 773 776 790 798 815 820 836 860 862 875 894 905 910 911 929 938 941 965 968 973 978 982 993 1003 1021 1028 1038 1042 1055 1075 1091 1154 1158 1162 1166 1173 1199 1204 1218 1221 1242 1259 1261 1264 1295 1301 1304 1306 1313 1321 1323 1335 1339 1348 1351 1361 1370 1376 1379 1401 1412 1419 1482 1486 1487 1492 1494 1524 1528 1599 1618 1639 1655 1659 1667 1670 1689 1705 1718 1743 1752 1755 1788 1803 1808 1819 1823 1829 1834 1839 1840 1955 1959 1963 1965 1979 1983 1986 1996 2003 2014 2023 2025 2027 2035 2057 2063
5,14,CG-MOACO,area_s5_t300,0.39372659176029967,1469.5886383394295,3.03315017762062,1 19 24 46 64 78 89 91 97 99 109 112 114 137 148 153 169 175 176 180 189 201 208 216 220 235 257 261 300 307 310 317 334 359 366 370 403 409 429 450 457 463 465 499 562 571 583 588 593 601 605 615 617 627 635 643 653 668 674 687 692 708 730 736 760 771 790 795 802 812 827 879 884 889 897 902 911 924 941 951 960 966 968 975 977 981 994 1020 1086 1091 1097 1101 1105 1127 1149 1154 1163 1187 1199 1222 1253 1256 1261 1264 1276 1279 1289 1319 1354 1360 1368 1375 1376 1385 1399 1412 1434 1435 1455 1478 1486 1488 1529 1542 1544 1549 1558 1565 1571 1584 1587 1590 1599 1610 1672 1689 1735 1750 1752 1775 1787 1789 1797 1802 1808 1823 1839 1840 1850 1860 1882 1883 1888 1890 1901 1962 1963 1983 1989 1997 2011 2023 2036 2044 2058 2063 2070 2074 2078 2083
5,15,CG-MOACO,area_s5_t300,0.36985018726591756,1515.6062365386028,2.154065922853802,1 55 61 65 78 80 86 97 136 137 147 150 175 176 182 189 190 200 207 212 215 219 228 230 235 245 252 257 268 278 307 308 317 334 342 378 390 403 449 450 453 458 464 465 480 485 500 506 528 536 538 542 579 589 593 629 648 650 676 692 700 708 715 734 738 740 744 749 767 771 772 821 841 847 876 877 902 910 911 929 941 946 957 978 982 995 1001 1009 1016 1017 1024 1061 1077 1086 1102 1105 1111 1117 1126 1143 1146 1173 1179 1187 1197 1199 1202 1223 1228 1230 1261 1264 1279 1298 1310 1323 1334 1361 1364 1383 1385 1386 1390 1403 1404 1412 1423 1425 1449 1453 1457 1478 1480 1484 1490 1511 1544 1554 1575 1599 1606 1645 1654 1685 1716 1735 1750 1756 1757 1774 1785 1793 1813 1815 1818 1829 1839 1842 1849 1854 1867 1882 1891 1897 1907 1922 1925 1926 1983 1996 2014 2023 2038 2044 2057 2063 2083
5,16,CG-MOACO,area_s5_t300,0.3497191011235955,1546.1193468986419,1.7204650534085253,1 19 28 38 65 80 102 106 111 112 117 123 133 143 149 156 175 180 182 197 199 204 227 247 252 257 261 263 306 312 317 351 360 361 363 369 411 415 424 440 464 465 467 508 552 562 582 589 593 598 605 617 621 626 631 646 648 650 654 692 694 719 734 741 758 760 771 796 802 804 806 807 814 825 829 836 870 885 905 911 925 941 978 982 999 1013 1020 1039 1041 1050 1056 1062 1065 1081 1086 1089 1101 1104 1105 1123 1127 1133 1139 1143 1158 1162 1171 1189 1199 1204 1237 1261 1264 1288 1297 1306 1336 1339 1361 1370 1372 1373 1383 1385 1394 1403 1412 1416 1440 1463 1482 1517 1524 1529 1564 1575 1584 1596 1601 1614 1621 1640 1645 1648 1652 1658 1673 1683 1705 1708 1718 1720 1730 1732 1751 1753 1765 1781 1797 1799 1808 1809 1819 1823 1833 1839 1840 1854 1874 1882 1928 1929 1940 1963 1966 1967 1977 1983 2001 2003 2045 2049 2063 2076
5,17,CG-MOACO,area_s5_t300,0.40074906367041196,1477.8247931433873,2.244994432064365,5 9 13 19 32 36 47 49 55 78 91 96 137 143 158 175 177 178 180 182 190 215 257 268 270 275 277 316 327 331 355 371 379 386 393 414 415 436 440 449 470 474 477 528 545 552 562 585 594 605 611 613 625 656 685 692 693 708 716 719 750 755 760 776 806 807 814 868 878 879 894 910 911 919 929 934 937 947 953 956 957 978 980 991 1009 1028 1060 1068 1086 1105 1117 1118 1127 1139 1140 1143 1154 1155 1162 1188 1199 1237 1244 1264 1278 1297 1323 1335 1339 1340 1361 1368 1372 1383 1404 1412 1415 1419 1422 1440 1446 1454 1458 1467 1499 1506 1517 1554 1606 1641 1645 1652 1654 1667 1671 1680 1697 1700 1717 1726 1734 1735 1739 1756 1781 1792 1805 1815 1839 1858 1875 1882 1888 1891 1909 1912 1924 1957 1963 1964 1968 2005 2020 2032 2044 2058 2059 2063
5,18,CG-MOACO,area_s5_t300,0.36891385767790263,1514.9399398863277,2.4166091947189146,9 19 28 38 56 66 80 89 91 111 132 143 158 170 175 176 178 180 182 187 189 197 237 240 252 277 300 306 317 335 344 351 353 393 404 414 449 450 465 484 497 518 534 552 559 562 569 578 583 594 625 638 645 658 664 675 692 700 708 719 734 774 775 802 806 814 833 859 877 902 908 911 915 927 929 936 948 957 977 1012 1020 1022 1024 1060 1069 1070 1076 1080 1086 1089 1105 1117 1124 1137 1143 1158 1173 1187 1201 1202 1203 1213 1223 1228 1259 1262 1264 1276 1292 1297 1337 1339 1350 1363 1366 1372 1375 1376 1394 1403 1412 1419 1422 1434 1453 1478 1480 1487 1490 1510 1524 1544 1565 1569 1578 1584 1620 1645 1652 1654 1660 1683 1705 1710 1718 1719 1735 1743 1747 1756 1779 1785 1797 1802 1809 1818 1840 1866 1882 1883 1888 1924 1936 1953 1957 1962 1963 1966 1979 1984 1989 2016 2027 2039 2058 2063 2083
5,19,CG-MOACO,area_s5_t300,0.3623595505617978,1530.6958344870407,2.280350850198276,3 5 31 38 42 47 54 61 71 76 80 102 114 148 154 157 165 172 175 180 186 188 191 247 252 257 261 277 284 288 311 316 323 328 338 355 392 398 401 412 415 440 450 465 468 472 475 484 508 533 545 547 562 565 569 594 605 606 611 615 629 630 637 652 659 671 700 705 708 716 719 722 766 775 802 821 830 839 862 868 912 915 919 934 936 967 990 1017 1028 1039 1051 1056 1060 1064 1105 1127 1132 1141 1143 1158 1163 1164 1173 1185 1199 1202 1203 1205 1236 1251 1256 1262 1264 1268 1278 1294 1301 1318 1339 1352 1370 1373 1375 1395 1403 1412 1423 1429 1434 1439 1453 1458 1483 1487 1518 1520 1524 1553 1574 1577 1607 1627 1636 1645 1652 1673 1680 1712 1717 1732 1735 1738 1747 1764 1779 1787 1795 1802 1810 1813 1815 1823 1833 1840 1842 1873 1882 1890 1961 1965 1983 2003 2024 2027 2032 2034 2044 2057 2071 2082
5,20,CG-MOACO,area_s5_t300,0.3651685393258427,1529.8164786669086,1.7204650534085253,7 9 19 39 80 89 91 110 135 137 141 148 150 156 166 175 178 180 182 187 189 216 220 237 252 257 261 267 285 303 312 366 383 399 413 415 440 450 458 464 465 475 479 499 535 554 564 566 584 594 605 612 648 651 654 700 716 719 734 737 741 747 755 760 771 776 790 802 804 806 807 808 825 842 860 878 910 911 929 936 939 943 948 957 960 982 1013 1020 1024 1027 1028 1036 1058 1060 1104 1117 1126 1128 1137 1139 1143 1158 1162 1167 1187 1199 1202 1228 1234 1245 1254 1264 1280 1308 1318 1323 1327 1340 1376 1378 1380 1412 1419 1428 1446 1457 1523 1527 1535 1542 1577 1584 1591 1593 1603 1606 1611 1619 1629 1631 1652 1653 1660 1673 1680 1714 1720 1726 1750 1756 1764 1766 1777 1779 1797 1802 1815 1818 1823 1839 1842 1857 1882 1891 1909 1918 1922 1924 1928 1944 1963 1965 1983 1999 2001 2037 2045 2057 2078
5,21,CG-MOACO,area_s5_t300,0.3735955056179775,1504.377613245418,2.244994432064365,0 28 39 40 47 64 68 80 91 98 102 106 110 113 117 133 137 143 152 175 176 178 180 189 191 252 257 261 270 292 306 311 317 353 357 400 406 430 457 465 536 544 561 562 565 593 599 611 618 626 629 638 656 668 676 681 693 700 711 736 740 747 749 760 771 775 778 790 802 825 841 859 862 885 903 910 911 917 955 965 978 982 992 1016 1024 1026 1031 1032 1037 1056 1068 1072 1076 1086 1089 1102 1137 1149 1158 1171 1200 1202 1203 1222 1261 1268 1277 1291 1294 1311 1314 1318 1336 1338 1339 1340 1346 1354 1361 1370 1378 1383 1385 1394 1412 1423 1434 1474 1478 1483 1486 1529 1566 1571 1577 1584 1595 1599 1608 1627 1644 1652 1654 1660 1664 1703 1707 1717 1738 1756 1769 1792 1797 1818 1839 1840 1852 1873 1880 1888 1898 1924 1957 1960 1963 1965 1967 1979 1983 1991 1997 2023 2045 2058 2063 2072 2083
5,22,CG-MOACO,area_s5_t300,0.37546816479400746,1528.544254289411,1.624807680927192,1 19 31 42 47 55 80 89 91 106 129 137 139 143 148 155 175 176 199 202 235 251 257 261 272 286 292 311 314 334 337 365 367 398 411 424 429 440 465 483 527 529 553 562 580 582 583 585 593 597 607 615 626 629 637 651 656 685 700 708 712 735 760 771 773 776 786 790 802 829 868 875 890 892 910 911 926 929 931 936 941 943 946 977 982 987 994 999 1001 1012 1020 1029 1035 1044 1056 1060 1084 1091 1127 1137 1143 1158 1173 1187 1202 1212 1223 1229 1262 1264 1280 1290 1300 1310 1337 1340 1349 1370 1374 1377 1384 1386 1394 1419 1423 1440 1453 1456 1470 1478 1491 1496 1556 1576 1578 1582 1589 1599 1625 1645 1652 1670 1672 1691 1726 1734 1738 1750 1766 1791 1797 1818 1823 1827 1839 1852 1860 1867 1916 1918 1924 1938 1940 1946 1960 1963 1965 1983 1989 1991 1999 2023 2025 2045 2055 2058 2063
5,23,CG-MOACO,area_s5_t300,0.36891385767790263,1506.2583573921468,2.9933259094191533,41 45 49 80 86 98 102 106 126 134 137 143 175 182 184 189 197 218 226 252 257 261 273 276 316 331 344 350 361 367 370 378 395 411 440 450 452 464 470 475 486 490 526 533 558 559 562 566 578 586 593 598 602 615 616 676 692 700 705 712 716 722 726 734 747 771 775 790 802 829 841 856 861 885 921 928 929 941 980 1001 1016 1019 1020 1029 1036 1056 1063 1070 1083 1086 1127 1139 1143 1161 1166 1186 1202 1223 1230 1237 1251 1264 1268 1310 1313 1318 1333 1334 1336 1338 1339 1370 1383 1385 1392 1394 1398 1403 1412 1419 1422 1423 1428 1430 1457 1483 1486 1493 1496 1529 1532 1584 1594 1599 1603 1636 1645 1652 1682 1705 1708 1735 1738 1747 1753 1756 1775 1777 1779 1787 1790 1792 1797 1831 1833 1840 1845 1882 1888 1894 1902 1940 1946 1961 1963 1966 1983 1991 2001 2005 2023 2045 2046 2058 2063 2080
5,24,CG-MOACO,area_s5_t300,0.3581460674157303,1532.5567832264896,1.7435595774162693,1 9 31 38 48 57 59 80 101 112 133 137 152 155 165 175 181 241 245 252 263 264 284 303 312 317 330 334 338 344 360 377 402 415 429 440 445 449 457 458 461 465 480 484 491 508 543 544 552 571 589 593 595 599 621 626 648 658 676 685 700 708 719 734 741 771 790 795 802 814 836 876 878 884 890 905 908 910 911 912 915 929 978 1012 1017 1018 1020 1022 1024 1039 1041 1062 1070 1079 1081 1097 1105 1111 1128 1143 1163 1188 1199 1202 1225 1228 1237 1262 1264 1266 1278 1318 1334 1339 1351 1367 1370 1376 1383 1394 1398 1419 1423 1424 1428 1430 1435 1440 1456 1462 1480 1483 1529 1532 1544 1552 1561 1562 1577 1580 1584 1602 1637 1645 1649 1671 1673 1718 1729 1747 1753 1756 1766 1776 1780 1787 1789 1797 1808 1822 1823 1833 1840 1842 1851 1854 1901 1926 1952 1963 1966 1973 1983 1987 2001 2006 2024 2029 2037 2057 2063 2083
5,25,CG-MOACO,area_s5_t300,0.34925093632958804,1523.0735176008911,2.785677655436824,1 24 26 29 31 38 40 47 56 80 102 105 108 117 131 132 137 166 175 176 186 196 203 206 210 219 252 257 261 277 278 284 285 305 313 336 369 378 383 391 392 424 426 431 449 450 465 527 536 543 561 562 564 588 589 593 599 602 611 626 654 668 677 700 712 735 740 770 771 772 782 786 790 825 835 860 862 871 875 890 894 917 929 939 957 958 965 976 978 980 993 1001 1016 1021 1061 1064 1077 1086 1092 1105 1117 1127 1158 1175 1176 1199 1201 1219 1222 1237 1264 1269 1310 1323 1325 1334 1336 1350 1352 1370 1375 1378 1383 1394 1395 1412 1419 1423 1434 1440 1482 1487 1496 1506 1524 1528 1544 1571 1575 1576 1584 1599 1605 1642 1645 1652 1654 1672 1708 1710 1732 1738 1750 1752 1769 1774 1779 1787 1797 1823 1831 1834 1839 1845 1882 1888 1891 1895 1922 1963 1965 1983 1989 1991 1997 2015 2018 2024 2037 2058 2083
5,26,CG-MOACO,area_s5_t300,0.3553370786516854,1538.4421298256889,0.9797958971132712,1 9 31 39 43 47 78 80 98 102 114 117 133 137 167 174 175 176 180 197 200 232 243 257 285 306 310 317 348 352 354 369 370 374 379 392 413 415 420 424 426 440 461 465 468 475 501 504 545 562 600 605 612 615 621 626 629 650 656 676 685 700 708 719 734 737 741 745 771 776 806 825 856 862 877 885 911 912 947 951 956 957 958 978 982 1026 1036 1062 1072 1078 1089 1104 1105 1128 1143 1153 1160 1162 1171 1188 1190 1199 1205 1219 1222 1228 1234 1237 1239 1256 1264 1266 1293 1303 1314 1318 1323 1334 1339 1343 1359 1376 1391 1393 1403 1409 1412 1422 1424 1430 1435 1441 1455 1456 1483 1487 1499 1524 1544 1548 1584 1594 1643 1645 1648 1652 1673 1680 1718 1732 1756 1758 1765 1768 1776 1787 1792 1797 1802 1808 1815 1823 1839 1844 1859 1901 1947 1959 1966 1967 1978 1996 2016 2023 2028 2045 2047 2049 2057 2063 2082
5,27,CG-MOACO,area_s5_t300,0.36423220973782766,1532.9673090515278,1.0954451150103321,1 28 31 38 43 47 72 80 83 86 97 102 105 129 137 167 175 181 184 200 202 252 256 265 275 300 307 317 328 334 337 338 359 362 367 379 386 415 440 449 450 456 461 465 483 486 507 508 545 562 565 582 583 588 593 605 615 625 631 637 654 692 708 723 753 754 760 771 787 790 807 811 815 827 846 850 860 890 908 911 941 944 947 961 967 978 980 990 1001 1007 1012 1032 1042 1060 1064 1065 1073 1097 1105 1127 1141 1143 1152 1158 1173 1183 1190 1202 1221 1237 1256 1260 1261 1264 1302 1307 1308 1310 1311 1334 1338 1339 1352 1361 1379 1383 1387 1400 1403 1404 1416 1423 1428 1440 1482 1487 1506 1527 1541 1562 1602 1609 1615 1645 1648 1652 1683 1726 1756 1773 1779 1787 1793 1812 1815 1839 1846 1859 1867 1880 1882 1892 1909 1922 1937 1955 1957 1962 1963 1969 1988 2006 2013 2018 2023 2038 2055 2058 2063 2076
5,28,CG-MOACO,area_s5_t300,0.3525280898876404,1536.9257424094915,2.727636339397171,0 5 9 26 71 72 80 86 98 102 105 111 132 137 153 158 165 175 176 182 184 205 219 220 226 230 237 248 252 272 277 284 308 311 317 325 334 341 379 391 431 436 458 463 465 474 478 480 536 542 543 552 562 593 615 626 650 674 685 690 693 708 712 716 730 734 739 740 749 760 766 771 786 802 812 827 862 867 871 910 911 917 929 941 943 957 978 980 987 1012 1016 1022 1031 1062 1068 1070 1083 1105 1114 1117 1127 1131 1137 1141 1143 1158 1164 1187 1189 1199 1202 1208 1223 1237 1244 1257 1259 1262 1264 1280 1288 1297 1308 1323 1337 1339 1370 1383 1394 1399 1403 1412 1430 1440 1446 1455 1457 1461 1480 1482 1504 1544 1589 1591 1638 1643 1645 1652 1659 1690 1709 1718 1726 1738 1747 1757 1765 1776 1777 1781 1792 1807 1820 1823 1840 1842 1851 1860 1871 1901 1924 1941 1944 1946 1963 1983 1991 2001 2040 2045 2057 2063
5,29,CG-MOACO,area_s5_t300,0.3384831460674157,1542.157191630712,3.40587727318528,1 5 9 26 31 38 42 47 80 87 96 102 137 150 153 175 176 206 216 218 220 226 230 241 252 256 258 261 270 276 277 300 307 333 338 358 362 383 410 424 431 450 461 465 500 508 530 545 553 564 583 586 588 594 595 598 624 627 638 643 670 675 697 706 734 741 750 771 796 801 812 814 817 833 853 868 885 910 929 934 936 977 982 992 1001 1011 1020 1022 1024 1033 1036 1044 1060 1065 1068 1086 1089 1105 1127 1137 1139 1140 1143 1162 1183 1187 1199 1202 1221 1223 1236 1237 1259 1262 1264 1278 1300 1303 1317 1331 1339 1367 1370 1378 1387 1389 1393 1412 1419 1436 1440 1446 1455 1482 1487 1494 1524 1535 1536 1544 1618 1619 1650 1652 1680 1718 1720 1724 1726 1734 1735 1740 1753 1756 1765 1779 1787 1789 1793 1802 1815 1818 1821 1823 1839 1840 1853 1866 1867 1882 1928 1963 1967 1970 1976 1983 1986 1999 2006 2008 2023 2036 2038 2057 2083
5,30,CG-MOACO,area_s5_t300,0.32911985018726597,1561.4101546276208,0.7483314773547882,9 24 38 47 56 80 83 96 102 106 111 114 143 153 154 165 167 170 175 179 182 191 197 206 247 252 257 270 284 285 300 310 312 316 334 336 379 440 449 450 464 465 489 503 525 528 545 561 583 584 588 593 605 613 626 629 649 654 658 687 700 734 750 760 770 771 773 790 802 806 814 820 825 842 860 862 871 875 877 890 911 941 947 955 957 958 960 975 982 987 1024 1036 1048 1056 1060 1086 1091 1102 1105 1117 1137 1143 1156 1158 1175 1190 1199 1202 1222 1228 1242 1251 1259 1264 1268 1278 1296 1318 1327 1339 1342 1353 1367 1370 1375 1376 1384 1394 1402 1408 1412 1419 1422 1434 1435 1440 1448 1482 1524 1529 1541 1544 1559 1578 1599 1619 1638 1645 1652 1658 1738 1747 1756 1757 1787 1797 1808 1809 1812 1823 1851 1860 1882 1888 1891 1896 1901 1929 1963 1979 1983 1989 1991 2006 2008 2015 2018 2023 2026 2037 2045 2049 2058 2063 2078 2083
5,31,CG-MOACO,area_s5_t300,0.32818352059925093,1569.3901646932586,0.8,19 31 38 80 81 89 102 121 134 137 142 175 176 178 179 200 202 211 220 237 252 256 263 270 285 292 299 306 317 324 336 344 356 362 371 379 403 440 445 450 461 465 475 508 515 528 534 554 562 571 593 599 605 626 637 648 650 651 654 700 708 716 730 734 738 740 760 762 790 802 804 806 807 815 825 831 862 868 870 885 929 943 956 957 958 972 978 980 1012 1024 1037 1039 1062 1070 1073 1086 1104 1115 1127 1128 1139 1143 1160 1186 1198 1202 1205 1224 1228 1234 1237 1242 1262 1264 1304 1314 1318 1331 1333 1336 1339 1340 1378 1384 1394 1399 1403 1412 1434 1435 1440 1446 1454 1455 1469 1473 1482 1517 1524 1529 1565 1571 1580 1584 1587 1590 1599 1603 1608 1645 1652 1673 1683 1687 1705 1708 1718 1723 1734 1735 1756 1765 1774 1775 1777 1781 1792 1793 1797 1804 1823 1833 1839 1842 1845 1882 1909 1940 1960 1963 1983 1986 1991 2023 2045 2057 2063 2083
5,32,CG-MOACO,area_s5_t300,0.29400749063670417,1644.471048088248,0.4,7 19 31 38 47 78 80 83 94 98 102 111 121 132 143 153 155 160 175 180 189 202 210 220 222 247 252 257 261 292 300 308 310 317 334 359 362 391 393 413 415 424 440 450 461 465 475 480 503 555 558 559 571 584 592 593 599 615 616 626 658 676 692 700 705 708 719 731 734 736 741 749 760 771 775 790 802 807 812 825 862 885 900 902 910 911 929 939 941 956 957 978 1000 1012 1016 1017 1020 1037 1039 1059 1060 1064 1068 1083 1086 1089 1104 1115 1127 1137 1142 1143 1173 1187 1199 1202 1204 1212 1230 1237 1245 1254 1262 1264 1279 1300 1304 1318 1320 1323 1334 1339 1361 1370 1383 1385 1402 1403 1412 1422 1423 1430 1434 1435 1455 1480 1482 1520 1524 1529 1537 1544 1576 1580 1584 1608 1645 1648 1649 1652 1658 1700 1718 1720 1753 1756 1757 1766 1769 1774 1779 1785 1788 1792 1793 1797 1813 1823 1827 1839 1840 1845 1846 1854 1865 1882 1888 1924 1963 1967 1983 1988 2018 2023 2045 2055 2058 2063 2082
5,33,CG-MOACO,area_s5_t300,0.25936329588014984,1750.4990608029648,0.8944271909999159,1 5 45 47 72 78 80 86 99 102 106 111 137 142 153 155 165 175 176 178 179 182 184 186 191 202 214 252 257 265 270 284 285 300 317 334 338 370 379 386 410 413 415 431 450 452 458 465 475 497 500 533 536 543 545 560 562 583 593 607 611 621 626 637 650 651 654 676 685 700 705 708 717 719 734 740 749 760 771 790 806 820 825 835 858 862 868 870 910 911 929 936 957 958 960 961 978 982 1001 1024 1041 1060 1077 1089 1104 1105 1107 1117 1127 1137 1139 1143 1151 1174 1180 1183 1187 1199 1202 1205 1223 1224 1228 1230 1234 1237 1262 1264 1276 1278 1297 1300 1304 1310 1314 1318 1323 1334 1339 1350 1370 1378 1383 1390 1403 1412 1419 1423 1425 1440 1444 1455 1482 1487 1496 1524 1529 1544 1565 1571 1577 1580 1584 1604 1606 1618 1645 1649 1652 1658 1683 1715 1747 1753 1756 1758 1779 1781 1787 1792 1793 1797 1815 1818 1823 1836 1840 1842 1854 1860 1866 1882 1888 1891 1909 1924 1926 1928 1937 1940 1963 1966 1983 2018 2023 2037 2039 2045 2058 2063
5,34,CG-MOACO,area_s5_t300,0.30805243445692887,1593.3758821781869,2.0591260281974,1 13 31 38 40 47 55 61 76 80 91 102 106 114 137 153 157 159 165 166 175 176 178 180 206 220 252 257 263 270 273 292 327 334 344 379 396 398 411 415 424 431 436 440 450 457 461 465 486 525 558 560 562 591 593 605 612 615 622 626 648 654 658 692 693 700 708 716 719 734 741 760 771 775 776 790 802 806 808 825 860 877 892 900 910 911 926 927 929 941 943 956 957 960 980 1012 1020 1036 1039 1045 1052 1060 1064 1065 1086 1087 1091 1102 1105 1127 1139 1143 1144 1151 1158 1161 1187 1199 1202 1204 1264 1278 1295 1310 1318 1327 1334 1339 1362 1372 1373 1375 1376 1377 1403 1404 1406 1419 1423 1434 1436 1440 1446 1469 1483 1529 1532 1559 1565 1586 1590 1599 1637 1645 1652 1660 1673 1678 1709 1738 1745 1747 1752 1753 1756 1777 1797 1802 1808 1813 1815 1818 1835 1842 1860 1882 1901 1909 1922 1963 1965 1980 1983 2001 2014 2023 2026 2045 2046 2063 2078 2080 2083
5,35,CG-MOACO,area_s5_t300,0.3258426966292135,1549.2701735021233,1.019803902718557,1 19 47 68 78 80 98 106 108 117 134 142 153 157 175 178 182 191 217 220 232 247 252 257 261 270 284 285 292 300 313 316 334 337 338 391 395 412 423 426 440 450 458 465 475 477 481 486 495 499 536 544 545 562 564 593 611 613 615 626 650 675 681 705 708 716 734 740 766 771 783 794 796 802 808 825 831 858 868 871 879 885 910 911 929 941 963 967 978 980 991 1016 1037 1056 1060 1065 1068 1086 1104 1114 1122 1127 1139 1143 1158 1162 1168 1170 1173 1187 1202 1203 1223 1230 1234 1264 1278 1290 1297 1310 1318 1327 1334 1340 1370 1375 1383 1394 1395 1412 1416 1419 1423 1434 1435 1440 1446 1453 1455 1458 1469 1482 1487 1496 1506 1528 1529 1605 1614 1645 1652 1654 1660 1673 1683 1708 1735 1750 1753 1756 1765 1779 1781 1787 1797 1818 1823 1834 1839 1842 1851 1860 1882 1937 1963 1983 1991 2001 2005 2008 2023 2038 2044 2049 2057 2064 2078 2080
5,36,CG-MOACO,area_s5_t300,0.31647940074906367,1568.494884709375,1.2649110640673518,1 9 43 47 58 80 98 102 111 117 129 137 156 165 167 175 176 179 182 189 197 220 252 284 285 292 300 308 310 312 317 324 356 370 379 395 412 415 440 450 464 465 477 483 484 507 508 528 552 559 562 565 583 599 605 611 617 626 648 649 651 654 671 676 700 708 719 734 740 760 775 790 802 806 807 820 846 853 861 862 868 885 910 939 941 946 958 967 978 982 1001 1013 1024 1037 1039 1056 1070 1073 1089 1126 1137 1152 1156 1160 1162 1170 1173 1191 1199 1202 1225 1237 1262 1264 1278 1290 1293 1302 1323 1336 1339 1354 1370 1373 1375 1378 1383 1385 1387 1403 1419 1434 1435 1460 1482 1486 1502 1520 1524 1528 1529 1559 1562 1580 1584 1599 1643 1645 1649 1652 1654 1670 1673 1680 1718 1732 1738 1747 1756 1765 1773 1776 1777 1793 1797 1808 1815 1818 1823 1842 1854 1856 1873 1882 1901 1928 1932 1937 1963 1965 1983 1989 2018 2023 2026 2033 2037 2045 2057 2063
5,37,CG-MOACO,area_s5_t300,0.2570224719101124,1717.8605591470068,2.3151673805580453,1 9 31 38 40 45 47 55 77 80 94 98 102 111 114 137 142 143 155 165 172 175 176 180 181 191 198 203 219 220 221 252 257 263 278 284 285 311 317 334 336 344 362 379 403 413 415 432 440 450 458 464 465 475 477 508 510 528 535 537 547 560 562 593 605 607 613 626 654 658 663 708 719 734 741 742 760 771 772 790 802 804 806 807 808 815 825 836 841 860 862 875 877 880 897 900 910 911 917 929 941 943 954 957 968 978 982 985 999 1007 1020 1032 1036 1039 1060 1064 1086 1091 1105 1117 1127 1137 1143 1158 1175 1184 1187 1199 1202 1228 1262 1264 1278 1293 1310 1318 1323 1334 1336 1339 1340 1359 1361 1375 1376 1378 1384 1403 1412 1419 1423 1434 1440 1454 1455 1473 1480 1483 1524 1528 1529 1560 1565 1571 1574 1584 1599 1618 1631 1645 1652 1654 1660 1691 1732 1735 1747 1756 1766 1777 1797 1808 1818 1835 1840 1842 1854 1860 1882 1888 1901 1916 1922 1947 1963 1966 1971 1980 1983 2008 2016 2023 2025 2036 2038 2044 2046 2058 2063 2076 2080
5,38,CG-MOACO,area_s5_t300,0.25749063670411987,1707.617510051341,1.8547236990991407,1 7 9 19 29 47 56 65 72 80 99 102 105 106 111 114 122 132 137 141 143 175 176 182 219 220 226 230 245 252 270 278 285 308 310 317 334 348 370 379 391 393 398 440 449 450 461 465 475 496 503 528 544 562 578 583 588 589 593 599 622 626 648 650 664 671 676 681 692 700 708 725 731 734 738 740 749 760 772 790 802 825 827 853 858 862 889 892 910 917 929 941 952 958 978 980 994 996 1001 1012 1016 1018 1020 1024 1027 1036 1039 1052 1062 1080 1089 1126 1129 1137 1143 1151 1168 1170 1175 1187 1199 1202 1205 1222 1228 1234 1237 1262 1264 1290 1300 1304 1323 1334 1339 1367 1370 1375 1376 1383 1385 1400 1403 1411 1412 1416 1419 1422 1423 1434 1435 1440 1446 1455 1469 1480 1483 1496 1528 1529 1544 1580 1584 1599 1618 1645 1648 1649 1652 1660 1672 1701 1718 1745 1747 1756 1764 1776 1787 1797 1808 1815 1818 1823 1840 1867 1882 1897 1901 1919 1922 1928 1937 1963 1965 1970 1983 1986 1989 1991 2018 2023 2036 2037 2045 2058 2063 2083
5,39,CG-MOACO,area_s5_t300,0.34176029962546817,1536.960812138232,2.154065922853802,1 5 31 38 41 47 71 80 82 98 106 143 153 155 159 165 175 179 184 191 197 210 220 227 247 252 261 263 275 277 284 306 307 314 338 344 360 395 415 420 431 440 458 461 465 475 478 485 486 495 528 529 536 543 545 552 558 562 593 605 615 616 625 654 685 700 734 741 747 760 771 787 790 802 806 829 853 862 868 885 910 915 918 941 957 968 978 982 985 987 991 1020 1022 1028 1039 1060 1086 1097 1105 1127 1139 1158 1161 1167 1170 1183 1199 1202 1223 1243 1261 1264 1279 1288 1318 1339 1354 1361 1368 1370 1376 1377 1384 1387 1400 1403 1419 1423 1430 1435 1440 1482 1504 1532 1544 1553 1584 1596 1615 1629 1638 1645 1648 1651 1672 1708 1709 1732 1738 1747 1749 1756 1765 1787 1797 1808 1818 1823 1842 1851 1852 1854 1860 1882 1888 1901 1918 1926 1945 1946 1963 1965 1983 1997 1999 2006 2008 2023 2034 2038 2063 2074 2080
5,40,CG-MOACO,area_s5_t300,0.24812734082397003,1761.6492889326491,0.6324555320336759,1 9 19 31 38 47 80 83 98 102 105 106 114 125 137 148 152 156 166 169 172 175 176 218 220 226 230 237 252 257 258 261 270 278 307 308 317 324 334 336 380 391 393 398 415 420 440 450 458 464 465 485 486 495 508 510 537 543 544 553 558 562 583 593 606 607 612 615 626 638 650 658 700 711 731 741 760 762 770 771 773 775 787 790 795 802 825 862 868 870 875 910 911 929 936 941 958 978 982 986 987 1001 1012 1020 1028 1036 1056 1062 1069 1086 1088 1102 1105 1107 1117 1127 1137 1139 1143 1149 1158 1173 1191 1199 1202 1223 1228 1234 1237 1258 1262 1264 1278 1283 1300 1308 1310 1314 1318 1334 1338 1339 1340 1370 1384 1386 1390 1393 1412 1419 1423 1429 1434 1435 1440 1458 1464 1483 1490 1516 1524 1526 1565 1577 1584 1614 1615 1616 1645 1647 1652 1654 1672 1680 1732 1738 1753 1756 1765 1779 1785 1787 1797 1815 1818 1823 1839 1854 1860 1866 1878 1882 1888 1896 1922 1926 1928 1944 1959 1962 1963 1965 1967 1976 1983 1986 1989 2018 2023 2029 2037 2049 2058 2063 2083
5,41,CG-MOACO,area_s5_t300,0.32209737827715357,1551.8711915050535,2.5768197453450252,1 24 40 47 67 72 80 102 106 134 137 152 153 156 165 175 182 191 197 218 226 230 235 248 252 256 261 263 284 292 299 300 307 311 317 334 336 344 356 370 420 424 461 465 475 510 530 533 536 544 545 559 562 593 611 615 626 650 675 681 705 708 734 736 741 750 775 796 802 807 808 812 825 847 860 867 871 885 908 910 911 917 929 941 946 978 982 985 991 1001 1007 1022 1032 1037 1042 1062 1068 1070 1086 1089 1126 1137 1143 1173 1183 1187 1199 1202 1221 1230 1237 1243 1244 1259 1262 1264 1277 1280 1295 1314 1318 1336 1339 1350 1361 1370 1375 1378 1393 1412 1419 1430 1434 1440 1455 1456 1469 1487 1506 1520 1532 1544 1565 1576 1580 1594 1615 1645 1648 1652 1658 1660 1708 1709 1718 1747 1752 1756 1765 1779 1793 1797 1802 1813 1815 1818 1823 1842 1860 1866 1878 1888 1928 1940 1954 1962 1963 1965 1983 1986 1989 2023 2033 2038 2049 2058 2063
5,42,CG-MOACO,area_s5_t300,0.29447565543071164,1643.827186461658,0.4898979485566356,1 30 47 55 68 79 80 86 90 91 102 129 142 143 152 154 165 175 182 184 215 218 220 226 230 247 257 270 272 306 308 311 316 336 358 362 369 371 379 415 426 440 449 450 458 461 465 475 478 517 528 536 562 589 593 605 606 648 650 676 690 700 708 716 719 741 760 762 771 775 790 802 806 807 808 812 825 827 836 862 867 868 877 910 911 929 934 939 943 946 956 958 960 982 1012 1020 1022 1024 1036 1039 1053 1060 1068 1086 1089 1102 1105 1117 1127 1128 1137 1143 1149 1152 1160 1167 1173 1199 1257 1264 1266 1278 1304 1318 1327 1334 1336 1339 1350 1361 1378 1383 1385 1395 1404 1412 1419 1422 1423 1430 1435 1440 1446 1454 1469 1490 1499 1529 1532 1544 1565 1580 1599 1631 1645 1648 1649 1652 1673 1683 1701 1718 1747 1756 1792 1793 1797 1808 1815 1819 1820 1827 1835 1840 1854 1860 1882 1884 1923 1924 1937 1959 1961 1963 1965 1983 2006 2014 2018 2023 2027 2037 2045 2046 2047 2057 2063 2083
5,43,CG-MOACO,area_s5_t300,0.27434456928838946,1671.157922805413,1.8330302779823362,1 9 31 38 46 77 80 86 98 102 105 132 137 143 155 160 165 167 175 176 180 185 189 191 202 220 252 261 263 270 278 285 292 311 317 334 344 360 362 371 393 395 413 415 450 458 464 465 484 508 528 533 543 552 563 583 588 589 593 615 617 626 632 648 650 654 675 692 708 716 719 734 740 749 763 771 772 794 796 802 806 814 825 846 855 860 885 890 892 908 910 911 917 936 941 947 973 977 982 1020 1039 1056 1065 1079 1081 1086 1089 1105 1127 1137 1143 1155 1158 1173 1183 1187 1199 1202 1223 1234 1236 1237 1258 1262 1264 1279 1296 1299 1300 1306 1318 1323 1336 1339 1364 1370 1375 1383 1385 1399 1412 1419 1423 1426 1434 1437 1446 1457 1469 1483 1486 1524 1529 1544 1548 1553 1565 1571 1584 1594 1610 1618 1645 1649 1652 1658 1701 1718 1732 1747 1756 1766 1768 1774 1787 1793 1797 1808 1815 1820 1823 1842 1854 1866 1879 1882 1888 1901 1922 1953 1965 1983 1986 2006 2008 2023 2027 2037 2045 2047 2058 2061 2063 2082
5,44,CG-MOACO,area_s5_t300,0.31086142322097376,1585.6233419825369,0.8,0 61 80 83 98 102 106 111 121 129 132 137 142 143 147 153 154 167 173 175 176 180 182 186 191 220 252 270 285 300 306 308 311 317 336 369 370 379 440 449 450 458 465 475 479 484 508 528 562 571 583 589 593 611 613 615 626 648 650 654 664 668 675 681 692 700 708 741 771 772 775 794 802 806 814 825 858 862 868 875 885 908 910 911 916 919 943 946 958 974 980 985 1016 1026 1028 1036 1039 1050 1056 1062 1086 1105 1127 1137 1143 1149 1156 1158 1173 1187 1199 1205 1223 1228 1237 1248 1259 1262 1264 1266 1279 1293 1302 1304 1318 1323 1327 1339 1354 1364 1370 1375 1376 1380 1384 1394 1412 1419 1430 1434 1440 1446 1457 1483 1496 1544 1565 1584 1594 1599 1645 1648 1649 1652 1653 1677 1697 1705 1718 1735 1756 1766 1769 1775 1797 1808 1823 1839 1842 1860 1882 1888 1895 1901 1922 1954 1963 1966 1967 1973 1983 1987 1989 1991 2001 2005 2008 2025 2038 2049 2057 2063 2083
5,45,CG-MOACO,area_s5_t300,0.25514981273408244,1739.6535069087156,1.16619037896906,0 7 9 38 55 67 78 80 87 97 102 106 132 137 165 173 175 176 178 182 189 200 218 221 226 230 252 257 258 270 278 292 311 317 334 341 344 348 371 379 393 395 415 440 449 450 458 464 465 475 508 528 530 535 544 562 566 583 593 605 613 626 648 650 692 693 700 708 716 719 734 741 750 771 773 790 794 802 804 807 815 825 829 841 853 858 862 910 917 929 947 958 967 972 980 985 991 1001 1024 1026 1028 1037 1039 1042 1053 1062 1068 1070 1073 1083 1086 1089 1115 1127 1137 1143 1158 1162 1173 1184 1187 1199 1202 1205 1221 1237 1262 1264 1266 1278 1293 1306 1318 1323 1336 1339 1361 1367 1370 1375 1376 1385 1390 1403 1412 1419 1423 1434 1435 1441 1446 1458 1480 1483 1524 1529 1544 1553 1565 1571 1599 1606 1618 1645 1648 1649 1652 1658 1670 1691 1705 1708 1718 1720 1722 1732 1735 1747 1756 1766 1783 1797 1802 1808 1813 1815 1823 1827 1830 1842 1860 1882 1888 1901 1928 1940 1944 1954 1963 1983 1986 2006 2008 2023 2024 2027 2039 2045 2058 2063 2082
5,46,CG-MOACO,area_s5_t300,0.2485955056179775,1760.7133826894526,1.7204650534085253,1 5 9 28 31 45 47 76 78 80 86 98 102 105 106 111 114 137 143 157 165 174 175 176 179 181 191 219 220 252 265 277 278 284 292 310 317 325 334 336 344 352 358 370 379 381 415 424 431 440 450 452 461 465 477 486 509 517 525 536 540 543 545 553 558 559 562 583 593 599 617 626 653 664 678 685 700 708 719 734 738 741 760 790 802 806 812 825 833 862 868 885 911 917 929 957 958 978 980 999 1001 1017 1020 1022 1024 1039 1062 1064 1070 1089 1105 1107 1124 1127 1137 1141 1143 1145 1158 1170 1183 1187 1191 1199 1201 1202 1205 1223 1237 1239 1259 1262 1264 1291 1293 1303 1307 1316 1318 1336 1339 1370 1375 1376 1384 1395 1403 1412 1419 1422 1434 1435 1440 1455 1458 1480 1483 1496 1518 1520 1524 1544 1584 1590 1605 1614 1616 1625 1638 1643 1645 1648 1652 1708 1718 1734 1735 1747 1756 1779 1785 1788 1797 1805 1815 1827 1833 1840 1854 1865 1866 1882 1888 1896 1928 1940 1962 1963 1965 1980 1983 1986 1989 2001 2025 2027 2032 2038 2044 2046 2058 2063 2082 2083
5,47,CG-MOACO,area_s5_t300,0.25795880149812733,1701.631697490443,1.3266499161421599,1 38 41 47 55 68 78 80 83 90 91 98 102 105 106 117 132 137 153 165 175 176 178 179 182 200 220 252 257 260 270 277 285 292 300 307 311 316 334 336 338 341 379 393 415 431 440 449 450 458 464 465 475 479 528 536 543 544 564 593 605 613 615 616 622 626 632 648 650 654 658 685 700 708 730 734 750 760 771 772 790 802 814 825 860 862 877 910 911 915 929 936 941 952 958 967 972 973 978 982 985 987 994 1001 1011 1039 1056 1062 1070 1086 1089 1104 1105 1107 1127 1137 1143 1187 1199 1202 1221 1223 1228 1234 1237 1258 1262 1264 1278 1296 1297 1310 1314 1318 1323 1334 1339 1364 1370 1375 1376 1385 1394 1412 1419 1422 1423 1434 1435 1440 1446 1455 1469 1482 1524 1544 1559 1565 1580 1590 1618 1619 1625 1645 1649 1652 1654 1660 1672 1677 1689 1732 1747 1756 1766 1769 1777 1787 1797 1802 1808 1813 1818 1823 1840 1845 1860 1882 1888 1889 1901 1937 1944 1959 1963 1965 1983 1989 2006 2008 2018 2023 2025 2036 2038 2055 2058 2063 2083
5,48,CG-MOACO,area_s5_t300,0.25,1723.1422273299274,2.5768197453450252,1 9 38 40 47 55 71 80 86 91 98 102 105 111 118 133 137 143 152 165 175 176 178 179 182 191 219 220 252 256 263 270 278 285 292 293 311 316 334 336 344 348 362 379 413 415 423 431 440 448 450 464 465 467 480 484 510 528 545 558 559 562 565 571 593 608 611 613 615 617 626 675 692 700 708 719 734 738 740 771 776 802 806 808 812 825 842 860 862 877 887 889 908 910 911 929 939 958 978 980 991 994 996 1001 1016 1018 1036 1039 1056 1060 1064 1068 1070 1072 1086 1089 1122 1137 1143 1158 1168 1175 1183 1187 1189 1199 1202 1204 1222 1237 1264 1280 1281 1296 1297 1318 1323 1336 1339 1342 1370 1373 1375 1376 1378 1380 1384 1394 1395 1412 1419 1423 1424 1434 1436 1440 1457 1469 1482 1490 1524 1527 1529 1553 1559 1565 1584 1606 1643 1645 1647 1649 1652 1654 1672 1683 1701 1718 1732 1735 1736 1747 1756 1766 1773 1776 1787 1797 1808 1812 1823 1842 1854 1860 1882 1888 1901 1916 1926 1963 1965 1979 1983 1989 2006 2023 2024 2038 2044 2049 2058 2063
5,49,CG-MOACO,area_s5_t300,0.3202247191011236,1543.0718963289223,3.6,1 24 38 43 47 56 80 90 91 98 99 102 106 117 137 148 157 175 176 179 182 188 215 220 231 248 252 257 261 270 285 307 316 355 366 378 391 403 424 431 440 450 457 463 464 465 488 503 543 545 562 593 607 611 613 622 624 625 654 675 692 708 734 741 771 772 775 791 794 802 842 862 868 910 911 912 957 958 967 978 980 991 1016 1024 1026 1028 1039 1056 1062 1064 1086 1089 1096 1102 1105 1117 1137 1139 1143 1158 1162 1170 1173 1183 1199 1204 1205 1223 1228 1230 1237 1264 1278 1296 1297 1314 1354 1361 1370 1373 1375 1376 1378 1384 1387 1403 1412 1419 1423 1430 1434 1435 1440 1441 1469 1482 1490 1529 1532 1553 1559 1565 1576 1638 1645 1652 1654 1673 1689 1691 1718 1732 1735 1738 1750 1756 1780 1787 1797 1808 1813 1815 1818 1823 1839 1842 1854 1882 1901 1922 1926 1963 1965 1979 1983 1989 2001 2006 2014 2018 2023 2026 2038 2049 2055 2057 2063 2080 2083
5,50,CG-MOACO,area_s5_t300,0.31554307116104874,1576.0142797472008,1.019803902718557,9 38 45 47 80 83 91 98 100 102 106 143 150 152 170 175 178 182 189 197 218 220 226 230 247 252 256 270 278 306 307 310 316 324 369 379 398 420 431 440 449 450 457 461 465 484 496 537 544 552 559 575 583 589 593 606 613 615 626 632 638 648 654 658 675 681 700 708 749 763 771 775 776 802 825 853 868 877 885 910 929 941 943 951 959 977 980 1001 1012 1016 1020 1031 1037 1039 1053 1058 1062 1064 1065 1086 1089 1126 1129 1143 1149 1170 1175 1183 1187 1199 1222 1226 1234 1262 1264 1280 1303 1310 1311 1314 1318 1323 1334 1339 1340 1361 1364 1370 1380 1385 1390 1394 1412 1419 1425 1435 1455 1469 1480 1528 1564 1565 1571 1576 1584 1585 1603 1618 1645 1648 1652 1653 1660 1672 1689 1732 1754 1756 1769 1779 1787 1792 1797 1802 1818 1823 1831 1839 1840 1842 1860 1888 1937 1959 1961 1963 1965 1967 1982 1983 2009 2011 2018 2023 2027 2037 2045 2058 2063 2078 2080 2083
5,51,CG-MOACO,area_s5_t300,0.26638576779026213,1704.501919218986,1.019803902718557,1 9 43 47 55 76 80 91 98 102 106 111 114 117 137 141 152 172 175 176 178 179 182 189 197 220 227 252 257 261 263 270 275 310 313 316 334 348 370 393 412 415 424 440 448 450 452 456 464 465 475 480 503 525 528 543 545 558 562 583 593 599 611 615 626 637 650 671 685 692 700 719 734 741 754 760 770 772 790 795 802 806 812 825 842 848 860 862 877 908 910 911 929 941 957 958 960 967 978 982 987 1018 1036 1039 1058 1062 1068 1073 1089 1105 1117 1127 1128 1137 1143 1156 1158 1162 1173 1199 1202 1223 1230 1237 1264 1268 1279 1283 1296 1310 1314 1318 1320 1323 1334 1336 1339 1370 1375 1376 1378 1384 1398 1400 1412 1419 1423 1434 1436 1441 1450 1469 1480 1524 1529 1536 1544 1559 1563 1584 1599 1606 1645 1649 1652 1654 1667 1672 1683 1732 1753 1756 1766 1787 1789 1797 1808 1815 1823 1839 1840 1842 1854 1866 1882 1883 1888 1919 1922 1924 1926 1928 1944 1963 1966 1967 1973 1983 1989 2006 2008 2018 2032 2037 2047 2049 2058 2063
5,52,CG-MOACO,area_s5_t300,0.28136704119850187,1660.180398492237,1.4966629547095767,1 9 14 19 40 55 76 80 102 106 125 137 158 167 175 176 178 182 191 218 220 226 230 235 252 257 258 259 261 263 270 278 284 299 306 311 315 317 319 344 369 371 409 415 440 450 458 465 485 497 508 513 553 554 555 558 559 562 564 583 593 605 612 615 625 638 650 676 694 700 708 725 734 760 771 783 784 790 795 802 804 806 812 814 853 858 860 902 910 917 936 943 957 977 980 994 1001 1007 1026 1028 1031 1039 1060 1065 1068 1086 1089 1115 1127 1129 1137 1158 1162 1166 1173 1183 1187 1205 1223 1234 1236 1237 1244 1264 1280 1290 1296 1297 1304 1310 1318 1334 1335 1350 1364 1370 1374 1375 1376 1384 1412 1419 1423 1434 1440 1446 1448 1469 1480 1502 1524 1529 1544 1556 1578 1584 1603 1605 1612 1638 1645 1654 1672 1701 1705 1708 1720 1735 1738 1750 1751 1756 1766 1769 1787 1797 1805 1808 1819 1823 1836 1839 1842 1860 1883 1888 1922 1923 1953 1963 1983 1989 1991 2006 2008 2023 2027 2038 2047 2058 2063 2080
5,53,CG-MOACO,area_s5_t300,0.26779026217228463,1673.7788367129137,2.8000000000000003,1 9 31 38 47 55 78 80 98 102 105 106 111 114 121 137 153 156 160 165 167 170 175 176 178 200 218 220 226 230 245 252 260 270 285 292 300 311 317 334 338 354 379 380 393 413 415 440 449 450 458 461 465 503 528 543 544 552 562 583 589 593 608 626 648 676 692 708 716 719 731 734 741 745 760 771 772 775 790 802 812 814 825 827 868 870 877 906 910 911 917 920 941 960 967 978 982 1001 1013 1022 1024 1039 1045 1059 1060 1064 1073 1086 1089 1097 1105 1116 1126 1131 1137 1143 1162 1183 1199 1202 1221 1222 1237 1262 1264 1266 1278 1304 1310 1314 1318 1334 1336 1338 1339 1354 1361 1367 1370 1375 1376 1377 1383 1385 1403 1416 1419 1434 1435 1440 1458 1462 1469 1482 1503 1528 1529 1532 1544 1556 1565 1576 1645 1648 1652 1660 1672 1683 1726 1732 1735 1747 1756 1766 1777 1787 1797 1808 1815 1818 1820 1823 1842 1853 1854 1860 1866 1878 1882 1888 1901 1909 1922 1963 1965 1983 1986 2006 2014 2018 2023 2025 2038 2055 2058 2063 2076
5,54,CG-MOACO,area_s5_t300,0.25046816479400746,1721.4504873946619,2.4166091947189146,1 29 55 71 78 80 83 91 98 99 102 105 106 111 114 117 132 137 143 153 175 176 182 186 189 191 196 218 220 226 230 252 257 263 270 272 292 300 308 311 317 334 344 379 390 403 419 429 440 449 450 453 458 465 475 477 480 510 528 536 539 545 583 584 593 605 613 626 650 671 678 692 693 697 700 708 734 741 750 760 766 775 790 794 802 807 812 848 860 862 870 877 879 910 911 917 929 941 946 954 957 978 980 987 999 1000 1020 1024 1036 1039 1045 1056 1060 1068 1070 1073 1091 1104 1105 1127 1143 1162 1170 1175 1187 1199 1202 1204 1230 1260 1262 1264 1266 1281 1296 1297 1318 1323 1334 1339 1340 1361 1370 1383 1400 1402 1403 1412 1419 1422 1423 1434 1455 1458 1469 1483 1487 1526 1528 1529 1559 1565 1580 1616 1645 1649 1652 1654 1658 1660 1671 1691 1718 1734 1756 1792 1794 1797 1808 1813 1815 1818 1823 1827 1831 1839 1840 1860 1878 1882 1888 1901 1919 1928 1963 1967 1983 1989 1991 2001 2005 2008 2023 2025 2027 2033 2037 2045 2058 2064 2070 2083
5,55,CG-MOACO,area_s5_t300,0.27013108614232206,1662.4686008718395,2.3151673805580453,1 9 19 42 46 61 80 96 102 106 111 112 132 137 152 175 176 180 182 200 202 210 219 221 237 252 257 278 284 292 308 311 317 334 336 348 379 391 393 413 415 429 440 449 450 458 464 465 475 481 503 513 544 559 562 571 589 593 605 606 615 626 629 648 658 700 705 708 736 740 771 773 775 787 802 812 820 821 842 853 858 862 868 885 905 910 917 929 936 944 946 956 958 967 978 980 1012 1026 1036 1039 1048 1062 1064 1068 1070 1086 1089 1091 1105 1107 1127 1129 1137 1143 1149 1170 1183 1187 1199 1202 1205 1222 1230 1264 1279 1296 1299 1319 1320 1323 1334 1336 1339 1366 1370 1374 1384 1394 1412 1419 1423 1425 1426 1436 1440 1446 1480 1483 1490 1502 1524 1528 1529 1544 1565 1571 1580 1584 1589 1590 1618 1645 1649 1652 1654 1660 1673 1697 1708 1716 1718 1732 1738 1756 1766 1769 1792 1793 1797 1808 1813 1818 1823 1839 1840 1842 1848 1860 1882 1897 1901 1937 1961 1963 1965 1967 1983 1986 1989 1991 2008 2023 2037 2045 2057 2063
5,56,CG-MOACO,area_s5_t300,0.30664794007490637,1596.2870402912424,3.1368774282716245,1 7 19 38 42 45 47 55 60 78 80 90 98 102 106 122 125 132 137 143 175 176 178 181 191 196 215 218 226 230 252 256 258 263 278 285 292 311 317 334 344 358 371 379 415 440 450 458 464 465 475 479 508 525 544 562 593 598 615 616 625 648 650 654 658 685 692 700 713 716 719 734 737 745 760 762 771 790 802 807 814 853 857 862 868 877 910 929 941 943 978 982 987 994 1000 1031 1033 1039 1042 1055 1062 1078 1086 1105 1127 1129 1137 1143 1152 1161 1183 1187 1199 1202 1221 1234 1237 1244 1261 1264 1291 1310 1318 1327 1334 1336 1339 1340 1363 1370 1383 1385 1394 1400 1403 1412 1418 1422 1423 1434 1436 1440 1445 1455 1469 1482 1520 1524 1529 1565 1578 1584 1608 1615 1638 1645 1652 1654 1667 1673 1689 1735 1740 1765 1777 1779 1787 1792 1797 1813 1818 1823 1839 1840 1845 1851 1854 1871 1874 1926 1944 1963 1965 1967 1976 1983 1986 2001 2023 2036 2057 2063 2072
5,57,CG-MOACO,area_s5_t300,0.23923220973782766,1753.281637369078,3.249615361854384,1 9 26 31 38 40 47 55 80 89 91 94 102 105 111 117 137 153 157 165 172 175 176 189 191 200 202 210 218 220 226 230 232 252 257 263 270 300 308 311 317 334 348 362 379 393 403 413 415 448 450 464 465 475 491 496 514 525 530 543 558 562 592 593 605 615 616 626 648 658 671 692 693 700 705 708 716 719 734 738 740 760 773 775 776 790 802 806 812 825 836 860 862 871 877 900 910 911 912 929 941 947 957 958 960 967 978 980 991 999 1001 1018 1036 1056 1062 1064 1089 1104 1105 1117 1127 1137 1143 1150 1158 1162 1173 1183 1187 1199 1202 1204 1205 1223 1237 1239 1258 1259 1262 1264 1266 1279 1296 1297 1319 1323 1339 1370 1376 1383 1385 1394 1395 1400 1403 1412 1419 1434 1436 1446 1464 1469 1483 1490 1518 1526 1527 1529 1544 1559 1565 1584 1643 1645 1652 1654 1658 1660 1683 1718 1719 1747 1752 1756 1766 1769 1774 1787 1792 1797 1808 1813 1818 1823 1835 1842 1845 1854 1860 1882 1888 1897 1901 1920 1963 1965 1983 2015 2018 2023 2037 2045 2049 2058 2063 2076
5,58,CG-MOACO,area_s5_t300,0.28698501872659177,1622.6812309785514,3.9698866482558417,1 9 19 47 49 55 72 80 98 99 102 105 112 114 117 132 137 141 143 150 152 175 176 179 182 189 191 206 215 220 231 252 284 307 308 316 334 348 362 370 379 391 426 440 449 450 457 461 477 508 524 537 545 559 583 584 586 588 593 605 650 654 664 676 687 700 708 734 740 750 760 771 790 802 807 815 827 836 856 858 862 868 908 910 911 917 929 941 954 957 958 963 978 980 983 1001 1008 1020 1024 1028 1039 1056 1062 1070 1086 1089 1097 1105 1117 1127 1137 1139 1143 1162 1183 1187 1199 1202 1228 1237 1259 1264 1304 1319 1320 1323 1336 1339 1341 1361 1375 1376 1404 1412 1419 1434 1436 1446 1450 1461 1462 1469 1482 1487 1490 1520 1528 1529 1544 1580 1590 1618 1645 1649 1652 1660 1697 1708 1718 1735 1756 1777 1787 1797 1802 1808 1815 1818 1836 1839 1840 1842 1867 1882 1883 1901 1928 1937 1940 1962 1963 1966 1967 1980 1983 1989 2001 2005 2008 2023 2033 2036 2038 2044 2046 2058 2063 2070 2083
5,59,CG-MOACO,area_s5_t300,0.30711610486891383,1595.2371024278316,2.8284271247461903,1 19 47 67 80 90 98 99 102 105 114 133 137 144 152 157 166 175 176 182 198 215 219 252 257 278 284 292 307 319 334 336 362 379 391 393 395 405 436 449 450 456 458 464 465 474 480 508 528 533 562 593 605 606 611 612 648 654 676 681 700 735 741 750 754 760 770 771 772 775 802 807 820 825 836 854 868 885 894 900 910 911 929 941 957 967 972 978 980 1001 1012 1024 1028 1037 1039 1042 1052 1060 1064 1065 1086 1089 1102 1115 1127 1139 1143 1158 1173 1183 1199 1204 1230 1237 1258 1259 1262 1264 1278 1297 1306 1314 1323 1336 1339 1340 1359 1376 1383 1385 1395 1404 1412 1419 1429 1434 1435 1440 1446 1454 1458 1469 1480 1482 1496 1529 1554 1565 1645 1652 1654 1708 1717 1734 1735 1738 1744 1756 1769 1775 1787 1789 1797 1808 1813 1833 1839 1842 1845 1854 1860 1882 1888 1901 1962 1963 1967 1976 1983 1986 1989 1999 2006 2008 2018 2023 2025 2038 2046 2049 2055 2057 2063 2076 2083
5,60,CG-MOACO,area_s5_t300,0.2907303370786517,1626.344495162146,1.2649110640673518,1 7 9 19 26 39 47 55 77 80 96 99 102 105 106 110 122 132 137 153 154 175 176 178 179 182 191 200 220 252 263 270 285 292 306 310 317 336 344 356 379 393 415 424 448 450 464 465 475 508 530 544 554 558 562 583 593 605 612 626 645 648 650 654 671 676 685 692 697 699 700 708 719 734 740 744 760 790 802 814 825 858 862 868 871 902 910 911 913 917 929 938 941 943 955 958 975 980 994 996 1024 1031 1056 1060 1077 1104 1122 1126 1128 1143 1150 1160 1168 1173 1183 1199 1202 1204 1205 1223 1229 1237 1262 1264 1279 1295 1297 1310 1314 1318 1320 1323 1334 1375 1376 1384 1394 1401 1411 1412 1419 1423 1434 1440 1446 1455 1457 1473 1496 1504 1524 1529 1544 1565 1571 1584 1606 1618 1645 1652 1654 1672 1683 1708 1735 1750 1751 1756 1776 1777 1787 1797 1807 1813 1823 1835 1839 1840 1842 1851 1854 1860 1878 1888 1901 1922 1926 1963 1983 1989 2008 2023 2025 2033 2038 2044 2058 2063 2080 2083
5,61,CG-MOACO,area_s5_t300,0.2780898876404494,1683.8682617170577,0.7483314773547882,1 9 31 38 47 71 77 80 83 97 102 105 114 120 132 137 152 165 175 176 180 201 219 220 221 248 252 257 261 270 278 285 288 292 307 308 311 316 334 362 391 415 420 440 449 458 464 465 479 485 504 510 524 528 536 543 559 562 566 571 593 626 648 650 656 700 708 734 740 749 750 760 771 775 787 790 795 802 808 825 829 857 862 868 890 908 910 911 929 957 967 980 991 994 1000 1012 1018 1024 1026 1028 1039 1062 1069 1086 1089 1091 1097 1109 1114 1127 1137 1143 1158 1173 1187 1199 1202 1205 1223 1228 1230 1262 1264 1266 1296 1308 1318 1323 1334 1339 1343 1361 1367 1375 1376 1378 1383 1385 1404 1412 1419 1422 1423 1434 1436 1440 1446 1457 1483 1490 1528 1529 1544 1554 1559 1565 1599 1603 1645 1649 1652 1654 1670 1673 1700 1708 1718 1732 1747 1756 1757 1766 1797 1808 1813 1815 1827 1835 1849 1854 1860 1865 1866 1882 1901 1924 1926 1928 1937 1940 1983 1989 2001 2006 2008 2018 2023 2025 2027 2037 2045 2046 2057 2063
5,62,CG-MOACO,area_s5_t300,0.27059925093632964,1679.803108754023,1.4142135623730951,1 4 9 19 31 39 42 47 78 80 82 91 98 102 110 137 152 153 156 157 175 176 178 180 200 215 220 235 252 256 263 265 270 285 292 311 317 334 336 344 379 393 398 420 423 440 449 450 461 465 475 495 528 533 541 544 545 554 560 562 578 593 602 607 612 615 616 676 687 700 719 731 734 740 750 754 760 771 772 776 790 802 825 860 862 885 890 911 917 929 934 939 946 947 954 959 1000 1016 1037 1062 1064 1069 1070 1072 1089 1102 1109 1118 1123 1127 1129 1137 1143 1151 1158 1168 1183 1187 1199 1223 1228 1234 1237 1239 1262 1264 1280 1296 1301 1304 1318 1323 1334 1338 1339 1340 1370 1375 1384 1391 1406 1412 1419 1423 1434 1435 1440 1455 1458 1464 1480 1524 1565 1590 1606 1607 1612 1616 1618 1619 1645 1652 1653 1670 1673 1678 1683 1718 1732 1735 1747 1756 1765 1776 1793 1797 1808 1815 1818 1823 1827 1840 1842 1852 1854 1860 1882 1896 1901 1919 1926 1928 1963 1965 1983 1986 1989 2008 2023 2027 2045 2055 2057 2063 2083
5,63,CG-MOACO,area_s5_t300,0.27294007490636707,1689.32599205751,0.4,1 5 38 47 49 55 65 72 78 80 95 98 102 132 137 142 143 174 175 176 180 182 189 206 219 220 232 252 270 284 285 292 307 308 310 317 342 362 379 395 398 420 440 445 450 457 458 464 486 489 530 537 558 559 566 578 584 593 602 605 613 615 626 648 650 676 681 685 700 708 734 740 744 760 771 773 776 790 802 806 825 829 831 858 860 862 875 907 910 911 915 917 929 936 941 952 957 973 982 985 990 991 1000 1020 1028 1039 1060 1068 1086 1104 1105 1115 1126 1137 1143 1161 1175 1187 1199 1202 1205 1234 1236 1237 1258 1262 1264 1268 1278 1296 1314 1336 1338 1339 1367 1370 1383 1395 1403 1412 1422 1423 1429 1434 1435 1446 1458 1463 1469 1480 1483 1503 1529 1544 1553 1559 1565 1584 1599 1614 1619 1637 1645 1652 1654 1673 1708 1718 1722 1726 1747 1756 1757 1765 1773 1787 1793 1797 1808 1815 1818 1823 1829 1836 1845 1854 1860 1882 1901 1922 1926 1928 1937 1940 1963 1983 1989 2006 2008 2018 2023 2027 2036 2037 2045 2057
5,64,CG-MOACO,area_s5_t300,0.25936329588014984,1699.1802973643344,2.925747767665559,1 9 19 24 38 45 47 64 67 78 80 98 99 102 105 106 111 137 139 143 153 156 160 175 176 191 202 215 220 252 257 261 263 284 285 292 300 311 316 334 336 337 344 411 415 423 440 445 450 458 464 465 475 486 508 525 528 530 533 543 558 560 562 563 575 591 593 605 615 648 650 654 700 708 719 734 740 760 771 772 790 795 802 806 814 820 825 836 859 862 875 884 907 910 911 915 917 929 941 957 978 994 999 1000 1017 1018 1020 1032 1060 1091 1104 1105 1126 1137 1143 1158 1175 1187 1199 1202 1204 1222 1225 1228 1262 1264 1280 1314 1318 1336 1370 1373 1375 1383 1385 1386 1399 1411 1412 1419 1423 1434 1435 1440 1455 1462 1469 1474 1480 1482 1520 1524 1529 1559 1565 1571 1576 1606 1610 1614 1618 1645 1649 1652 1658 1701 1708 1718 1732 1750 1756 1777 1787 1793 1797 1808 1812 1815 1823 1839 1840 1842 1845 1854 1860 1865 1878 1882 1888 1891 1901 1922 1923 1924 1928 1940 1954 1963 1965 1983 1989 2006 2023 2026 2029 2037 2058 2063 2083
5,65,CG-MOACO,area_s5_t300,0.26451310861423216,1679.7808767551219,2.244994432064365,1 9 26 42 47 55 71 72 80 94 98 111 137 143 152 157 172 175 176 182 210 219 220 232 252 257 263 275 278 285 308 310 317 334 337 344 348 370 379 398 404 415 420 450 461 465 467 475 480 485 486 508 528 537 544 545 558 562 588 593 605 611 612 615 626 650 700 708 716 719 734 738 740 760 771 772 790 802 807 808 812 825 858 860 862 910 911 917 929 936 943 946 954 959 968 972 978 980 1017 1026 1028 1036 1039 1056 1060 1068 1086 1089 1091 1102 1105 1107 1117 1127 1129 1137 1143 1158 1162 1175 1183 1187 1199 1202 1205 1221 1244 1259 1262 1264 1268 1278 1290 1296 1303 1318 1331 1336 1339 1340 1353 1375 1383 1404 1412 1419 1434 1435 1440 1442 1469 1483 1487 1496 1524 1529 1549 1565 1616 1618 1645 1647 1650 1652 1654 1660 1708 1718 1720 1737 1756 1773 1780 1793 1797 1808 1813 1818 1827 1839 1840 1842 1845 1851 1854 1860 1882 1888 1901 1922 1947 1959 1963 1965 1967 1983 2006 2016 2023 2027 2036 2037 2045 2046 2057 2063 2076
5,66,CG-MOACO,area_s5_t300,0.297752808988764,1609.1904120329916,3.9293765408777004,1 5 19 36 42 43 47 61 80 83 98 102 106 114 132 137 174 175 178 182 186 196 200 220 237 257 260 265 272 277 292 300 307 317 334 337 358 361 379 393 440 449 464 465 484 504 508 525 528 552 559 562 565 571 575 583 589 593 605 606 613 617 624 626 648 685 700 708 740 760 771 790 802 806 807 825 827 831 858 860 862 877 885 900 902 910 911 941 943 945 954 957 958 978 980 991 1001 1024 1036 1039 1060 1064 1069 1073 1089 1105 1118 1127 1137 1139 1143 1151 1158 1162 1175 1183 1187 1199 1202 1204 1205 1228 1237 1244 1258 1262 1264 1278 1283 1297 1310 1318 1334 1373 1385 1393 1403 1404 1412 1423 1440 1441 1457 1469 1480 1482 1490 1494 1520 1532 1537 1559 1565 1605 1608 1643 1645 1647 1649 1652 1667 1673 1677 1723 1735 1738 1750 1753 1756 1765 1787 1792 1793 1795 1802 1808 1815 1819 1839 1842 1860 1879 1882 1937 1948 1959 1963 1965 1983 1989 2008 2023 2027 2044 2046 2047 2057 2063
5,67,CG-MOACO,area_s5_t300,0.26919475655430714,1694.437538181223,0.4898979485566356,1 9 31 34 42 47 76 78 80 86 89 102 106 111 112 114 122 137 143 154 158 175 176 178 180 181 202 219 220 252 263 277 278 285 292 306 310 316 370 379 413 420 431 440 449 450 453 458 461 465 484 508 510 533 543 553 560 589 593 617 622 626 648 650 654 658 676 700 708 727 734 738 741 749 760 771 772 784 790 802 804 806 808 862 902 910 911 912 929 936 941 957 958 973 980 986 994 1012 1017 1024 1028 1060 1070 1077 1080 1086 1089 1102 1105 1127 1129 1137 1155 1157 1160 1170 1173 1199 1202 1223 1228 1230 1234 1236 1237 1257 1262 1264 1278 1300 1304 1306 1308 1310 1318 1323 1334 1339 1350 1353 1370 1375 1383 1385 1398 1403 1412 1419 1423 1434 1435 1440 1480 1483 1504 1522 1524 1544 1565 1571 1599 1606 1645 1649 1652 1654 1660 1670 1673 1678 1683 1720 1777 1787 1793 1797 1805 1808 1815 1823 1839 1840 1842 1860 1866 1871 1882 1891 1901 1924 1959 1963 1966 1967 1983 1989 1991 2006 2014 2018 2023 2026 2037 2045 2047 2057 2063
5,68,CG-MOACO,area_s5_t300,0.30945692883895126,1582.0672989490024,1.3564659966250538,1 6 9 47 71 80 83 98 106 111 125 137 141 152 153 158 175 176 178 179 182 215 252 256 263 284 292 300 311 317 327 334 336 344 358 379 398 413 415 424 426 440 450 461 465 475 480 485 486 528 536 543 554 558 593 605 615 625 648 693 700 716 719 725 734 740 760 770 771 775 790 802 806 808 812 828 868 885 905 910 911 929 943 946 960 980 991 1001 1012 1020 1026 1032 1039 1042 1053 1060 1064 1065 1068 1070 1073 1081 1086 1089 1104 1105 1137 1143 1146 1150 1158 1199 1202 1204 1222 1264 1268 1279 1296 1305 1310 1314 1318 1331 1334 1338 1339 1364 1370 1375 1376 1383 1385 1394 1402 1406 1412 1415 1419 1422 1423 1434 1435 1440 1446 1469 1480 1483 1524 1529 1544 1584 1599 1645 1650 1652 1670 1673 1697 1700 1708 1709 1732 1751 1753 1756 1765 1769 1775 1797 1808 1821 1823 1839 1854 1860 1874 1882 1901 1944 1954 1963 1966 1967 1979 1983 1986 2023 2045 2049 2057 2063 2076
5,69,CG-MOACO,area_s5_t300,0.28838951310861427,1632.2941887644183,3.919183588453085,1 7 26 31 39 43 61 80 98 99 102 105 106 118 125 134 137 141 165 175 176 178 189 200 206 215 218 226 230 252 257 259 270 284 292 311 317 334 370 379 391 415 449 450 465 480 484 496 500 504 508 544 562 589 593 602 613 621 629 631 638 644 648 654 685 700 719 731 734 760 770 771 773 790 808 825 828 829 841 853 862 868 885 900 902 905 910 929 941 950 954 958 967 978 980 991 1001 1016 1018 1024 1028 1036 1039 1056 1060 1064 1070 1086 1089 1091 1105 1118 1127 1137 1143 1158 1162 1183 1199 1202 1205 1219 1223 1228 1230 1262 1264 1268 1280 1297 1304 1311 1318 1323 1334 1339 1361 1370 1373 1384 1394 1401 1403 1411 1412 1416 1419 1434 1435 1446 1456 1524 1526 1529 1565 1584 1585 1590 1606 1645 1648 1652 1678 1701 1708 1718 1747 1753 1756 1769 1779 1781 1787 1792 1797 1842 1845 1854 1860 1888 1923 1961 1963 1965 1980 1983 2006 2008 2009 2018 2023 2037 2045 2046 2047 2049 2058 2063 2080
5,70,CG-MOACO,area_s5_t300,0.26217228464419473,1683.3072976649948,2.4166091947189146,1 7 19 31 38 42 47 78 80 86 98 99 102 106 111 114 133 137 174 175 176 178 180 186 188 189 219 220 252 257 264 270 278 285 292 310 317 324 334 356 379 393 413 440 450 464 465 472 475 479 485 486 495 508 513 528 534 543 544 558 562 566 583 593 650 676 678 700 708 719 734 740 772 775 777 786 790 802 812 815 853 862 868 900 910 917 929 936 941 947 952 972 982 994 1017 1020 1022 1024 1028 1032 1034 1036 1039 1060 1068 1086 1089 1105 1127 1129 1143 1162 1164 1173 1183 1184 1187 1199 1202 1221 1223 1234 1236 1237 1262 1264 1278 1297 1310 1314 1318 1334 1337 1339 1367 1375 1384 1392 1393 1403 1404 1412 1419 1422 1423 1434 1441 1480 1482 1490 1496 1524 1528 1544 1564 1565 1571 1580 1594 1614 1618 1645 1649 1652 1654 1673 1708 1732 1756 1788 1793 1797 1808 1811 1815 1818 1827 1828 1839 1840 1852 1854 1866 1878 1882 1896 1901 1922 1926 1940 1959 1963 1965 1967 1983 1986 1989 2008 2018 2023 2026 2027 2037 2045 2046 2057 2063
5,71,CG-MOACO,area_s5_t300,0.3174157303370787,1582.2182397366946,0.6324555320336759,1 9 28 31 38 55 72 79 80 91 102 105 106 132 143 152 155 165 175 180 215 220 245 247 252 257 292 308 311 317 331 348 351 371 379 391 393 398 420 424 440 449 450 461 465 485 528 541 543 544 559 562 589 593 605 606 607 611 612 615 616 648 650 676 681 685 700 716 741 749 760 771 776 790 802 825 870 878 911 912 941 947 978 982 987 991 994 999 1012 1028 1036 1039 1048 1058 1062 1073 1080 1086 1089 1104 1105 1111 1137 1143 1149 1190 1199 1202 1223 1228 1234 1237 1244 1260 1264 1268 1304 1311 1318 1323 1338 1339 1350 1353 1354 1361 1368 1370 1375 1384 1391 1394 1412 1419 1423 1434 1435 1440 1480 1520 1529 1535 1544 1553 1565 1574 1577 1584 1590 1615 1645 1652 1658 1674 1683 1705 1718 1720 1735 1747 1752 1756 1781 1787 1793 1797 1804 1808 1823 1842 1845 1853 1860 1882 1883 1888 1901 1924 1963 1965 1979 1983 1991 2023 2033 2038 2049 2058 2063 2082
5,72,CG-MOACO,area_s5_t300,0.28698501872659177,1633.321942146433,1.4696938456699067,1 7 9 13 24 31 42 47 76 80 83 89 91 98 102 106 110 114 121 137 165 175 176 189 191 206 215 220 241 252 261 263 270 278 292 317 334 337 356 371 409 440 450 452 464 465 475 480 496 528 539 558 559 562 571 583 588 593 613 615 654 659 664 671 700 708 711 734 738 740 743 760 773 776 790 795 802 815 825 827 846 848 860 885 905 910 911 929 941 957 960 978 985 1001 1016 1020 1036 1039 1051 1060 1065 1070 1089 1091 1102 1105 1126 1137 1139 1143 1151 1158 1162 1173 1183 1187 1199 1202 1205 1223 1228 1258 1264 1278 1297 1314 1318 1323 1334 1339 1340 1346 1361 1370 1375 1380 1384 1392 1394 1395 1403 1412 1419 1423 1446 1455 1457 1480 1482 1524 1529 1535 1537 1565 1571 1605 1636 1645 1649 1660 1670 1672 1691 1708 1718 1726 1732 1747 1756 1766 1769 1785 1788 1797 1808 1818 1823 1827 1828 1840 1842 1853 1857 1860 1882 1888 1901 1963 1965 1983 1986 1989 1991 2018 2023 2027 2037 2045 2058 2063 2083
5,73,CG-MOACO,area_s5_t300,0.27715355805243447,1660.2350076154878,1.019803902718557,1 38 42 63 78 80 98 102 106 114 132 137 141 143 157 167 174 175 176 178 180 182 202 215 252 257 270 278 284 285 292 334 344 351 371 379 386 393 396 398 415 431 440 449 450 458 464 465 467 475 483 503 528 533 535 543 544 561 564 583 584 589 593 605 615 648 658 697 700 708 716 719 734 741 749 760 771 772 790 804 825 836 858 862 868 875 885 890 910 917 929 947 978 980 1012 1017 1019 1020 1028 1037 1039 1042 1056 1060 1064 1069 1086 1091 1124 1129 1137 1139 1143 1158 1164 1173 1187 1199 1202 1205 1221 1234 1261 1264 1279 1296 1300 1310 1320 1323 1327 1334 1336 1339 1361 1370 1375 1376 1378 1383 1394 1402 1412 1419 1423 1434 1436 1440 1453 1457 1469 1478 1483 1524 1528 1529 1544 1559 1565 1615 1637 1645 1652 1654 1673 1705 1735 1756 1765 1797 1804 1808 1818 1823 1827 1834 1839 1842 1854 1860 1882 1901 1922 1924 1926 1963 1967 1978 1983 1999 2001 2005 2008 2016 2023 2026 2027 2036 2038 2057 2063 2078 2083
5,74,CG-MOACO,area_s5_t300,0.2963483146067416,1623.9190064492382,0.8,1 3 9 15 31 38 43 46 55 63 77 80 99 101 102 106 108 117 122 137 157 175 184 189 220 232 252 257 270 285 306 308 311 317 327 369 379 386 391 393 412 415 440 449 464 465 503 543 544 548 554 560 562 565 566 575 583 588 589 592 593 606 613 615 622 626 648 650 654 692 700 708 719 740 760 771 772 790 794 825 868 897 911 917 921 941 980 985 991 1007 1012 1016 1020 1028 1036 1039 1065 1086 1087 1089 1091 1104 1105 1117 1126 1137 1143 1149 1158 1161 1183 1187 1190 1199 1204 1205 1223 1228 1230 1258 1262 1264 1268 1278 1314 1323 1336 1350 1363 1370 1375 1378 1385 1387 1390 1394 1403 1412 1419 1423 1446 1469 1482 1486 1496 1506 1524 1529 1544 1553 1571 1584 1590 1615 1618 1645 1649 1652 1654 1660 1673 1677 1701 1705 1708 1724 1732 1735 1738 1750 1756 1767 1779 1793 1802 1812 1823 1839 1842 1851 1860 1882 1900 1922 1937 1953 1963 1965 1983 1996 2006 2023 2025 2027 2038 2057 2063 2078
5,75,CG-MOACO,area_s5_t300,0.29962546816479396,1597.7637886351597,2.4819347291981715,1 19 42 67 71 79 80 98 102 106 125 137 143 152 160 172 175 176 182 186 189 191 210 218 220 226 230 252 257 259 263 270 272 275 308 310 317 334 344 371 379 440 450 458 464 465 477 508 517 537 543 544 553 555 558 562 588 605 615 626 654 658 700 708 712 716 734 736 740 749 760 771 772 790 802 808 815 825 828 831 841 862 868 877 885 911 917 936 960 978 980 991 1001 1020 1021 1026 1039 1056 1060 1064 1070 1086 1089 1105 1107 1127 1137 1143 1152 1164 1173 1183 1187 1190 1199 1202 1205 1221 1223 1228 1237 1262 1264 1278 1296 1297 1310 1318 1336 1364 1366 1367 1376 1383 1404 1412 1422 1423 1424 1434 1446 1463 1482 1487 1490 1528 1529 1532 1544 1565 1580 1618 1645 1648 1649 1652 1683 1689 1705 1734 1735 1743 1750 1752 1756 1769 1787 1792 1797 1808 1818 1821 1831 1836 1839 1854 1856 1860 1882 1888 1896 1901 1945 1959 1961 1963 1965 1983 1986 2023 2027 2045 2046 2057 2063 2083
5,76,CG-MOACO,area_s5_t300,0.2823033707865169,1645.6101033389923,3.1874754901018454,1 7 24 45 47 80 98 102 105 106 121 125 134 137 156 165 166 169 175 176 182 191 212 218 220 226 230 235 252 257 263 270 278 284 285 292 306 311 312 317 338 344 358 371 379 415 440 450 461 475 496 508 528 533 543 544 552 559 584 588 593 612 622 626 650 651 654 700 708 711 716 719 734 740 760 771 790 794 802 808 820 825 829 858 862 867 868 871 885 902 907 910 911 917 929 941 968 978 982 1020 1024 1028 1031 1037 1056 1062 1073 1086 1089 1102 1126 1137 1143 1150 1158 1162 1183 1187 1199 1202 1205 1221 1223 1228 1230 1237 1253 1262 1264 1268 1278 1303 1314 1318 1323 1334 1336 1339 1340 1364 1370 1375 1376 1383 1385 1402 1403 1412 1419 1423 1434 1435 1440 1445 1446 1453 1524 1529 1584 1606 1645 1650 1652 1654 1673 1708 1714 1718 1747 1756 1765 1776 1787 1797 1808 1818 1823 1836 1854 1860 1896 1901 1916 1922 1926 1940 1944 1963 1965 1983 1986 2001 2008 2016 2023 2026 2037 2045 2049 2057 2063
5,77,CG-MOACO,area_s5_t300,0.27621722846441943,1658.1745009612168,1.9390719429665317,1 7 9 31 38 43 47 77 80 86 99 102 105 111 122 133 137 165 166 174 175 178 179 184 202 206 220 245 252 257 265 270 285 300 310 317 324 334 336 344 362 379 415 424 440 449 464 465 472 475 478 508 510 528 533 552 559 562 593 605 611 615 622 648 656 685 690 700 708 730 734 740 750 760 771 790 802 806 807 808 812 846 848 862 868 871 910 911 917 929 939 941 954 957 958 977 980 1012 1018 1036 1048 1053 1056 1062 1064 1073 1089 1091 1104 1105 1117 1126 1137 1141 1143 1158 1175 1183 1187 1189 1199 1202 1204 1230 1244 1262 1264 1278 1296 1297 1318 1323 1334 1336 1339 1350 1361 1370 1372 1375 1376 1383 1385 1394 1403 1412 1419 1423 1435 1440 1446 1455 1469 1482 1524 1529 1544 1559 1571 1596 1606 1645 1649 1652 1654 1660 1670 1673 1708 1717 1725 1732 1738 1747 1756 1774 1797 1808 1818 1823 1827 1831 1842 1851 1852 1860 1882 1891 1901 1924 1959 1963 1966 1983 1989 1991 2008 2023 2027 2037 2045 2057 2063 2078
5,78,CG-MOACO,area_s5_t300,0.28979400749063666,1649.8171609155672,0.6324555320336759,1 14 24 38 80 102 106 114 132 137 141 152 157 165 175 176 179 182 191 200 202 220 221 257 265 270 278 284 292 306 310 317 336 359 371 379 391 393 398 440 450 456 461 465 475 486 495 499 525 528 533 534 536 544 558 562 593 605 615 616 626 648 650 654 658 699 700 716 719 734 747 760 771 784 790 802 804 820 825 836 860 885 908 910 911 915 929 941 946 952 967 978 980 987 991 1028 1037 1039 1062 1065 1070 1089 1114 1128 1137 1143 1151 1156 1168 1170 1173 1183 1187 1199 1202 1223 1228 1237 1239 1264 1266 1278 1283 1291 1303 1314 1318 1339 1346 1350 1376 1380 1384 1394 1395 1412 1419 1425 1429 1435 1440 1446 1458 1473 1480 1482 1517 1524 1529 1544 1556 1565 1577 1578 1580 1584 1645 1652 1654 1672 1678 1690 1705 1708 1718 1726 1732 1735 1747 1753 1756 1757 1797 1808 1818 1821 1823 1842 1845 1851 1854 1860 1882 1888 1901 1924 1926 1953 1961 1963 1978 1983 2023 2027 2036 2038 2040 2058 2063 2083
5,79,CG-MOACO,area_s5_t300,0.29119850187265917,1615.0234734352857,1.16619037896906,1 26 31 40 47 80 98 108 114 122 132 137 141 166 171 175 176 180 184 186 219 220 221 252 257 263 270 277 278 285 308 311 316 334 336 344 366 379 398 415 431 449 450 464 465 488 494 509 528 533 543 561 562 565 569 593 598 602 605 611 615 617 626 648 654 676 700 708 734 738 740 750 760 771 775 790 802 806 825 836 860 862 870 885 905 910 911 929 934 957 958 967 978 982 1028 1036 1039 1060 1064 1089 1102 1105 1127 1128 1137 1143 1151 1158 1173 1183 1184 1189 1199 1202 1204 1205 1223 1228 1237 1239 1262 1264 1278 1290 1310 1314 1318 1331 1334 1336 1340 1370 1378 1383 1385 1394 1395 1403 1419 1422 1423 1426 1429 1440 1446 1457 1482 1490 1494 1496 1506 1524 1549 1562 1565 1587 1602 1639 1645 1652 1654 1660 1673 1683 1691 1703 1708 1726 1732 1750 1753 1756 1766 1777 1787 1793 1797 1808 1818 1836 1839 1873 1882 1901 1940 1959 1963 1965 1984 1986 1989 1991 2023 2025 2038 2040 2046 2057 2063
5,80,CG-MOACO,area_s5_t300,0.28136704119850187,1655.2271671047,2.227105745132009,1 9 24 39 47 80 91 98 99 117 125 132 137 152 153 165 175 176 180 182 189 197 200 215 220 232 252 263 270 285 292 311 313 317 334 344 348 370 379 393 413 431 440 449 450 458 461 465 475 484 528 543 552 562 583 589 593 613 615 648 650 658 664 676 685 692 700 708 712 734 745 749 760 771 772 776 790 802 806 814 825 836 862 868 877 885 910 911 929 935 947 957 958 967 972 978 980 985 999 1012 1018 1026 1037 1039 1056 1060 1067 1089 1104 1127 1137 1143 1155 1167 1175 1183 1187 1199 1202 1205 1222 1228 1234 1262 1264 1278 1296 1303 1310 1314 1318 1327 1334 1336 1338 1339 1340 1361 1364 1370 1375 1376 1384 1394 1395 1412 1419 1423 1434 1457 1469 1483 1490 1524 1529 1559 1571 1578 1584 1605 1616 1645 1647 1652 1654 1660 1673 1701 1738 1747 1753 1756 1787 1797 1804 1808 1818 1823 1831 1835 1840 1842 1860 1866 1882 1901 1922 1941 1963 1965 1983 1989 1991 2006 2008 2037 2045 2049 2057 2063 2080
5,81,CG-MOACO,area_s5_t300,0.2752808988764045,1668.6753977319945,1.3266499161421599,1 5 9 45 47 76 78 80 98 102 111 137 153 158 165 175 176 178 182 197 200 218 226 230 252 257 263 277 284 292 310 316 324 334 336 365 370 379 392 398 413 426 440 443 449 450 458 464 465 475 477 508 529 544 562 589 593 602 603 612 615 616 622 626 650 654 676 678 700 708 712 731 734 740 760 771 775 790 802 807 820 825 831 858 862 868 900 910 911 917 929 936 941 943 946 958 965 978 980 991 1037 1041 1060 1086 1089 1104 1107 1127 1137 1143 1153 1155 1158 1175 1183 1187 1189 1199 1202 1205 1221 1228 1234 1237 1241 1258 1259 1264 1268 1290 1293 1297 1300 1308 1318 1323 1336 1339 1340 1370 1375 1383 1385 1387 1390 1394 1400 1403 1419 1434 1435 1464 1483 1496 1511 1524 1562 1565 1584 1589 1596 1616 1645 1654 1658 1683 1718 1734 1735 1747 1756 1766 1774 1790 1793 1797 1808 1818 1823 1842 1851 1854 1860 1866 1882 1888 1896 1901 1922 1926 1953 1961 1963 1965 1983 1986 1989 2016 2023 2027 2038 2044 2058 2063
5,82,CG-MOACO,area_s5_t300,0.2794943820224719,1652.976752240291,2.33238075793812,1 9 15 19 31 38 47 55 72 78 80 98 103 105 106 111 121 137 153 157 159 166 175 176 218 226 230 245 252 256 258 263 284 285 292 308 311 317 334 348 365 379 403 420 440 449 450 456 464 465 477 483 508 528 533 544 562 578 583 589 593 608 612 615 626 676 687 700 708 716 725 734 740 749 755 760 771 772 775 786 790 802 825 829 833 853 860 862 910 917 929 936 958 960 965 978 980 994 1001 1012 1020 1032 1039 1042 1056 1062 1064 1070 1086 1089 1105 1127 1137 1143 1183 1184 1191 1199 1202 1221 1222 1224 1237 1264 1280 1323 1336 1339 1366 1370 1375 1378 1384 1394 1400 1403 1419 1423 1430 1434 1435 1440 1455 1462 1482 1495 1502 1520 1524 1544 1553 1562 1571 1577 1580 1584 1589 1590 1602 1618 1642 1643 1645 1649 1652 1654 1660 1673 1674 1678 1704 1708 1718 1726 1735 1747 1756 1765 1769 1777 1781 1787 1793 1797 1808 1823 1842 1853 1860 1866 1882 1901 1954 1963 1965 1983 1986 1991 2006 2023 2044 2057 2063
5,83,CG-MOACO,area_s5_t300,0.26779026217228463,1673.6735313357717,3.32264954516723,1 43 47 55 80 83 90 98 99 102 105 106 111 114 137 141 143 175 176 182 189 191 206 218 220 221 223 226 230 252 261 270 277 284 300 308 311 317 338 354 370 378 391 398 420 432 440 450 457 465 477 495 496 504 536 540 545 559 578 583 584 593 599 605 607 626 637 676 678 685 716 719 735 740 747 749 756 760 790 802 809 812 825 831 858 862 868 910 911 929 936 941 943 946 957 958 960 978 982 1001 1020 1022 1024 1028 1036 1039 1060 1064 1068 1086 1089 1104 1105 1107 1117 1126 1137 1143 1152 1173 1183 1199 1202 1205 1223 1234 1237 1262 1264 1278 1290 1297 1300 1304 1310 1318 1320 1323 1334 1339 1370 1375 1376 1380 1402 1403 1419 1422 1423 1430 1434 1435 1480 1483 1487 1490 1495 1502 1504 1524 1544 1562 1565 1580 1596 1616 1645 1647 1649 1652 1654 1660 1672 1723 1734 1735 1747 1756 1779 1797 1802 1815 1818 1823 1827 1840 1867 1880 1882 1884 1922 1961 1963 1965 1983 1986 2006 2014 2027 2032 2033 2036 2038 2044 2058 2063 2083
5,84,CG-MOACO,area_s5_t300,0.26451310861423216,1696.6677008541658,1.9595917942265424,9 19 26 38 42 58 78 80 98 102 111 114 121 132 137 141 143 148 153 172 175 176 182 211 215 218 220 226 230 252 258 259 263 275 284 285 300 308 317 334 336 344 379 393 403 420 426 449 450 464 465 489 504 508 517 528 562 583 589 593 602 605 611 613 615 637 648 650 654 685 687 700 708 716 734 740 760 771 772 787 790 802 806 807 815 825 841 853 858 862 868 885 910 917 929 941 943 952 957 958 978 982 1001 1017 1028 1036 1039 1054 1062 1078 1079 1085 1086 1089 1105 1115 1127 1137 1139 1143 1167 1170 1175 1183 1187 1199 1202 1228 1264 1279 1297 1310 1316 1318 1320 1323 1327 1334 1336 1339 1370 1380 1384 1394 1395 1398 1403 1412 1423 1430 1434 1435 1440 1454 1490 1496 1518 1524 1529 1544 1580 1584 1596 1605 1608 1645 1649 1652 1654 1705 1708 1714 1720 1735 1756 1769 1774 1775 1787 1792 1793 1797 1823 1829 1834 1839 1840 1842 1860 1867 1882 1895 1912 1963 1967 1983 1986 1991 1996 2005 2023 2045 2049 2057 2061 2063 2078 2083
5,85,CG-MOACO,area_s5_t300,0.26779026217228463,1707.5357739103595,0.7483314773547882,1 9 43 47 64 77 80 98 99 102 105 106 111 114 117 132 137 141 165 167 175 176 178 181 184 191 200 206 215 219 220 226 230 252 257 275 285 316 334 336 370 379 391 419 440 450 464 465 475 485 486 504 508 528 558 562 573 583 593 605 606 612 615 622 627 650 671 678 687 700 708 711 719 735 740 760 772 775 790 802 807 812 825 828 833 862 868 885 900 902 908 910 911 917 929 936 941 947 954 957 967 972 980 1000 1017 1028 1037 1060 1068 1070 1089 1115 1127 1137 1139 1143 1158 1175 1187 1194 1199 1202 1205 1236 1237 1261 1264 1279 1290 1300 1307 1318 1334 1336 1339 1376 1383 1403 1404 1406 1411 1412 1419 1423 1425 1435 1440 1469 1478 1480 1483 1487 1490 1496 1520 1524 1529 1544 1559 1565 1599 1614 1618 1643 1645 1649 1652 1667 1673 1678 1683 1689 1691 1701 1718 1720 1735 1747 1756 1777 1787 1792 1797 1808 1815 1818 1835 1842 1854 1860 1882 1901 1924 1926 1944 1959 1963 1989 2001 2005 2008 2014 2023 2025 2044 2046 2057 2063 2083
5,86,CG-MOACO,area_s5_t300,0.28136704119850187,1640.76938130268,3.4409301068170506,1 19 38 55 63 80 86 98 102 105 106 114 132 137 141 143 157 167 172 175 176 182 186 189 191 206 220 245 252 257 263 270 284 308 311 317 334 337 344 351 353 371 379 407 413 420 426 429 440 450 457 458 461 465 508 537 543 544 555 558 562 593 613 626 676 681 685 694 700 708 716 731 734 740 760 771 772 802 808 815 827 853 858 862 868 900 902 910 929 941 943 946 958 972 977 980 986 1001 1016 1020 1024 1036 1053 1060 1064 1070 1086 1089 1105 1117 1129 1137 1143 1158 1162 1175 1187 1199 1202 1205 1221 1222 1228 1234 1237 1258 1264 1279 1299 1304 1314 1318 1320 1336 1339 1361 1370 1383 1385 1390 1395 1403 1412 1423 1426 1434 1446 1455 1458 1474 1480 1482 1529 1532 1544 1565 1586 1605 1608 1645 1648 1649 1652 1660 1667 1672 1691 1708 1718 1735 1738 1753 1756 1766 1769 1792 1797 1808 1818 1823 1839 1842 1848 1860 1882 1888 1891 1896 1901 1963 1965 1967 1979 1983 1991 2006 2008 2015 2023 2027 2044 2058 2063
5,87,CG-MOACO,area_s5_t300,0.28885767790262173,1633.864034072255,1.0954451150103321,1 19 31 40 47 55 80 83 102 110 121 137 154 175 176 178 180 181 191 210 223 252 257 263 275 278 284 317 334 344 354 359 362 366 371 379 411 412 420 424 429 440 450 464 465 468 475 485 514 528 530 545 559 562 583 593 606 607 611 615 626 629 643 676 700 708 712 716 731 735 740 760 771 775 776 790 802 812 842 860 862 867 908 910 911 916 929 943 956 957 967 980 1022 1036 1039 1062 1064 1068 1070 1078 1089 1105 1117 1127 1137 1139 1143 1158 1162 1164 1170 1183 1199 1202 1205 1222 1224 1237 1239 1264 1279 1293 1297 1302 1310 1314 1318 1323 1334 1339 1361 1372 1375 1384 1387 1403 1404 1411 1412 1419 1423 1434 1435 1440 1453 1468 1478 1483 1520 1524 1528 1529 1544 1565 1590 1636 1643 1645 1648 1652 1658 1660 1670 1683 1732 1753 1756 1766 1773 1777 1783 1793 1797 1808 1813 1815 1818 1839 1840 1842 1860 1866 1882 1888 1901 1919 1928 1961 1963 1965 1983 1991 2006 2008 2023 2037 2045 2046 2058 2063
5,88,CG-MOACO,area_s5_t300,0.28043071161048694,1665.258081532079,0.4,1 9 13 31 40 47 80 83 91 98 102 106 111 117 132 137 139 153 158 175 176 180 189 200 222 252 257 263 285 291 292 300 308 311 316 334 344 370 379 393 403 415 440 449 450 458 461 465 475 525 528 530 544 554 562 583 589 593 605 613 615 626 629 637 648 654 671 685 692 697 700 708 716 719 734 740 760 772 776 790 802 825 860 862 879 885 910 911 917 929 946 947 978 980 1007 1012 1026 1028 1036 1039 1060 1070 1072 1078 1104 1105 1127 1143 1151 1152 1158 1161 1164 1175 1187 1199 1202 1205 1221 1228 1234 1237 1251 1258 1264 1268 1279 1290 1293 1300 1310 1314 1318 1334 1370 1375 1376 1378 1383 1395 1400 1403 1412 1419 1423 1434 1446 1457 1483 1524 1529 1544 1559 1565 1587 1599 1605 1614 1637 1643 1645 1649 1652 1683 1726 1732 1735 1750 1752 1756 1765 1777 1797 1808 1812 1815 1819 1823 1839 1840 1842 1854 1860 1865 1882 1888 1909 1918 1919 1924 1928 1945 1946 1963 1983 2001 2023 2026 2038 2044 2057 2063 2082 2083
5,89,CG-MOACO,area_s5_t300,0.29868913857677903,1607.4361433257934,2.85657137141714,1 9 23 39 47 55 67 80 101 105 114 137 141 148 153 157 165 167 171 172 175 176 178 182 191 200 215 243 252 257 263 265 270 284 285 311 317 334 344 348 379 431 440 449 450 458 465 475 495 497 514 528 537 543 554 562 593 613 615 625 646 681 700 708 716 734 738 741 750 760 771 776 786 790 797 802 804 806 808 812 828 833 853 858 860 862 871 877 910 917 929 941 946 957 960 978 980 1000 1016 1027 1060 1064 1089 1105 1117 1126 1137 1143 1150 1158 1161 1183 1199 1205 1223 1230 1237 1244 1259 1262 1264 1278 1296 1304 1314 1318 1323 1339 1341 1361 1367 1370 1375 1376 1378 1383 1394 1395 1419 1434 1436 1440 1446 1457 1469 1480 1482 1487 1528 1529 1544 1549 1554 1562 1565 1602 1605 1612 1615 1645 1652 1660 1703 1723 1732 1738 1745 1747 1749 1756 1758 1766 1773 1797 1808 1818 1823 1842 1851 1860 1882 1888 1901 1922 1945 1963 1965 1983 1987 1991 2001 2033 2038 2049 2057 2063
5,90,CG-MOACO,area_s5_t300,0.24531835205992514,1725.3916228127132,1.8547236990991407,1 9 19 24 45 47 78 80 86 98 102 106 132 137 153 156 167 175 176 180 182 189 197 217 220 231 248 252 263 270 284 285 292 307 311 316 334 338 344 370 379 440 450 458 461 465 477 480 483 510 528 536 543 544 560 584 593 611 613 615 626 648 651 654 676 685 700 708 712 731 734 740 760 771 772 790 802 808 814 820 825 858 862 868 871 885 900 910 911 917 941 943 946 967 978 982 985 999 1000 1007 1016 1028 1036 1056 1060 1064 1086 1089 1104 1105 1127 1137 1143 1158 1162 1173 1183 1187 1199 1202 1205 1221 1223 1228 1234 1237 1254 1262 1264 1279 1290 1302 1304 1310 1311 1320 1323 1334 1336 1338 1339 1364 1370 1375 1376 1383 1385 1390 1391 1402 1403 1412 1419 1422 1423 1434 1457 1469 1483 1502 1524 1529 1544 1565 1584 1606 1616 1645 1652 1654 1672 1680 1732 1735 1756 1757 1766 1768 1776 1797 1808 1815 1818 1823 1827 1835 1839 1854 1860 1878 1882 1888 1901 1922 1926 1928 1932 1966 1967 1983 1989 2006 2008 2016 2023 2025 2027 2038 2044 2058 2063 2080 2083
5,91,CG-MOACO,area_s5_t300,0.2682584269662921,1692.5553065621104,2.1540659228538015,9 30 38 47 55 78 80 89 98 102 106 111 137 153 157 167 174 175 176 178 182 184 218 226 230 235 252 257 258 264 270 284 285 300 316 327 334 338 344 379 393 413 415 423 431 440 450 458 464 465 475 477 486 509 525 528 541 543 552 558 559 562 593 605 613 615 616 626 648 700 716 734 741 749 760 771 774 776 790 802 806 812 814 825 827 862 868 870 877 910 911 915 941 957 960 967 978 980 1000 1012 1036 1042 1060 1064 1068 1073 1089 1092 1102 1105 1115 1117 1126 1137 1139 1143 1158 1167 1183 1187 1199 1202 1205 1222 1239 1251 1262 1264 1280 1296 1297 1310 1318 1334 1336 1338 1339 1346 1354 1367 1370 1383 1385 1394 1403 1412 1419 1422 1423 1425 1435 1440 1446 1455 1458 1464 1469 1480 1506 1524 1529 1544 1565 1584 1606 1614 1619 1645 1652 1660 1673 1683 1722 1726 1734 1766 1787 1790 1792 1793 1797 1808 1818 1823 1839 1851 1860 1871 1882 1898 1901 1937 1963 1967 1976 1983 1986 1991 2005 2023 2025 2037 2045 2049 2057 2063 2078
5,92,CG-MOACO,area_s5_t300,0.26732209737827717,1722.9434957435815,0.8,1 7 9 26 31 38 55 68 80 86 91 102 105 111 114 132 137 141 153 155 175 176 180 215 220 252 257 263 270 292 300 308 311 313 317 334 344 348 351 362 379 393 410 415 432 450 458 464 465 475 486 495 514 525 562 566 578 583 592 593 599 602 605 611 615 635 637 653 685 692 693 705 708 716 734 741 760 771 776 790 802 806 812 825 842 860 862 875 877 910 911 917 929 941 946 947 957 967 968 982 991 994 1022 1027 1032 1036 1039 1053 1060 1064 1073 1104 1105 1126 1137 1143 1162 1173 1187 1189 1199 1202 1204 1223 1237 1264 1278 1296 1310 1318 1334 1336 1339 1368 1370 1375 1378 1383 1403 1412 1419 1423 1434 1435 1440 1446 1455 1482 1487 1524 1529 1544 1559 1569 1580 1584 1587 1606 1614 1615 1618 1643 1645 1648 1649 1652 1660 1701 1705 1720 1732 1735 1738 1747 1749 1756 1766 1773 1779 1793 1797 1804 1818 1820 1823 1827 1836 1842 1882 1888 1909 1922 1940 1945 1963 1965 1983 1991 2006 2008 2023 2027 2038 2057 2061 2063 2083
5,93,CG-MOACO,area_s5_t300,0.27434456928838946,1662.0521227931235,2.6076809620810595,1 9 19 40 42 55 65 80 91 96 102 106 118 137 153 156 176 179 182 200 220 223 231 235 252 257 259 263 270 285 306 307 308 311 312 317 336 344 369 370 379 393 403 415 428 440 450 452 458 464 465 475 485 517 528 543 558 583 584 593 607 612 615 626 650 654 658 676 685 692 700 708 711 716 735 741 760 771 772 776 790 802 825 836 842 860 875 877 900 902 910 911 915 917 929 937 941 957 967 972 973 978 982 1001 1012 1032 1039 1062 1065 1086 1104 1105 1117 1127 1137 1143 1160 1173 1199 1223 1228 1237 1259 1264 1279 1323 1336 1339 1346 1361 1375 1378 1383 1385 1392 1395 1403 1404 1412 1419 1430 1434 1436 1440 1455 1478 1524 1529 1544 1571 1576 1580 1599 1605 1636 1643 1645 1649 1652 1654 1660 1705 1718 1720 1735 1756 1781 1788 1789 1793 1797 1805 1808 1811 1815 1818 1839 1840 1842 1847 1854 1860 1866 1867 1878 1882 1887 1901 1909 1922 1963 1966 1967 1983 1986 2006 2014 2023 2025 2038 2046 2058 2063 2076 2083
5,94,CG-MOACO,area_s5_t300,0.28417602996254676,1637.8401325164207,1.16619037896906,9 24 28 31 38 42 43 71 78 80 86 98 99 102 137 143 165 167 172 175 176 180 220 252 257 263 270 275 284 285 316 336 344 348 349 355 362 371 379 440 449 450 464 465 475 480 483 508 510 528 559 562 593 599 605 611 615 626 648 650 659 685 687 700 708 719 734 738 750 760 771 790 802 806 807 808 812 815 825 836 841 848 862 868 877 880 885 910 911 917 929 941 947 956 957 960 968 978 982 987 999 1012 1017 1036 1039 1058 1060 1068 1089 1105 1127 1137 1139 1143 1158 1173 1183 1199 1202 1237 1244 1245 1261 1264 1266 1296 1310 1314 1334 1336 1339 1361 1363 1367 1378 1383 1385 1403 1404 1412 1422 1423 1426 1436 1440 1453 1469 1478 1480 1490 1494 1524 1529 1544 1565 1578 1608 1618 1645 1648 1650 1652 1705 1732 1735 1747 1756 1769 1774 1777 1787 1792 1797 1808 1813 1829 1845 1854 1873 1882 1883 1888 1901 1924 1944 1963 1965 1980 1983 1989 2001 2006 2023 2033 2036 2045 2046 2047 2058 2063 2082
5,95,CG-MOACO,area_s5_t300,0.2991573033707865,1599.1901884922634,0.4,0 7 38 47 61 80 98 99 102 106 114 134 165 174 175 179 182 189 196 198 202 220 247 252 257 264 270 278 284 292 306 310 317 344 358 369 371 379 393 415 426 429 440 450 461 465 475 484 495 496 506 508 528 533 537 543 555 558 559 579 583 594 595 626 637 650 654 675 679 700 716 719 734 740 770 771 775 802 806 858 860 877 879 892 894 910 911 916 929 941 957 967 973 977 982 999 1001 1012 1024 1027 1037 1039 1056 1060 1065 1073 1097 1126 1143 1160 1161 1167 1170 1191 1199 1205 1223 1228 1257 1264 1268 1279 1296 1308 1310 1323 1334 1336 1339 1370 1375 1376 1384 1403 1412 1419 1423 1435 1445 1448 1469 1482 1528 1529 1537 1544 1554 1559 1576 1580 1584 1599 1643 1645 1649 1652 1654 1672 1683 1700 1732 1735 1747 1756 1775 1787 1797 1808 1813 1823 1829 1835 1842 1854 1860 1882 1888 1916 1924 1937 1963 1965 1976 1983 1996 2006 2023 2025 2038 2044 2049 2058 2063 2076 2078 2083
5,96,CG-MOACO,area_s5_t300,0.28043071161048694,1658.13670733581,1.7204650534085253,1 9 24 31 38 40 47 77 80 91 98 99 102 106 121 132 137 139 143 165 175 176 180 191 197 220 235 252 257 263 278 285 306 315 316 371 379 393 395 403 413 415 424 431 450 461 465 475 500 503 528 543 545 560 562 575 583 588 591 593 611 613 626 651 654 675 700 719 723 741 747 755 771 772 806 814 825 828 860 862 870 877 885 910 911 929 939 943 978 980 991 1000 1016 1018 1024 1037 1039 1056 1062 1064 1070 1077 1086 1089 1097 1102 1124 1127 1137 1149 1158 1162 1183 1187 1199 1202 1219 1222 1237 1251 1262 1264 1276 1280 1303 1310 1318 1320 1323 1334 1339 1343 1375 1376 1383 1398 1403 1404 1411 1412 1419 1422 1423 1434 1435 1440 1455 1456 1469 1487 1496 1520 1529 1544 1554 1559 1565 1606 1645 1649 1652 1673 1719 1729 1732 1735 1738 1747 1756 1776 1787 1797 1808 1813 1815 1854 1860 1878 1883 1901 1926 1959 1963 1965 1976 1983 1989 2001 2006 2008 2014 2018 2023 2026 2038 2046 2047 2049 2055 2057 2063
6,0,CG-MOACO,area_s5_t300,0.40917602996254676,1468.2728830016147,1.8330302779823362,5 17 31 39 56 71 79 88 91 105 117 120 135 137 143 160 165 175 176 204 220 239 252 257 261 277 285 308 317 319 325 356 359 391 413 414 415 438 485 497 528 537 550 559 562 581 591 600 601 608 617 650 651 654 675 685 700 708 711 723 729 741 745 757 776 787 802 819 825 828 862 870 877 894 906 925 934 936 981 991 995 998 1001 1039 1055 1085 1090 1104 1105 1109 1113 1117 1127 1141 1143 1162 1164 1173 1199 1231 1233 1234 1237 1258 1261 1276 1279 1323 1336 1338 1339 1383 1387 1392 1394 1399 1403 1411 1415 1435 1438 1449 1456 1461 1478 1486 1494 1523 1544 1581 1608 1615 1627 1637 1650 1652 1673 1703 1714 1718 1720 1732 1739 1747 1751 1765 1769 1781 1797 1800 1866 1871 1896 1902 1912 1923 1946 1952 1983 1987 1991 2029 2046 2047 2063 2071
6,1,CG-MOACO,area_s5_t300,0.38717228464419473,1489.231346589297,0.8,1 9 39 40 41 47 49 58 61 64 67 88 102 109 110 143 175 176 189 191 206 241 249 252 284 285 291 308 317 327 334 337 354 379 391 415 440 466 496 529 533 535 546 553 562 563 578 591 593 606 615 625 638 651 680 700 708 721 735 745 748 760 771 787 802 804 808 815 828 849 857 860 894 905 911 936 941 948 952 972 977 980 999 1001 1039 1041 1060 1071 1084 1085 1089 1101 1104 1126 1139 1179 1183 1188 1191 1208 1233 1234 1237 1264 1267 1298 1303 1307 1308 1310 1334 1336 1339 1345 1370 1384 1412 1418 1422 1423 1434 1437 1445 1448 1450 1455 1457 1459 1492 1504 1540 1544 1616 1617 1642 1649 1655 1683 1708 1731 1739 1747 1749 1756 1763 1765 1774 1797 1800 1809 1815 1823 1831 1840 1869 1882 1888 1896 1928 1929 1940 1945 1946 1963 1983 1991 1996 2006 2023 2037 2045 2057 2063
6,2,CG-MOACO,area_s5_t300,0.40777153558052437,1457.6196964529577,3.4985711369071804,5 9 26 29 36 65 69 89 91 98 105 109 120 129 137 144 148 165 171 175 182 190 199 204 211 219 261 277 283 307 308 311 317 331 334 351 398 412 423 425 431 465 471 497 525 532 537 545 554 562 571 593 605 607 613 649 700 708 750 771 774 776 782 791 793 817 821 830 862 868 874 903 908 911 912 914 916 929 959 981 991 996 1000 1008 1036 1041 1044 1045 1056 1062 1068 1070 1073 1077 1079 1162 1168 1187 1199 1202 1204 1223 1248 1262 1264 1269 1305 1310 1314 1320 1334 1364 1375 1383 1398 1403 1404 1406 1412 1419 1422 1423 1434 1435 1440 1465 1483 1487 1509 1528 1542 1544 1597 1614 1618 1629 1632 1641 1697 1700 1708 1710 1739 1747 1755 1779 1797 1813 1849 1851 1877 1882 1888 1902 1947 1952 1961 1964 1983 1995 2001 2005 2008 2037 2046 2058 2067 2081
6,3,CG-MOACO,area_s5_t300,0.4199438202247191,1435.9463996853851,3.9698866482558417,1 5 9 14 18 31 38 47 63 85 109 114 117 137 141 157 175 176 205 209 219 241 243 265 277 278 285 287 306 307 311 323 336 337 369 379 386 410 433 437 445 465 466 478 485 500 507 508 528 542 559 562 580 591 593 605 608 624 626 629 641 651 676 700 708 711 714 729 740 744 760 771 792 815 829 847 884 895 902 911 925 942 957 963 975 980 998 1012 1022 1024 1028 1037 1057 1070 1075 1097 1102 1142 1144 1155 1173 1197 1200 1226 1237 1241 1279 1288 1303 1310 1334 1354 1356 1361 1378 1383 1404 1412 1414 1422 1427 1436 1437 1440 1459 1468 1535 1544 1574 1595 1604 1606 1621 1637 1645 1647 1670 1673 1685 1701 1708 1738 1751 1755 1765 1787 1806 1808 1824 1839 1844 1845 1851 1871 1897 1901 1907 1978 1983 2008 2037 2045 2057 2064
6,4,CG-MOACO,area_s5_t300,0.39840823970037453,1462.5827389576127,2.7129319932501077,19 31 32 55 80 115 134 137 142 157 176 185 188 189 193 196 215 218 220 226 245 252 264 270 284 285 287 303 306 307 311 317 323 329 369 379 390 417 434 443 496 500 508 515 554 562 572 580 585 609 619 637 674 676 680 697 699 716 726 740 770 772 789 811 815 825 843 853 855 862 868 870 876 877 916 929 935 941 943 957 979 980 1001 1016 1038 1045 1051 1062 1064 1105 1123 1143 1158 1162 1164 1175 1199 1218 1222 1237 1242 1260 1264 1289 1297 1304 1318 1320 1323 1327 1333 1339 1342 1361 1376 1377 1384 1398 1403 1404 1419 1425 1430 1448 1451 1458 1483 1490 1544 1551 1639 1645 1648 1652 1711 1718 1756 1779 1786 1787 1789 1792 1796 1815 1820 1839 1842 1856 1867 1873 1877 1882 1909 1932 1937 1954 1983 2001 2006 2008 2023 2026 2028 2045 2047 2058 2060 2063 2083
6,5,CG-MOACO,area_s5_t300,0.36704119850187267,1543.025794895939,0.8,19 28 80 87 90 129 137 171 173 175 176 182 191 201 203 215 217 220 223 239 252 261 270 278 297 306 308 311 313 317 356 371 373 411 412 415 440 451 465 467 477 484 486 496 529 533 547 548 554 558 564 571 578 605 607 653 668 685 700 711 719 740 749 760 790 799 806 808 812 825 860 862 879 885 910 911 913 921 925 941 950 954 971 973 980 999 1000 1028 1037 1056 1062 1064 1078 1085 1086 1097 1108 1143 1157 1187 1189 1197 1199 1202 1223 1237 1258 1262 1264 1289 1292 1295 1302 1318 1339 1346 1352 1354 1361 1370 1375 1378 1392 1394 1412 1419 1433 1434 1440 1448 1475 1483 1544 1564 1574 1584 1591 1599 1610 1627 1634 1645 1652 1659 1660 1672 1704 1731 1747 1749 1756 1788 1790 1797 1802 1823 1824 1840 1842 1851 1860 1881 1898 1901 1922 1931 1945 1962 1963 1965 1979 1983 1989 2015 2018 2023 2037 2074
6,6,CG-MOACO,area_s5_t300,0.37593632958801493,1512.8123655563259,1.6733200530681511,9 19 24 26 31 54 80 82 98 105 137 152 154 175 176 179 191 204 210 213 214 236 252 261 285 288 292 306 310 332 356 358 377 391 393 398 404 409 420 427 429 434 452 476 480 483 496 497 537 543 545 546 562 579 583 591 626 627 638 650 656 676 681 700 708 722 728 734 760 775 790 795 862 873 884 910 911 916 927 929 935 936 943 966 967 982 988 996 1018 1041 1056 1060 1067 1114 1143 1154 1160 1164 1168 1183 1200 1202 1203 1219 1234 1264 1278 1304 1311 1338 1339 1344 1372 1376 1379 1384 1390 1394 1401 1408 1419 1423 1435 1440 1445 1448 1470 1490 1531 1554 1575 1582 1601 1602 1615 1616 1641 1645 1654 1655 1671 1673 1711 1718 1733 1756 1778 1792 1794 1800 1808 1819 1823 1839 1842 1848 1851 1854 1856 1860 1872 1882 1896 1953 1959 1979 1983 1988 1995 2008 2019 2026 2027 2037 2057
6,7,CG-MOACO,area_s5_t300,0.3679775280898876,1537.0547154976437,1.16619037896906,5 18 26 38 40 59 67 73 76 80 102 114 119 124 125 137 143 144 165 170 175 176 211 218 221 223 252 261 277 287 290 306 307 317 343 369 392 455 465 481 486 497 506 515 535 542 558 561 562 583 594 598 607 613 615 626 656 670 677 708 712 734 748 760 772 776 786 789 790 799 802 804 828 858 860 862 879 908 910 911 920 936 941 948 955 957 965 974 982 1000 1027 1035 1036 1039 1041 1064 1068 1079 1105 1117 1139 1143 1146 1158 1187 1200 1229 1231 1245 1254 1262 1268 1278 1293 1308 1319 1336 1346 1367 1387 1405 1412 1419 1422 1430 1434 1436 1440 1441 1445 1475 1483 1526 1527 1536 1544 1579 1584 1585 1627 1636 1637 1645 1648 1652 1655 1704 1708 1717 1720 1749 1750 1751 1765 1768 1802 1804 1808 1823 1827 1829 1840 1846 1853 1867 1871 1901 1924 1940 1945 1978 1983 1987 1989 1995 2006 2008 2009 2012 2047 2057
6,8,CG-MOACO,area_s5_t300,0.3890449438202247,1512.0503254434634,0.4,13 24 31 49 66 71 78 83 96 105 137 139 150 173 175 176 189 190 215 230 236 242 246 249 252 258 269 317 330 356 378 380 386 391 412 415 431 445 450 454 461 470 516 525 537 546 558 570 577 579 592 593 605 608 609 637 650 694 700 705 708 711 715 716 719 741 760 776 790 815 860 862 871 885 890 911 915 918 929 941 945 956 957 967 980 999 1000 1022 1024 1059 1060 1079 1109 1152 1158 1162 1166 1183 1189 1199 1202 1204 1225 1232 1237 1260 1264 1275 1280 1305 1310 1327 1333 1334 1344 1378 1383 1391 1394 1403 1416 1423 1436 1453 1466 1494 1508 1529 1541 1542 1562 1574 1584 1606 1608 1637 1641 1652 1654 1660 1670 1671 1697 1708 1728 1750 1770 1778 1781 1784 1787 1797 1839 1842 1851 1860 1867 1871 1882 1883 1889 1896 1909 1947 1963 1983 1995 2001 2020 2023 2031 2045 2058 2077
6,9,CG-MOACO,area_s5_t300,0.36891385767790263,1522.0744970236767,0.9797958971132712,9 28 38 53 59 68 80 99 114 137 144 152 153 157 165 175 176 182 184 189 200 211 215 220 245 261 284 311 313 317 330 343 369 377 391 392 415 438 450 461 466 481 508 515 520 550 552 562 588 594 608 613 615 650 651 669 679 700 705 708 719 729 734 760 763 771 772 786 802 807 815 825 829 868 878 879 890 894 905 908 910 911 913 929 936 941 944 946 947 954 967 978 987 1001 1027 1036 1039 1062 1070 1075 1107 1114 1158 1182 1200 1212 1229 1234 1237 1248 1261 1264 1268 1295 1308 1310 1323 1326 1334 1339 1340 1343 1375 1376 1378 1382 1419 1423 1436 1441 1445 1469 1482 1498 1527 1536 1552 1562 1583 1602 1606 1615 1645 1648 1652 1685 1691 1700 1711 1747 1779 1797 1800 1802 1806 1823 1827 1829 1840 1842 1846 1850 1860 1865 1888 1932 1946 1963 1983 1994 2003 2005 2008 2009 2012 2021 2038 2057 2082
6,10,CG-MOACO,area_s5_t300,0.3904494382022472,1487.7457879839571,1.4142135623730951,1 13 31 38 79 80 86 103 105 137 149 157 167 170 175 180 184 189 215 220 236 252 256 261 276 284 285 306 309 311 317 362 369 371 395 412 450 465 477 500 529 532 541 547 548 552 555 562 578 586 592 594 599 602 605 611 616 654 671 687 706 719 734 760 766 775 776 790 796 814 828 862 871 876 884 917 936 938 941 947 958 967 976 978 980 1007 1017 1024 1035 1037 1062 1093 1107 1112 1123 1127 1128 1141 1143 1158 1162 1200 1221 1222 1237 1259 1264 1266 1276 1280 1283 1294 1296 1302 1339 1350 1360 1372 1384 1403 1404 1412 1413 1422 1457 1469 1480 1494 1524 1544 1588 1596 1608 1616 1638 1645 1648 1651 1663 1703 1710 1724 1726 1731 1747 1749 1756 1765 1768 1848 1867 1873 1892 1937 1945 1952 1955 1965 1983 2001 2006 2009 2014 2020 2027 2034 2046 2057 2063 2080
6,11,CG-MOACO,area_s5_t300,0.3946629213483146,1482.805804174854,1.16619037896906,9 23 41 76 80 83 98 114 135 144 152 165 172 176 178 182 200 215 218 252 261 275 278 285 288 307 317 327 332 351 369 391 398 440 443 449 450 453 465 504 516 536 554 561 562 565 580 593 607 616 648 654 666 700 708 716 720 750 756 760 771 790 804 807 809 811 831 843 868 875 886 887 910 911 919 929 943 945 978 981 1001 1016 1024 1036 1041 1056 1057 1062 1086 1139 1143 1149 1163 1188 1199 1204 1205 1213 1218 1237 1244 1257 1264 1300 1308 1310 1313 1319 1325 1327 1331 1334 1339 1361 1376 1385 1391 1404 1419 1422 1423 1435 1440 1441 1490 1494 1524 1535 1541 1551 1562 1565 1602 1615 1645 1652 1653 1710 1726 1735 1747 1749 1757 1773 1779 1787 1797 1803 1806 1809 1854 1860 1888 1926 1928 1932 1937 1945 1980 1981 1983 2001 2003 2006 2009 2012 2016 2025 2046 2047 2064
6,12,CG-MOACO,area_s5_t300,0.38295880149812733,1507.9940706725463,0.8944271909999159,6 40 47 55 63 66 67 80 97 101 111 137 141 150 152 159 175 176 182 198 202 219 229 252 256 261 270 274 285 306 335 359 370 406 424 431 440 442 464 465 517 532 537 543 554 570 580 593 595 602 616 631 643 646 654 656 676 695 708 710 713 734 741 742 757 760 776 790 801 825 842 860 867 871 878 902 915 932 957 960 976 978 998 1001 1024 1036 1045 1062 1064 1072 1078 1105 1139 1143 1144 1173 1187 1199 1202 1212 1223 1225 1226 1237 1264 1288 1298 1314 1323 1334 1336 1338 1339 1343 1344 1349 1354 1366 1377 1384 1400 1404 1409 1422 1423 1440 1445 1448 1464 1483 1490 1554 1576 1599 1606 1644 1645 1652 1654 1655 1660 1717 1735 1738 1740 1756 1776 1779 1787 1797 1815 1839 1858 1860 1868 1881 1888 1924 1957 1959 1965 1967 1968 1983 1989 1991 1995 2006 2010 2014 2026 2032 2038 2058 2063
6,13,CG-MOACO,area_s5_t300,0.3623595505617978,1526.1239342554973,1.7435595774162693,9 31 38 69 80 88 102 120 129 137 152 154 157 175 176 180 184 197 205 214 233 252 261 264 288 308 317 332 334 351 371 378 395 398 400 414 415 440 445 449 450 470 497 508 528 554 559 582 589 593 602 605 609 612 615 622 626 629 638 644 650 654 664 676 692 700 701 723 741 760 773 790 806 841 846 852 868 875 878 885 887 889 905 911 916 935 936 956 980 991 1002 1039 1060 1072 1102 1111 1123 1127 1128 1137 1143 1151 1162 1172 1173 1187 1199 1205 1218 1237 1262 1264 1278 1294 1304 1336 1339 1350 1352 1364 1369 1370 1383 1386 1392 1394 1398 1402 1412 1424 1427 1440 1460 1494 1524 1529 1544 1607 1612 1637 1638 1648 1652 1705 1711 1717 1724 1732 1738 1756 1789 1792 1796 1808 1838 1839 1848 1860 1867 1882 1924 1947 1957 1966 1983 1991 1996 2000 2008 2014 2016 2023 2045 2047 2058 2063 2082 2083
6,14,CG-MOACO,area_s5_t300,0.37125468164794007,1519.4813883198747,1.2,9 47 55 59 80 88 97 111 129 137 143 152 172 175 176 182 208 212 215 219 220 226 230 235 278 284 308 313 317 332 334 336 356 379 386 413 424 465 485 486 500 528 558 560 578 580 593 607 616 648 650 654 656 658 669 671 675 681 694 700 701 708 716 722 740 764 772 775 776 815 830 842 858 877 895 903 910 911 920 929 941 978 982 995 999 1001 1012 1024 1037 1039 1060 1078 1079 1115 1127 1129 1139 1143 1164 1187 1198 1202 1221 1223 1234 1237 1241 1264 1279 1285 1288 1292 1310 1325 1331 1334 1339 1361 1368 1374 1385 1389 1395 1408 1412 1420 1435 1448 1455 1497 1511 1527 1544 1571 1574 1596 1599 1608 1641 1645 1653 1660 1672 1676 1683 1703 1710 1719 1747 1756 1773 1781 1787 1797 1805 1808 1813 1815 1822 1823 1833 1860 1866 1867 1874 1882 1883 1900 1909 1928 1947 1952 1963 1983 1991 2058 2063
6,15,CG-MOACO,area_s5_t300,0.36048689138576784,1561.4811025473614,0.6324555320336759,1 9 31 47 80 86 99 105 114 129 132 137 156 165 175 176 189 199 208 209 218 226 230 249 252 257 265 266 272 284 290 311 334 358 371 379 410 432 440 497 508 526 533 537 559 579 591 593 595 605 608 612 615 617 626 629 650 686 694 696 705 712 716 728 734 740 802 804 806 814 821 825 831 842 862 865 884 890 897 910 911 913 918 929 936 941 958 996 1001 1008 1020 1033 1055 1060 1070 1104 1123 1137 1163 1167 1169 1183 1187 1199 1222 1225 1234 1236 1258 1264 1279 1292 1300 1304 1323 1339 1370 1378 1393 1394 1402 1403 1406 1412 1435 1442 1460 1463 1465 1483 1487 1490 1493 1518 1544 1565 1580 1584 1615 1616 1641 1645 1649 1652 1660 1697 1711 1718 1724 1734 1738 1747 1763 1779 1787 1792 1793 1803 1812 1823 1830 1836 1842 1879 1886 1896 1900 1924 1937 1978 1983 1991 2006 2008 2019 2027 2037 2057 2063 2083
6,16,CG-MOACO,area_s5_t300,0.35580524344569286,1532.6704907769756,1.7888543819998317,1 5 9 31 38 47 71 80 88 102 117 119 120 137 141 143 161 175 176 179 189 191 205 220 221 241 265 277 284 285 292 308 317 334 371 379 391 395 413 420 440 442 450 470 544 560 579 592 593 598 605 613 614 622 625 643 651 654 661 664 676 700 708 711 734 740 743 771 775 776 789 802 807 821 831 841 871 890 902 905 911 935 936 941 947 956 978 982 989 1001 1017 1029 1062 1084 1089 1101 1127 1133 1137 1139 1143 1146 1162 1187 1199 1202 1209 1232 1241 1258 1262 1264 1268 1297 1300 1304 1308 1311 1318 1336 1338 1350 1352 1384 1394 1399 1403 1409 1412 1425 1448 1483 1495 1523 1532 1538 1542 1544 1584 1598 1603 1639 1647 1677 1691 1711 1718 1738 1750 1751 1756 1769 1793 1797 1806 1808 1822 1823 1839 1842 1882 1888 1901 1952 1966 1983 1991 1995 2006 2008 2011 2018 2023 2025 2029 2037 2047 2057 2063 2082
6,17,CG-MOACO,area_s5_t300,0.34784644194756553,1539.4596405941877,0.8944271909999159,5 20 38 47 55 80 90 102 106 117 122 123 124 126 136 137 144 154 157 162 170 175 176 182 189 215 252 257 265 277 278 285 288 308 317 371 399 412 424 429 430 434 440 450 457 465 489 508 525 543 545 561 562 593 598 613 615 619 624 700 708 738 741 744 749 766 767 771 773 802 806 812 824 827 841 850 853 860 862 879 890 892 894 910 915 926 941 957 967 991 1012 1028 1037 1039 1042 1056 1064 1068 1078 1127 1139 1143 1164 1170 1173 1179 1187 1199 1208 1237 1262 1270 1278 1297 1310 1328 1334 1336 1339 1386 1403 1408 1412 1414 1419 1420 1429 1435 1445 1446 1448 1458 1482 1486 1489 1494 1495 1520 1544 1554 1565 1627 1637 1638 1645 1648 1652 1670 1708 1725 1733 1749 1756 1766 1772 1779 1787 1797 1810 1812 1823 1839 1851 1867 1882 1900 1937 1945 1951 1953 1959 1966 1967 1983 1991 2001 2006 2018 2023 2036 2037 2045 2057 2061 2064
6,18,CG-MOACO,area_s5_t300,0.35159176029962547,1530.4937342670355,1.9595917942265424,1 5 9 14 31 36 47 80 86 102 106 112 132 137 144 157 166 175 181 210 219 235 237 241 278 284 291 292 307 308 311 317 319 334 379 391 395 415 424 440 455 461 465 507 532 542 560 562 593 605 607 609 613 615 626 629 659 693 700 708 711 713 716 734 741 760 771 776 782 787 790 808 825 829 867 872 877 885 910 911 929 941 946 947 965 967 978 980 986 1009 1037 1062 1065 1068 1089 1096 1126 1137 1158 1163 1168 1171 1177 1189 1199 1202 1205 1218 1222 1237 1243 1264 1268 1278 1293 1304 1318 1327 1338 1350 1371 1375 1376 1378 1383 1398 1403 1412 1419 1422 1423 1424 1430 1434 1435 1440 1442 1454 1456 1474 1487 1508 1519 1529 1544 1584 1631 1645 1648 1652 1662 1673 1718 1720 1735 1738 1745 1750 1776 1800 1808 1823 1835 1839 1851 1854 1871 1901 1909 1941 1963 1966 1973 1983 1995 2005 2008 2026 2035 2038 2044 2057 2076
6,19,CG-MOACO,area_s5_t300,0.3595505617977528,1513.9654361302971,1.8973665961010275,1 4 31 36 47 59 61 80 86 90 98 125 129 137 141 143 148 152 165 175 181 189 209 220 236 257 261 269 278 285 308 312 334 337 371 395 458 461 465 525 528 530 533 562 575 583 602 607 612 617 626 642 650 680 708 719 734 760 771 772 775 776 790 796 802 817 820 825 829 831 833 843 846 862 894 903 905 910 911 913 921 929 941 959 961 980 991 995 1000 1020 1060 1066 1081 1089 1105 1118 1126 1139 1143 1158 1162 1173 1187 1199 1211 1223 1237 1254 1264 1277 1280 1290 1292 1304 1308 1323 1334 1352 1359 1373 1376 1380 1384 1404 1412 1423 1430 1455 1463 1494 1496 1520 1527 1535 1541 1542 1568 1574 1577 1643 1652 1653 1672 1708 1718 1726 1738 1747 1756 1787 1792 1797 1815 1825 1826 1842 1854 1856 1858 1860 1866 1876 1883 1888 1895 1900 1928 1940 1941 1963 1983 1989 2009 2018 2037 2045 2046 2058 2063 2080
6,20,CG-MOACO,area_s5_t300,0.37687265917602997,1498.3574768427045,2.039607805437114,9 31 47 56 58 66 80 88 102 105 129 137 144 175 176 201 215 219 251 276 278 284 291 305 317 325 326 348 379 395 411 412 415 429 440 450 458 465 468 477 514 528 537 552 559 562 578 582 583 593 602 608 611 622 648 649 659 668 700 731 760 771 775 776 787 790 802 806 814 847 867 897 902 915 934 949 967 976 978 980 991 998 1001 1016 1024 1039 1041 1060 1066 1080 1105 1123 1127 1132 1137 1139 1143 1158 1162 1187 1189 1199 1223 1237 1259 1262 1264 1278 1304 1307 1336 1339 1352 1362 1370 1372 1376 1383 1385 1386 1398 1403 1411 1412 1416 1419 1440 1453 1455 1469 1483 1494 1524 1529 1544 1584 1599 1614 1645 1648 1652 1701 1708 1747 1749 1756 1768 1769 1775 1777 1781 1782 1785 1797 1808 1823 1833 1860 1867 1890 1901 1909 1943 1945 1961 1965 1983 1991 1995 2009 2018 2037 2057 2063
6,21,CG-MOACO,area_s5_t300,0.34503745318352064,1554.4174686191254,1.7435595774162693,1 31 40 47 61 80 88 98 137 149 154 157 175 176 184 191 200 206 218 220 226 230 249 252 257 261 272 278 298 308 316 327 334 336 358 371 378 391 398 415 437 440 458 465 484 524 528 543 552 554 562 583 593 596 599 605 608 650 651 656 669 694 700 708 711 721 734 741 760 771 776 790 802 828 836 846 857 862 870 884 909 913 916 941 947 957 980 990 991 998 1000 1019 1024 1039 1086 1092 1105 1126 1142 1143 1158 1175 1187 1198 1202 1226 1237 1244 1260 1262 1264 1289 1302 1304 1318 1323 1327 1339 1344 1352 1354 1355 1369 1370 1376 1383 1394 1399 1412 1425 1458 1468 1483 1486 1492 1529 1584 1599 1606 1616 1637 1639 1645 1647 1652 1660 1670 1703 1717 1738 1756 1769 1776 1780 1787 1797 1806 1808 1823 1839 1842 1874 1882 1888 1900 1924 1947 1953 1959 1963 1966 1967 1983 1991 2005 2016 2023 2026 2027 2045 2058 2063
6,22,CG-MOACO,area_s5_t300,0.33192883895131087,1573.3167813045277,0.7483314773547882,1 14 19 47 73 80 98 99 102 111 120 137 143 148 158 175 191 202 206 219 223 252 270 278 285 306 308 311 324 337 356 362 370 379 386 391 411 440 453 457 465 486 496 497 529 532 547 552 558 593 599 615 626 629 638 676 685 700 701 706 711 728 734 740 749 760 770 776 790 808 812 820 829 860 872 877 897 910 911 915 917 921 929 935 941 957 973 980 987 1001 1010 1016 1017 1039 1060 1064 1065 1069 1089 1105 1127 1137 1143 1156 1158 1173 1183 1188 1202 1223 1237 1257 1264 1278 1304 1308 1311 1318 1329 1334 1336 1339 1361 1373 1375 1376 1378 1384 1398 1403 1404 1419 1422 1423 1430 1448 1455 1483 1504 1524 1529 1535 1567 1581 1614 1615 1617 1652 1660 1673 1718 1720 1749 1756 1777 1797 1808 1815 1824 1839 1840 1857 1882 1884 1889 1922 1940 1963 1965 1967 1983 1987 1988 1991 2001 2008 2018 2036 2038 2046 2052 2055 2057 2063 2074 2080
6,23,CG-MOACO,area_s5_t300,0.3160112359550562,1623.7773648540378,0.4898979485566356,1 9 36 38 47 80 82 86 102 105 106 108 137 157 160 175 182 184 189 191 202 206 210 215 219 220 245 270 278 308 311 317 334 337 348 379 391 405 410 420 423 440 454 458 465 497 528 533 537 541 547 559 562 578 583 593 598 608 625 651 656 664 674 676 691 700 711 718 731 741 743 749 760 773 776 790 802 829 860 862 885 887 903 905 911 921 925 929 939 957 965 967 968 991 999 1016 1024 1028 1039 1051 1058 1060 1086 1105 1127 1137 1143 1158 1173 1183 1187 1199 1201 1202 1223 1228 1237 1262 1264 1268 1279 1281 1293 1303 1310 1318 1329 1331 1334 1342 1362 1375 1383 1395 1403 1404 1406 1412 1419 1422 1423 1436 1480 1487 1524 1527 1529 1544 1574 1638 1643 1645 1647 1650 1652 1673 1704 1708 1720 1749 1750 1765 1769 1788 1793 1797 1808 1810 1827 1829 1836 1871 1882 1896 1901 1923 1937 1952 1963 1965 1983 1989 1991 1995 2008 2018 2023 2027 2037 2046 2047 2057 2063
6,24,CG-MOACO,area_s5_t300,0.29868913857677903,1612.976243677336,1.2649110640673518,1 31 47 59 80 98 102 106 137 143 153 154 165 175 176 178 189 191 215 249 252 256 263 265 270 284 285 292 311 317 325 330 334 337 342 370 379 398 432 440 443 453 464 465 477 480 486 496 508 537 541 543 559 562 580 591 593 605 608 611 612 615 616 641 650 676 711 716 734 740 760 771 775 790 802 806 811 825 835 860 862 870 910 916 917 929 936 939 941 943 957 968 982 1019 1028 1036 1039 1045 1051 1068 1070 1077 1089 1105 1126 1137 1143 1158 1162 1173 1183 1184 1187 1189 1199 1202 1223 1225 1237 1257 1262 1264 1291 1294 1295 1297 1308 1318 1336 1339 1376 1383 1398 1403 1408 1412 1416 1419 1423 1425 1437 1458 1469 1480 1483 1486 1487 1524 1529 1531 1544 1566 1571 1626 1645 1652 1654 1660 1673 1708 1718 1726 1732 1747 1756 1765 1787 1792 1797 1806 1808 1812 1823 1842 1845 1851 1858 1882 1900 1954 1963 1965 1983 1987 1991 2008 2018 2026 2037 2045 2049 2057 2063 2080 2083
6,25,CG-MOACO,area_s5_t300,0.31367041198501877,1578.3895443210477,2.4979991993593593,1 31 42 65 79 80 98 102 106 117 134 137 175 176 189 206 215 218 220 226 230 252 256 261 270 272 277 285 289 292 308 311 317 334 343 361 371 391 395 410 432 433 438 440 450 453 464 478 507 508 516 542 552 555 562 578 580 586 592 593 611 612 615 654 676 705 708 716 731 734 740 760 771 775 790 802 808 814 831 862 910 911 913 929 936 941 946 947 957 958 961 971 978 982 987 994 1001 1017 1036 1039 1062 1064 1072 1080 1089 1104 1127 1137 1143 1158 1162 1175 1187 1189 1199 1202 1222 1234 1237 1262 1264 1278 1296 1308 1311 1320 1323 1334 1338 1339 1364 1370 1377 1383 1403 1422 1423 1429 1434 1442 1457 1483 1487 1490 1528 1535 1544 1554 1565 1569 1574 1584 1593 1599 1608 1627 1645 1647 1652 1660 1673 1705 1708 1711 1718 1731 1735 1747 1756 1779 1792 1793 1818 1823 1827 1829 1860 1866 1870 1896 1909 1924 1940 1941 1963 1984 1991 2008 2025 2027 2045 2057 2063
6,26,CG-MOACO,area_s5_t300,0.276685393258427,1659.6063037871781,2.5612496949731396,1 15 31 47 63 80 86 90 98 99 102 106 110 114 125 132 137 142 152 153 175 179 189 220 245 252 257 261 270 273 276 284 292 311 317 334 377 391 410 420 440 453 461 465 496 508 528 537 543 554 559 562 571 588 593 602 605 608 613 617 626 637 676 700 708 711 713 716 734 738 740 771 802 812 821 825 831 846 862 868 885 905 910 911 941 945 946 957 978 980 991 1001 1015 1020 1024 1032 1036 1039 1056 1062 1064 1086 1089 1105 1114 1126 1137 1143 1158 1162 1164 1167 1170 1173 1183 1187 1199 1202 1204 1223 1261 1264 1279 1296 1304 1318 1323 1329 1336 1339 1347 1354 1361 1369 1375 1376 1383 1385 1394 1412 1419 1423 1426 1434 1436 1469 1475 1478 1483 1490 1529 1531 1544 1565 1603 1606 1612 1627 1638 1643 1645 1648 1652 1672 1683 1700 1708 1718 1719 1726 1732 1756 1769 1777 1797 1808 1823 1835 1839 1842 1845 1853 1860 1882 1888 1922 1923 1961 1963 1967 1983 1987 1991 2006 2018 2024 2026 2037 2039 2045 2058 2063 2080 2083
6,27,CG-MOACO,area_s5_t300,0.28136704119850187,1640.9740308533908,3.9698866482558417,1 9 38 40 47 55 67 77 80 98 102 106 132 137 142 144 152 157 165 166 175 176 182 189 191 202 217 220 252 257 265 278 284 288 292 308 311 317 334 358 371 379 391 395 413 415 420 431 440 450 461 465 504 507 508 526 528 541 543 559 562 565 593 605 607 611 617 626 651 676 685 700 716 719 734 740 760 771 790 802 808 815 825 833 860 862 870 890 901 903 908 910 911 936 941 943 946 957 967 978 980 986 1001 1024 1028 1032 1036 1045 1064 1068 1070 1089 1105 1107 1126 1137 1143 1158 1162 1164 1173 1183 1187 1199 1202 1215 1223 1237 1262 1264 1278 1303 1323 1334 1336 1339 1352 1354 1373 1375 1383 1385 1398 1404 1412 1416 1419 1423 1434 1469 1483 1486 1502 1506 1524 1529 1537 1556 1571 1606 1645 1649 1652 1654 1670 1673 1677 1708 1718 1723 1747 1756 1769 1777 1781 1793 1797 1808 1842 1845 1849 1854 1860 1882 1901 1909 1923 1947 1980 1983 1995 2005 2008 2018 2023 2025 2037 2045 2046 2047 2063
6,28,CG-MOACO,area_s5_t300,0.33333333333333337,1557.448371377137,2.638181191654584,1 31 58 80 98 99 102 117 119 120 137 152 157 170 175 176 184 189 196 218 226 229 230 252 257 258 260 261 264 284 288 291 308 309 311 317 319 334 359 371 395 413 415 440 464 465 478 506 508 530 554 559 565 578 580 593 605 612 617 626 645 650 656 671 676 701 708 719 734 740 744 748 750 775 796 802 806 814 821 847 870 875 884 911 915 935 936 952 957 978 980 994 1012 1024 1028 1032 1039 1062 1068 1101 1104 1105 1107 1128 1143 1151 1167 1170 1173 1187 1199 1202 1223 1224 1234 1241 1262 1264 1280 1290 1318 1327 1331 1334 1337 1338 1339 1373 1383 1385 1391 1402 1404 1412 1416 1419 1469 1470 1490 1502 1509 1524 1529 1551 1565 1572 1599 1616 1645 1654 1673 1708 1718 1726 1735 1747 1768 1779 1793 1797 1806 1842 1845 1848 1851 1852 1854 1858 1860 1871 1882 1923 1961 1965 1983 1986 2008 2024 2026 2027 2032 2038 2044 2046 2057 2063
6,29,CG-MOACO,area_s5_t300,0.30290262172284643,1591.2155344943392,1.7204650534085253,1 47 63 71 80 98 102 105 106 132 137 141 152 165 175 176 178 182 191 200 215 219 252 256 270 272 278 284 285 292 305 307 311 317 334 335 337 359 379 391 395 423 431 440 450 453 454 458 464 510 528 532 537 543 544 554 559 580 593 605 608 613 622 638 641 648 650 651 654 676 700 708 727 741 760 771 776 790 802 808 848 860 862 885 887 910 911 915 917 929 936 958 973 978 980 1024 1037 1039 1041 1051 1056 1057 1062 1070 1089 1102 1107 1127 1128 1137 1158 1168 1170 1187 1199 1202 1205 1223 1237 1244 1262 1264 1280 1320 1331 1334 1336 1339 1378 1383 1385 1404 1410 1412 1413 1416 1419 1423 1434 1436 1440 1453 1455 1469 1526 1529 1544 1565 1573 1574 1599 1618 1619 1645 1652 1654 1657 1673 1690 1700 1708 1711 1718 1719 1724 1732 1747 1756 1757 1777 1780 1782 1787 1792 1793 1808 1842 1845 1851 1854 1860 1882 1923 1941 1963 1964 1983 1989 2008 2018 2036 2037 2045 2057 2063 2074
6,30,CG-MOACO,area_s5_t300,0.33754681647940077,1526.0247296979808,2.1908902300206643,1 7 9 19 26 80 98 99 102 105 106 110 114 117 120 129 132 137 157 175 176 179 182 220 235 241 252 278 284 285 288 292 308 317 334 343 371 379 412 415 450 464 465 490 508 537 554 559 562 578 580 593 612 622 626 641 643 651 676 677 680 698 700 708 710 719 734 760 771 775 790 802 812 868 878 885 894 910 911 915 917 929 941 952 978 980 999 1001 1016 1017 1024 1037 1039 1062 1068 1070 1085 1086 1089 1127 1129 1139 1157 1162 1175 1187 1189 1199 1221 1222 1231 1234 1237 1262 1264 1280 1290 1292 1297 1311 1314 1320 1334 1336 1338 1370 1384 1403 1412 1423 1425 1435 1440 1441 1448 1455 1495 1502 1544 1565 1578 1587 1600 1616 1618 1639 1645 1652 1654 1672 1705 1718 1738 1750 1756 1775 1779 1792 1797 1812 1815 1823 1827 1836 1842 1845 1854 1860 1867 1882 1896 1937 1983 1986 1989 2006 2008 2014 2023 2025 2027 2039 2045 2058 2063
6,31,CG-MOACO,area_s5_t300,0.24953183520599254,1743.4183631163153,1.5999999999999999,1 9 19 24 26 31 38 40 47 54 71 76 80 89 91 102 105 137 154 157 174 175 176 189 200 205 218 220 226 230 252 258 260 273 285 288 316 334 348 379 411 445 450 458 461 500 515 527 532 535 552 555 558 562 592 593 603 608 613 622 626 638 650 664 678 700 705 708 712 734 749 760 771 772 776 790 804 806 807 812 814 825 831 860 862 870 910 911 916 935 941 947 954 957 958 967 972 980 991 1001 1012 1016 1024 1028 1036 1039 1056 1060 1089 1104 1105 1117 1126 1137 1139 1141 1143 1158 1175 1183 1187 1199 1202 1204 1205 1218 1237 1260 1262 1264 1279 1291 1303 1308 1310 1311 1314 1318 1320 1323 1334 1338 1339 1361 1370 1375 1376 1383 1385 1386 1398 1403 1412 1416 1419 1422 1423 1429 1434 1436 1469 1483 1490 1491 1529 1544 1584 1606 1645 1648 1652 1708 1711 1732 1738 1756 1765 1779 1781 1797 1811 1823 1839 1845 1860 1888 1916 1922 1923 1924 1937 1940 1944 1946 1953 1959 1966 1967 1983 1991 2001 2006 2008 2009 2016 2018 2023 2027 2037 2045 2047 2057 2063 2083
6,32,CG-MOACO,area_s5_t300,0.2429775280898876,1751.1378752869214,3.5777087639996634,0 9 47 55 63 71 78 80 83 86 98 102 105 132 137 175 176 182 189 199 210 215 218 220 226 230 232 249 252 258 266 270 284 285 292 308 311 319 332 334 362 371 379 386 391 412 415 440 449 450 461 465 475 508 528 530 537 552 562 565 583 586 589 593 611 613 615 648 650 663 664 675 685 700 708 719 734 740 771 807 812 815 862 868 906 910 911 917 935 936 943 957 958 967 978 981 982 999 1001 1012 1017 1028 1036 1039 1045 1056 1062 1068 1070 1089 1105 1107 1127 1129 1137 1143 1163 1173 1183 1184 1187 1188 1199 1202 1224 1234 1237 1262 1264 1268 1279 1293 1304 1318 1320 1323 1327 1334 1339 1354 1370 1375 1376 1378 1383 1385 1398 1400 1403 1412 1419 1422 1423 1434 1435 1445 1483 1524 1529 1544 1565 1568 1584 1594 1597 1606 1631 1645 1648 1649 1652 1672 1683 1697 1708 1718 1720 1735 1756 1765 1787 1797 1808 1815 1823 1836 1839 1840 1854 1860 1877 1882 1888 1896 1901 1928 1937 1940 1963 1965 1967 1983 1989 2006 2008 2016 2023 2026 2038 2044 2047 2049 2058 2063 2082
6,33,CG-MOACO,area_s5_t300,0.33614232209737827,1544.7546098237651,2.4819347291981715,1 4 9 31 47 67 80 89 95 111 129 137 142 175 176 191 196 215 219 220 252 257 261 265 269 270 278 284 292 308 311 317 334 336 337 348 395 411 415 429 440 448 450 464 465 475 495 496 508 528 529 537 545 562 578 593 611 612 637 654 659 708 734 738 771 775 787 796 802 806 821 847 848 868 870 890 910 911 929 941 943 946 967 972 978 980 991 999 1001 1016 1024 1028 1032 1037 1039 1064 1070 1089 1097 1126 1137 1143 1158 1167 1173 1183 1187 1199 1202 1223 1231 1259 1262 1264 1278 1297 1302 1308 1318 1323 1336 1370 1383 1394 1399 1403 1411 1412 1418 1422 1425 1435 1437 1453 1483 1486 1487 1509 1528 1529 1544 1554 1565 1604 1616 1639 1645 1647 1652 1667 1718 1731 1750 1751 1756 1764 1765 1773 1775 1792 1793 1797 1806 1808 1823 1827 1836 1845 1888 1919 1928 1962 1963 1966 1983 1991 2009 2018 2023 2027 2037 2057 2063 2083
6,34,CG-MOACO,area_s5_t300,0.30945692883895126,1609.7607188409531,0.6324555320336759,1 9 31 38 47 59 77 80 98 111 117 124 135 137 141 143 144 167 172 175 176 215 219 221 252 275 276 278 285 288 290 317 334 341 354 379 395 413 424 425 429 440 445 449 450 461 476 525 528 530 537 543 559 562 591 593 608 611 613 615 617 641 648 650 664 700 708 731 734 740 750 760 771 775 790 802 806 833 862 868 879 885 897 902 908 910 911 917 920 929 941 958 977 982 996 1016 1036 1039 1042 1060 1068 1085 1109 1126 1128 1132 1139 1142 1143 1158 1162 1199 1202 1205 1222 1237 1262 1264 1266 1270 1279 1293 1318 1323 1334 1336 1339 1352 1378 1384 1395 1398 1403 1404 1412 1422 1423 1429 1436 1440 1441 1479 1483 1490 1494 1520 1524 1544 1599 1608 1619 1643 1645 1649 1651 1654 1657 1683 1708 1711 1718 1723 1735 1751 1756 1774 1787 1792 1797 1800 1806 1839 1845 1851 1860 1882 1883 1888 1901 1923 1967 1983 1991 2006 2008 2018 2023 2026 2033 2045 2047 2049 2055 2057 2063
6,35,CG-MOACO,area_s5_t300,0.28604868913857673,1656.1438191014192,1.0954451150103321,0 9 19 31 47 67 78 80 98 102 105 110 122 132 137 154 175 176 178 179 189 191 206 211 215 236 256 270 278 285 292 311 317 334 362 371 379 391 395 409 411 420 440 445 450 453 458 464 465 475 477 480 508 528 558 559 562 571 593 596 605 607 611 613 615 650 669 676 700 708 711 734 741 749 760 771 775 790 802 807 825 831 833 862 868 902 911 912 916 929 936 943 957 967 980 991 1001 1028 1037 1039 1042 1060 1068 1086 1089 1127 1137 1143 1151 1152 1158 1164 1173 1183 1187 1189 1199 1201 1202 1205 1224 1237 1258 1262 1264 1269 1280 1293 1297 1302 1308 1318 1323 1334 1342 1352 1375 1376 1378 1383 1385 1399 1403 1404 1412 1413 1419 1422 1423 1511 1524 1527 1529 1544 1567 1571 1616 1643 1645 1650 1672 1683 1718 1735 1750 1756 1774 1777 1781 1787 1797 1812 1815 1835 1839 1845 1860 1865 1882 1888 1909 1919 1922 1923 1924 1928 1959 1963 1966 1983 1991 2023 2025 2038 2044 2046 2058 2063 2077 2083
6,36,CG-MOACO,area_s5_t300,0.24344569288389517,1753.3111264179213,3.1874754901018454,1 5 9 24 38 47 59 61 63 67 80 102 106 114 125 132 137 141 143 174 175 176 182 191 218 220 226 230 245 252 258 260 261 270 278 284 292 310 317 334 348 371 378 415 420 440 449 450 458 465 467 490 497 528 532 537 562 575 578 583 589 593 605 607 611 613 622 626 648 700 708 719 734 741 748 771 772 775 776 790 802 806 809 812 825 858 862 868 870 910 911 919 929 936 941 957 958 978 980 991 1008 1018 1024 1035 1037 1039 1062 1064 1070 1085 1086 1089 1102 1107 1115 1126 1128 1137 1143 1158 1175 1183 1187 1199 1202 1205 1222 1237 1257 1262 1264 1266 1278 1296 1297 1304 1308 1310 1318 1323 1334 1336 1339 1350 1370 1375 1376 1383 1385 1394 1403 1411 1412 1419 1423 1430 1435 1440 1453 1455 1469 1480 1483 1496 1524 1529 1544 1565 1571 1574 1584 1594 1645 1647 1652 1654 1672 1708 1735 1738 1747 1749 1751 1756 1766 1787 1797 1808 1818 1820 1823 1842 1851 1854 1867 1882 1901 1932 1937 1945 1961 1963 1983 1986 1989 2008 2023 2038 2044 2049 2063 2074 2076 2083
6,37,CG-MOACO,area_s5_t300,0.3300561797752809,1562.5971847428027,1.624807680927192,1 19 38 78 80 86 90 97 101 102 137 142 154 167 172 175 182 189 191 199 200 206 210 215 252 266 270 275 308 334 356 362 371 379 391 415 420 440 449 464 474 480 484 508 537 542 543 546 548 554 562 565 586 589 593 605 607 613 615 648 650 654 671 676 685 700 708 716 722 734 749 760 801 862 868 875 877 885 905 911 913 935 941 943 957 958 972 981 982 998 1036 1039 1042 1060 1070 1085 1096 1105 1114 1126 1139 1143 1154 1156 1187 1199 1202 1222 1226 1236 1237 1260 1262 1264 1278 1293 1318 1323 1339 1354 1361 1370 1384 1390 1394 1403 1412 1423 1435 1483 1490 1537 1544 1553 1565 1568 1580 1584 1597 1606 1608 1616 1643 1645 1649 1652 1654 1655 1658 1660 1683 1711 1718 1720 1734 1756 1779 1781 1787 1792 1793 1818 1823 1839 1842 1845 1851 1860 1882 1888 1896 1909 1924 1931 1959 1963 1967 1983 1987 1991 2005 2008 2028 2033 2045 2049 2058 2063
6,38,CG-MOACO,area_s5_t300,0.24765917602996257,1754.3333895082276,3.1368774282716245,1 9 20 26 31 47 68 76 78 80 89 102 105 106 114 117 119 137 148 165 167 175 176 189 190 215 219 223 226 230 252 257 270 283 306 307 308 311 317 333 348 370 391 393 412 420 424 425 429 445 449 450 461 465 477 479 500 508 537 562 589 592 605 608 612 622 629 648 650 669 670 676 685 700 705 708 710 716 734 740 760 771 772 790 812 819 831 860 862 870 887 903 910 911 929 936 957 967 978 982 1001 1018 1024 1028 1036 1039 1056 1060 1068 1070 1086 1089 1104 1105 1117 1127 1137 1143 1158 1162 1164 1173 1183 1187 1199 1202 1205 1215 1218 1223 1230 1234 1237 1262 1264 1278 1304 1308 1310 1318 1323 1334 1339 1350 1375 1376 1378 1383 1385 1403 1404 1408 1412 1416 1419 1423 1424 1429 1434 1435 1453 1482 1490 1524 1529 1544 1565 1576 1587 1606 1615 1627 1645 1652 1654 1667 1670 1697 1708 1714 1747 1766 1769 1787 1797 1806 1808 1812 1842 1854 1860 1871 1882 1888 1896 1901 1923 1961 1963 1964 1980 1983 1987 2001 2006 2018 2037 2039 2046 2049 2058 2063 2080
6,39,CG-MOACO,area_s5_t300,0.24391385767790263,1761.070263807821,1.2649110640673518,1 9 38 47 55 63 71 76 78 80 102 105 114 117 122 137 141 144 153 156 175 182 191 215 218 220 249 252 257 270 290 292 308 334 336 356 362 371 379 391 412 415 420 431 437 440 458 461 465 514 543 554 559 562 573 589 593 605 608 613 615 617 648 650 654 656 666 671 676 700 705 708 716 719 734 741 760 763 776 790 802 808 814 825 850 862 868 910 911 915 917 929 935 936 941 952 958 978 982 994 996 999 1028 1032 1036 1039 1055 1058 1062 1085 1089 1104 1107 1108 1127 1128 1137 1139 1143 1168 1173 1183 1187 1199 1202 1215 1223 1234 1237 1262 1264 1280 1283 1300 1304 1310 1311 1318 1320 1323 1334 1336 1338 1339 1370 1385 1398 1403 1412 1416 1419 1423 1434 1435 1440 1469 1490 1524 1526 1529 1544 1565 1568 1584 1597 1604 1606 1618 1641 1645 1652 1654 1658 1660 1701 1719 1732 1757 1766 1777 1778 1787 1792 1793 1797 1802 1806 1808 1823 1839 1840 1842 1845 1851 1860 1871 1882 1888 1901 1937 1954 1961 1963 1967 1983 1986 2006 2008 2016 2018 2023 2037 2045 2058 2063
6,40,CG-MOACO,area_s5_t300,0.25655430711610483,1709.8460817809073,2.6076809620810595,1 9 19 31 42 47 71 78 80 86 98 99 102 112 114 137 141 152 153 175 176 189 202 215 218 220 226 230 252 265 273 292 308 311 313 317 334 348 362 370 377 379 391 395 410 420 440 449 450 475 477 480 497 532 537 554 559 562 578 589 592 593 602 605 607 616 648 654 666 676 687 696 700 705 708 716 734 740 760 771 775 776 790 802 825 831 852 862 868 885 911 913 917 920 935 941 957 958 978 980 991 1020 1024 1037 1039 1056 1060 1064 1070 1073 1079 1089 1114 1127 1129 1137 1143 1155 1158 1162 1170 1173 1183 1187 1199 1202 1223 1234 1237 1248 1257 1262 1264 1279 1297 1304 1318 1323 1334 1339 1370 1375 1376 1380 1384 1394 1395 1399 1411 1412 1416 1419 1423 1430 1434 1455 1457 1482 1529 1544 1584 1604 1638 1643 1645 1647 1652 1672 1697 1708 1711 1718 1725 1734 1735 1747 1756 1768 1775 1787 1797 1806 1808 1811 1823 1842 1851 1857 1860 1882 1888 1896 1901 1937 1946 1959 1961 1983 1991 2006 2008 2018 2023 2038 2049 2055 2058 2063 2080 2083
6,41,CG-MOACO,area_s5_t300,0.29119850187265917,1653.603069886754,0.6324555320336759,1 5 9 24 41 47 59 68 78 80 98 102 111 114 132 137 143 165 175 176 180 182 189 219 252 270 277 278 284 285 292 310 334 348 356 362 370 379 391 395 420 432 445 453 465 480 497 528 532 537 542 559 562 565 593 602 605 607 615 617 629 648 650 654 656 669 676 678 685 708 728 734 744 760 773 776 790 802 825 842 858 862 875 884 890 910 911 917 920 929 942 957 978 982 991 1018 1022 1033 1034 1037 1039 1055 1078 1079 1085 1097 1127 1137 1141 1143 1154 1162 1164 1175 1187 1199 1202 1222 1237 1258 1264 1278 1304 1310 1323 1327 1334 1336 1339 1361 1370 1375 1378 1385 1395 1398 1403 1408 1412 1416 1419 1422 1423 1429 1434 1436 1448 1469 1483 1486 1490 1544 1554 1588 1625 1638 1643 1645 1652 1654 1670 1673 1684 1708 1724 1747 1751 1756 1765 1773 1787 1793 1808 1812 1815 1823 1845 1860 1865 1882 1901 1923 1928 1940 1941 1963 1966 1973 1983 1989 1991 2006 2008 2027 2028 2036 2045 2057 2063 2083
6,42,CG-MOACO,area_s5_t300,0.27434456928838946,1660.628884942598,0.0,1 9 14 19 38 45 47 58 63 77 80 87 102 111 120 132 137 155 175 176 178 180 182 191 219 223 232 249 252 265 278 285 311 317 334 341 344 379 395 398 412 415 440 449 450 458 464 465 528 532 537 560 576 578 580 589 593 605 606 607 611 613 615 616 626 654 676 700 701 708 716 719 740 760 771 772 775 776 790 802 806 809 858 860 862 885 890 910 919 925 929 935 941 957 958 967 973 976 978 982 1039 1041 1056 1062 1064 1078 1079 1089 1105 1108 1127 1128 1137 1143 1156 1158 1162 1183 1187 1199 1202 1223 1237 1264 1279 1293 1297 1318 1320 1331 1334 1336 1338 1339 1361 1364 1370 1375 1383 1385 1390 1391 1394 1403 1412 1419 1422 1423 1434 1440 1457 1483 1490 1524 1529 1544 1565 1573 1584 1616 1618 1645 1652 1654 1673 1708 1718 1733 1735 1747 1756 1757 1765 1797 1808 1823 1827 1836 1845 1854 1857 1860 1882 1900 1916 1922 1926 1937 1940 1946 1954 1963 1966 1983 2001 2006 2008 2023 2026 2027 2038 2044 2057 2063 2080
6,43,CG-MOACO,area_s5_t300,0.31507490636704116,1577.550203294184,2.756809750418044,1 9 20 31 47 59 86 98 99 109 114 120 129 137 144 152 154 165 175 176 178 208 219 236 252 257 278 307 317 334 348 356 395 412 440 450 458 464 465 495 508 528 537 550 554 559 562 580 589 593 599 602 607 612 615 617 626 629 648 650 671 708 731 734 741 760 775 787 790 796 802 806 825 831 835 862 868 885 892 910 911 917 935 943 954 980 996 1001 1016 1039 1056 1060 1068 1070 1077 1089 1091 1097 1127 1133 1137 1139 1143 1158 1162 1164 1168 1183 1187 1189 1199 1202 1223 1224 1236 1262 1264 1280 1289 1293 1297 1314 1318 1323 1336 1339 1354 1355 1383 1385 1398 1404 1411 1412 1422 1424 1434 1440 1455 1457 1528 1529 1544 1554 1565 1608 1643 1645 1650 1652 1654 1670 1673 1708 1718 1732 1738 1739 1747 1769 1776 1793 1797 1806 1808 1813 1852 1865 1871 1882 1889 1901 1923 1947 1959 1961 1963 1965 1983 1986 2006 2008 2018 2020 2023 2045 2046 2055 2057 2063
6,44,CG-MOACO,area_s5_t300,0.24672284644194753,1756.3264625122354,2.0591260281974,1 9 14 31 47 55 67 78 80 98 99 101 102 111 124 132 141 152 157 165 174 175 176 191 200 219 220 223 252 257 278 284 308 310 316 334 336 348 358 370 379 386 392 413 415 420 437 440 449 450 464 465 529 532 537 543 562 565 579 589 592 593 605 613 615 616 626 638 648 650 654 674 676 700 705 708 719 734 738 740 745 760 771 776 790 811 825 860 862 870 903 910 911 913 915 917 929 935 936 941 946 952 958 967 978 980 987 1001 1028 1036 1039 1058 1060 1070 1102 1105 1107 1117 1127 1129 1137 1143 1168 1173 1183 1187 1199 1202 1215 1223 1234 1237 1264 1268 1279 1290 1297 1310 1311 1316 1318 1323 1334 1338 1339 1349 1370 1375 1383 1385 1398 1401 1419 1422 1423 1430 1434 1436 1440 1457 1496 1524 1529 1544 1562 1565 1575 1584 1618 1636 1643 1645 1648 1652 1673 1708 1720 1747 1756 1758 1779 1797 1800 1809 1811 1815 1823 1827 1845 1854 1860 1868 1882 1896 1928 1937 1940 1946 1961 1963 1965 1983 1989 2016 2018 2023 2027 2036 2037 2045 2057 2063 2082
6,45,CG-MOACO,area_s5_t300,0.31226591760299627,1582.997860644613,3.6,1 19 24 40 59 76 102 109 111 114 137 149 152 157 175 176 180 182 189 191 200 219 252 257 270 278 284 285 309 311 317 325 326 334 358 362 370 379 391 398 420 440 450 456 458 465 528 532 537 544 562 578 588 593 605 608 613 616 626 648 650 651 668 676 700 708 712 716 760 763 771 776 790 797 802 812 825 827 842 858 860 862 867 875 890 897 908 910 911 915 917 929 941 946 958 967 978 980 991 1024 1039 1041 1062 1068 1070 1073 1086 1096 1105 1117 1126 1142 1143 1149 1158 1162 1187 1199 1202 1205 1223 1237 1259 1264 1278 1302 1304 1308 1318 1327 1336 1339 1350 1353 1383 1385 1399 1404 1412 1422 1434 1457 1463 1483 1527 1529 1544 1571 1578 1599 1616 1639 1645 1647 1649 1652 1718 1739 1747 1756 1757 1773 1776 1792 1793 1797 1806 1808 1812 1815 1836 1860 1882 1888 1901 1902 1929 1963 1966 1983 1991 2014 2018 2023 2036 2037 2045 2046 2058 2063 2083
6,46,CG-MOACO,area_s5_t300,0.2724719101123596,1689.5783570383371,0.4,1 9 19 31 34 47 55 61 68 77 80 86 102 105 106 110 114 122 132 137 148 150 157 175 176 179 191 215 220 232 249 252 257 270 278 308 316 334 371 379 412 415 440 450 452 458 465 467 479 486 497 509 532 558 580 592 593 608 611 613 615 616 691 694 700 701 705 708 711 716 719 734 760 771 775 776 790 797 802 806 807 812 848 862 868 871 910 911 917 925 929 941 954 957 965 967 978 994 1016 1028 1032 1056 1062 1064 1068 1070 1089 1097 1102 1105 1126 1137 1139 1143 1158 1162 1164 1183 1187 1189 1199 1202 1237 1258 1262 1264 1278 1297 1304 1310 1311 1319 1334 1336 1338 1339 1361 1370 1383 1385 1394 1398 1403 1408 1412 1418 1422 1423 1434 1435 1440 1461 1483 1490 1529 1544 1587 1608 1614 1639 1643 1645 1652 1654 1660 1672 1708 1732 1738 1756 1765 1777 1779 1787 1792 1797 1823 1833 1836 1839 1845 1851 1860 1867 1889 1896 1900 1937 1944 1963 1965 1967 1983 1986 1995 2006 2008 2009 2018 2020 2023 2026 2045 2055 2058 2063
6,47,CG-MOACO,area_s5_t300,0.27996254681647936,1656.992353514309,1.019803902718557,0 9 19 31 38 47 77 80 89 98 102 105 106 114 120 137 141 167 175 176 180 219 220 252 257 263 278 285 292 307 308 311 317 334 344 379 380 393 395 398 412 415 440 449 450 461 465 480 496 508 537 543 559 562 566 569 583 589 593 608 611 613 615 626 638 648 654 671 685 700 705 708 716 731 734 740 760 787 790 802 806 825 862 877 884 910 913 915 929 941 958 967 975 994 996 1012 1019 1039 1056 1057 1060 1064 1070 1089 1127 1129 1132 1137 1143 1155 1157 1170 1173 1183 1187 1188 1199 1202 1223 1234 1237 1262 1264 1280 1292 1296 1310 1318 1320 1323 1327 1334 1369 1370 1375 1376 1385 1394 1395 1411 1412 1419 1423 1429 1434 1440 1445 1453 1457 1490 1495 1524 1544 1565 1582 1584 1606 1607 1616 1645 1650 1652 1654 1660 1683 1710 1720 1735 1749 1750 1756 1765 1769 1779 1797 1800 1802 1806 1818 1823 1827 1836 1839 1842 1852 1860 1867 1882 1896 1945 1946 1952 1959 1963 1965 1983 2006 2008 2026 2027 2044 2057 2063
6,48,CG-MOACO,area_s5_t300,0.3188202247191011,1576.030161419518,0.7483314773547882,0 9 31 38 40 47 55 80 98 105 119 137 143 154 156 175 176 179 198 217 220 252 257 263 284 288 292 306 311 317 358 371 379 393 395 398 403 404 415 427 432 440 465 504 532 543 545 561 562 565 580 593 602 607 613 615 616 626 638 654 676 685 716 719 731 734 760 762 766 770 771 776 790 802 806 825 829 835 871 878 896 902 905 911 917 929 935 941 948 957 982 1016 1028 1036 1060 1064 1080 1085 1089 1104 1105 1127 1128 1136 1137 1143 1157 1162 1167 1170 1173 1199 1202 1234 1260 1264 1279 1304 1316 1318 1323 1336 1361 1375 1383 1394 1395 1398 1403 1412 1419 1422 1429 1434 1435 1440 1480 1483 1520 1523 1529 1537 1541 1544 1565 1584 1606 1615 1637 1645 1649 1652 1654 1704 1718 1720 1738 1750 1756 1757 1766 1779 1787 1793 1797 1806 1812 1823 1836 1839 1845 1851 1854 1860 1865 1883 1888 1896 1922 1923 1924 1983 2006 2008 2009 2018 2023 2037 2049 2057 2063
6,49,CG-MOACO,area_s5_t300,0.26029962546816476,1701.9083755733614,1.5491933384829668,1 15 26 47 55 68 80 82 95 102 106 134 137 142 148 152 175 176 182 191 196 206 218 220 226 230 252 257 264 270 272 278 284 285 292 308 317 334 356 371 379 391 420 449 450 465 497 512 516 528 530 532 562 565 570 589 593 603 605 613 626 648 674 676 678 700 708 716 719 734 740 773 775 776 802 807 809 812 814 821 825 831 862 867 868 870 875 877 911 917 941 945 947 954 957 967 978 980 994 1001 1024 1032 1036 1039 1056 1060 1064 1068 1078 1086 1101 1105 1126 1137 1139 1143 1158 1162 1164 1167 1170 1187 1199 1202 1260 1262 1264 1268 1278 1296 1304 1314 1318 1323 1334 1339 1350 1354 1361 1375 1376 1378 1384 1404 1412 1419 1422 1423 1430 1434 1435 1440 1448 1469 1483 1544 1565 1612 1615 1616 1631 1645 1647 1649 1652 1654 1655 1718 1722 1732 1737 1738 1751 1756 1787 1797 1808 1815 1834 1835 1839 1840 1845 1860 1882 1888 1901 1923 1924 1928 1940 1952 1963 1964 1967 1980 1983 1987 2001 2006 2008 2018 2020 2025 2029 2037 2046 2049 2058 2063
6,50,CG-MOACO,area_s5_t300,0.25093632958801493,1715.4808648319836,1.019803902718557,1 7 9 38 47 67 80 98 102 106 132 137 154 156 165 170 175 176 178 182 200 209 218 220 226 230 252 256 258 260 270 278 284 288 292 311 316 334 371 379 393 395 431 440 450 461 465 481 491 496 532 537 543 545 552 554 559 562 580 593 605 613 615 616 626 638 651 654 671 676 694 700 705 708 734 743 760 776 784 790 802 804 806 814 825 831 848 862 868 885 900 910 911 920 939 941 957 958 979 982 1001 1017 1028 1037 1039 1053 1056 1062 1064 1078 1088 1089 1127 1137 1143 1158 1162 1170 1173 1183 1187 1188 1199 1202 1223 1234 1237 1241 1262 1264 1279 1293 1303 1318 1323 1336 1339 1343 1361 1370 1375 1376 1378 1383 1394 1395 1398 1403 1412 1419 1422 1434 1436 1440 1442 1457 1483 1487 1524 1527 1529 1544 1553 1556 1565 1571 1584 1606 1612 1645 1649 1654 1672 1708 1718 1720 1735 1747 1749 1751 1756 1766 1768 1769 1777 1779 1787 1797 1811 1823 1835 1860 1865 1888 1895 1922 1923 1937 1966 1983 1989 1991 2006 2008 2009 2015 2018 2023 2038 2055 2058 2063 2083
6,51,CG-MOACO,area_s5_t300,0.25,1744.0919413723757,1.019803902718557,1 9 15 24 42 47 71 78 80 98 101 102 106 117 132 137 143 152 154 157 165 175 176 182 204 214 219 220 252 257 261 270 278 284 292 306 307 341 348 370 386 391 405 420 423 431 433 449 450 453 461 465 477 528 537 562 565 589 593 602 605 613 616 622 626 648 650 654 676 678 689 697 700 708 716 734 740 760 771 772 776 783 790 825 858 862 885 887 910 911 913 915 919 921 929 954 957 971 980 1001 1017 1028 1039 1056 1062 1078 1085 1086 1089 1102 1105 1127 1129 1137 1139 1143 1158 1162 1164 1171 1187 1202 1205 1223 1234 1237 1262 1264 1276 1278 1296 1304 1318 1323 1334 1339 1352 1361 1370 1375 1376 1378 1384 1394 1412 1419 1423 1426 1430 1434 1440 1469 1483 1524 1544 1556 1567 1568 1571 1612 1616 1618 1627 1638 1643 1645 1647 1652 1654 1655 1672 1708 1718 1725 1732 1735 1747 1777 1781 1787 1797 1804 1808 1812 1823 1835 1840 1842 1845 1858 1860 1865 1871 1882 1888 1901 1922 1923 1940 1961 1963 1983 1987 2006 2008 2020 2036 2038 2044 2058 2063 2071 2080
6,52,CG-MOACO,area_s5_t300,0.29822097378277157,1627.065803335125,1.019803902718557,1 31 38 40 55 80 83 88 97 102 105 134 137 157 165 167 175 176 206 219 232 252 257 265 270 278 284 285 292 307 308 317 334 337 358 362 379 391 398 412 415 424 437 440 457 465 477 508 537 545 559 562 593 599 605 607 612 622 626 629 637 651 654 658 674 700 708 716 734 741 749 766 771 787 802 809 821 825 836 860 862 876 903 908 910 911 915 929 935 941 957 958 967 978 980 994 1001 1024 1028 1036 1039 1060 1064 1070 1091 1097 1105 1114 1127 1139 1143 1158 1169 1173 1187 1199 1202 1215 1223 1260 1262 1264 1268 1270 1279 1296 1297 1310 1320 1323 1334 1339 1364 1369 1370 1384 1394 1412 1419 1423 1430 1434 1435 1440 1441 1448 1469 1482 1502 1529 1544 1549 1565 1618 1641 1645 1647 1652 1708 1724 1747 1756 1765 1769 1779 1787 1792 1793 1812 1834 1836 1842 1845 1854 1882 1888 1909 1937 1953 1963 1980 1983 1986 2006 2008 2018 2023 2024 2027 2036 2037 2039 2045 2046 2058 2063 2082
6,53,CG-MOACO,area_s5_t300,0.30992509363295884,1583.3803641100594,1.8547236990991407,1 7 9 19 26 31 47 65 67 80 98 102 106 111 120 122 129 132 137 150 154 156 175 176 178 180 191 200 210 219 229 252 261 270 278 288 317 334 370 399 449 450 453 458 465 475 506 528 532 561 580 583 589 593 605 607 613 626 629 664 676 685 700 701 708 734 740 760 766 771 776 790 802 806 812 829 853 860 910 916 929 936 941 994 996 1024 1034 1036 1039 1051 1056 1057 1062 1064 1068 1089 1126 1132 1137 1139 1143 1158 1162 1169 1175 1187 1188 1199 1202 1213 1215 1222 1237 1241 1257 1262 1264 1280 1292 1304 1308 1314 1336 1339 1344 1352 1375 1383 1385 1403 1411 1412 1416 1419 1422 1434 1440 1453 1455 1469 1502 1523 1529 1554 1567 1584 1601 1615 1616 1645 1654 1673 1677 1704 1708 1718 1734 1738 1756 1781 1793 1797 1808 1812 1815 1819 1823 1827 1839 1858 1860 1865 1882 1922 1923 1928 1937 1940 1959 1961 1965 1967 1983 1991 2006 2008 2018 2023 2027 2037 2057 2063
6,54,CG-MOACO,area_s5_t300,0.24812734082397003,1739.403087714762,1.7204650534085253,1 9 31 47 80 94 98 99 102 106 112 114 120 132 137 142 155 175 176 189 191 200 206 218 220 226 230 235 241 252 258 278 284 288 292 308 311 317 319 334 371 379 391 395 398 403 415 420 440 450 458 464 465 468 475 479 532 537 543 544 545 554 559 562 571 583 592 593 596 605 626 641 654 671 676 700 705 708 719 734 741 749 760 776 784 790 802 804 825 833 846 848 862 884 908 910 911 915 917 929 936 941 978 994 996 1000 1018 1022 1024 1033 1039 1055 1070 1079 1085 1089 1107 1127 1137 1143 1152 1168 1171 1173 1187 1188 1199 1202 1223 1237 1262 1264 1279 1293 1310 1318 1320 1323 1334 1336 1338 1339 1370 1376 1378 1383 1394 1395 1403 1412 1419 1423 1430 1434 1446 1455 1486 1487 1502 1519 1524 1526 1527 1529 1544 1559 1584 1587 1599 1645 1652 1654 1672 1697 1708 1719 1732 1756 1792 1797 1808 1823 1827 1836 1839 1840 1842 1851 1854 1860 1882 1888 1896 1901 1923 1937 1962 1965 1967 1983 1989 1995 2006 2010 2023 2027 2036 2037 2045 2047 2058 2063 2080 2083
6,55,CG-MOACO,area_s5_t300,0.2598314606741573,1698.2640378265903,2.1354156504062622,1 5 45 47 76 79 80 98 102 105 106 114 120 137 143 155 175 176 179 182 189 196 219 220 252 257 265 270 292 307 308 311 325 334 359 370 379 398 420 440 450 461 465 475 479 483 504 516 528 532 543 544 545 562 563 565 593 605 613 616 624 626 650 651 676 685 700 708 716 734 740 749 760 771 776 790 802 812 825 831 862 868 870 910 911 919 920 929 936 941 958 961 978 982 994 1001 1018 1020 1024 1028 1036 1039 1056 1060 1066 1070 1089 1105 1107 1126 1129 1137 1143 1158 1173 1187 1199 1202 1221 1223 1234 1237 1254 1257 1262 1264 1268 1278 1290 1304 1308 1314 1323 1336 1339 1373 1376 1378 1383 1394 1398 1401 1412 1416 1419 1423 1430 1434 1436 1442 1457 1469 1483 1487 1496 1524 1526 1529 1531 1565 1568 1584 1638 1645 1652 1654 1672 1708 1718 1725 1732 1756 1769 1777 1792 1797 1806 1811 1812 1823 1839 1840 1842 1845 1854 1860 1865 1867 1882 1901 1926 1937 1959 1961 1963 1966 1967 1983 2008 2018 2023 2026 2036 2037 2045 2058 2063 2080 2083
6,56,CG-MOACO,area_s5_t300,0.26310861423220977,1696.5072522765051,1.3266499161421599,1 9 31 47 68 71 76 80 98 102 105 114 119 137 141 148 152 157 175 176 201 205 212 220 237 248 252 263 265 284 285 308 311 317 334 336 337 344 348 371 379 395 420 440 445 449 450 452 458 461 465 475 528 532 537 543 546 562 589 591 593 602 611 622 626 641 654 664 676 681 700 708 734 740 760 772 775 776 790 802 806 825 860 862 871 877 890 910 911 912 915 919 929 941 946 957 958 967 978 999 1016 1017 1024 1036 1056 1062 1064 1070 1089 1104 1105 1117 1128 1137 1143 1157 1175 1187 1199 1202 1222 1225 1234 1237 1256 1262 1264 1268 1279 1296 1304 1308 1310 1316 1318 1323 1327 1334 1338 1339 1360 1361 1375 1376 1378 1383 1385 1404 1412 1418 1423 1434 1436 1440 1469 1475 1483 1528 1529 1544 1551 1599 1616 1643 1645 1647 1652 1654 1660 1673 1735 1738 1756 1765 1797 1808 1815 1818 1827 1829 1839 1840 1842 1845 1860 1882 1901 1919 1928 1963 1966 1967 1973 1983 1986 1989 1991 1995 2001 2005 2008 2027 2032 2038 2044 2046 2057 2063 2083
6,57,CG-MOACO,area_s5_t300,0.28417602996254676,1638.8459194320612,1.3564659966250538,1 9 40 47 55 59 68 89 98 102 109 129 132 137 141 152 157 175 176 182 210 218 220 226 230 245 258 265 270 278 308 317 319 334 348 362 371 379 412 415 431 440 457 465 489 490 497 508 517 535 537 543 554 559 562 565 580 593 605 606 607 613 616 626 648 650 651 656 676 700 708 716 719 760 771 790 802 804 806 812 815 825 853 858 860 862 905 910 913 915 929 941 958 977 980 1024 1028 1036 1039 1060 1077 1079 1089 1105 1111 1115 1128 1137 1139 1143 1149 1156 1162 1173 1183 1187 1199 1202 1223 1225 1236 1237 1262 1264 1279 1289 1296 1304 1316 1318 1323 1360 1369 1370 1376 1378 1384 1394 1412 1419 1425 1436 1440 1441 1448 1482 1496 1524 1528 1529 1544 1556 1565 1580 1584 1604 1607 1618 1645 1649 1652 1654 1672 1703 1708 1718 1719 1738 1739 1750 1756 1775 1781 1792 1797 1808 1823 1835 1839 1842 1845 1851 1854 1860 1888 1896 1901 1909 1959 1963 1979 1983 2006 2008 2009 2015 2016 2023 2045 2058 2063 2076
6,58,CG-MOACO,area_s5_t300,0.2640449438202247,1735.0956473209567,0.4898979485566356,1 7 9 31 55 68 71 78 80 85 98 99 102 105 117 122 137 154 174 175 176 178 191 200 223 252 257 260 261 272 278 313 317 334 337 348 349 356 371 392 395 415 440 450 458 461 465 486 508 528 540 554 558 559 578 580 583 593 605 607 613 615 617 626 648 654 676 694 700 701 708 716 719 734 740 760 773 775 777 790 802 806 815 868 871 878 892 910 911 913 915 917 929 935 941 957 980 994 1001 1028 1052 1062 1064 1073 1089 1102 1105 1126 1129 1137 1139 1143 1158 1162 1170 1173 1183 1187 1199 1202 1205 1223 1234 1237 1244 1258 1260 1262 1264 1267 1279 1283 1304 1310 1311 1318 1334 1338 1370 1376 1383 1385 1386 1398 1402 1403 1410 1412 1419 1423 1434 1435 1440 1458 1469 1480 1483 1490 1520 1529 1544 1607 1627 1645 1652 1654 1683 1705 1720 1732 1735 1747 1756 1776 1781 1787 1792 1797 1808 1812 1815 1835 1842 1853 1854 1860 1865 1882 1888 1901 1902 1926 1928 1940 1941 1959 1963 1965 1983 2001 2006 2008 2045 2046 2049 2058 2063 2080
6,59,CG-MOACO,area_s5_t300,0.2963483146067416,1624.739463595809,1.3564659966250538,1 28 31 34 47 59 67 80 98 102 106 120 134 137 143 157 167 175 176 181 218 223 226 252 256 263 272 275 278 284 285 307 308 317 334 336 379 405 415 431 440 450 452 465 477 528 537 543 552 558 559 562 565 575 583 588 593 599 602 608 611 617 622 626 650 671 700 708 711 734 740 760 766 776 787 790 802 806 812 815 836 862 868 875 877 880 892 910 916 917 929 941 943 957 977 1001 1019 1024 1037 1039 1042 1051 1056 1068 1070 1126 1139 1143 1158 1164 1170 1173 1187 1199 1202 1205 1225 1237 1244 1261 1264 1293 1295 1303 1308 1318 1323 1327 1334 1336 1339 1361 1364 1370 1375 1385 1390 1394 1403 1408 1412 1419 1423 1434 1435 1449 1483 1486 1490 1495 1527 1544 1564 1565 1571 1606 1645 1648 1652 1672 1718 1735 1738 1756 1757 1766 1769 1797 1802 1808 1823 1827 1839 1842 1866 1882 1888 1896 1901 1947 1963 1964 1967 1983 1986 1989 2006 2008 2018 2023 2025 2027 2033 2038 2055 2058 2063 2082
6,60,CG-MOACO,area_s5_t300,0.26170411985018727,1704.8642130959527,0.9797958971132712,1 9 31 38 55 78 80 86 102 106 114 132 137 143 150 152 173 175 176 189 215 219 220 226 230 235 245 252 257 258 270 278 285 307 308 317 325 334 348 356 379 391 393 415 432 437 440 445 450 458 461 465 477 486 528 532 552 578 593 602 611 613 622 632 650 671 676 710 711 731 734 740 744 760 772 776 790 793 802 812 814 820 825 843 860 862 910 911 913 917 920 929 941 946 954 957 972 978 982 999 1001 1016 1017 1024 1028 1036 1056 1060 1089 1105 1117 1123 1126 1137 1143 1162 1164 1175 1187 1199 1204 1205 1237 1239 1241 1257 1264 1278 1296 1299 1304 1310 1318 1327 1334 1338 1339 1350 1361 1370 1375 1376 1378 1383 1389 1395 1398 1408 1412 1419 1422 1423 1434 1435 1469 1511 1524 1529 1535 1544 1565 1606 1612 1614 1631 1637 1645 1672 1700 1708 1736 1747 1756 1766 1790 1797 1808 1815 1823 1827 1834 1836 1840 1845 1854 1860 1865 1877 1882 1888 1901 1922 1928 1937 1940 1954 1963 1965 1983 1989 2018 2023 2027 2029 2037 2058 2063 2082 2083
6,61,CG-MOACO,area_s5_t300,0.31788389513108617,1582.6087382825121,1.8547236990991407,1 40 71 80 86 90 99 102 105 111 114 137 143 152 165 175 176 178 182 189 191 219 220 226 230 245 252 261 270 278 285 292 311 326 334 356 358 362 370 391 431 438 440 450 477 479 484 497 499 508 515 562 589 593 608 615 616 626 648 650 676 698 708 710 716 728 734 743 745 760 775 790 796 802 812 814 825 829 831 858 860 862 867 877 910 911 929 935 943 946 952 954 957 958 978 982 985 991 994 1016 1039 1056 1060 1070 1127 1128 1143 1162 1170 1183 1187 1199 1202 1205 1223 1224 1237 1241 1258 1261 1264 1280 1293 1304 1308 1311 1318 1323 1327 1334 1338 1339 1361 1370 1374 1383 1385 1390 1394 1400 1412 1423 1436 1449 1457 1482 1490 1511 1524 1527 1529 1544 1571 1608 1615 1645 1654 1660 1672 1703 1711 1738 1747 1777 1779 1792 1797 1806 1813 1818 1823 1842 1845 1851 1860 1871 1888 1924 1931 1937 1959 1963 1983 1991 1995 2005 2009 2019 2026 2040 2058 2063
6,62,CG-MOACO,area_s5_t300,0.29307116104868913,1640.6948255994325,1.019803902718557,1 9 31 47 59 80 83 98 102 106 111 132 137 152 155 165 175 176 178 179 191 217 219 235 237 241 252 264 278 284 285 292 311 317 334 370 379 391 413 415 440 450 458 477 497 508 530 537 559 562 580 592 607 611 613 615 617 629 637 651 676 685 700 705 708 711 716 719 734 741 757 771 773 802 812 821 825 847 868 895 908 910 911 915 917 929 941 946 957 965 967 978 982 986 994 1001 1028 1035 1056 1060 1070 1073 1086 1089 1127 1143 1157 1162 1167 1170 1173 1183 1187 1199 1202 1223 1257 1262 1264 1270 1278 1289 1296 1303 1308 1323 1339 1361 1369 1370 1375 1376 1378 1380 1384 1394 1398 1412 1419 1434 1436 1440 1457 1469 1492 1524 1529 1544 1556 1584 1606 1638 1643 1645 1652 1654 1673 1700 1703 1708 1711 1714 1718 1726 1734 1747 1756 1766 1779 1797 1823 1827 1842 1854 1856 1860 1866 1882 1916 1932 1937 1940 1946 1963 1964 1983 1995 2001 2005 2008 2023 2025 2027 2038 2057 2063 2080
6,63,CG-MOACO,area_s5_t300,0.25889513108614237,1728.7934105930476,0.9797958971132712,1 9 23 24 38 40 47 54 63 76 86 98 102 105 106 109 137 152 155 165 175 176 182 218 220 226 230 252 257 260 265 270 284 285 307 311 317 334 348 365 379 395 410 415 431 440 449 450 458 465 475 497 508 530 537 544 559 562 580 583 589 593 602 607 615 626 645 648 650 653 678 700 708 716 731 734 760 771 775 787 790 802 815 825 858 860 862 870 900 911 917 929 938 941 943 954 958 967 978 994 996 1001 1016 1022 1028 1036 1039 1060 1070 1104 1122 1127 1136 1137 1143 1158 1162 1168 1183 1187 1189 1199 1202 1205 1223 1234 1237 1262 1264 1280 1297 1304 1308 1310 1318 1320 1323 1334 1336 1339 1370 1376 1383 1385 1394 1398 1411 1412 1416 1419 1423 1430 1434 1435 1440 1469 1480 1490 1502 1526 1527 1529 1544 1554 1565 1584 1610 1638 1645 1652 1667 1672 1708 1720 1734 1738 1747 1756 1766 1769 1776 1787 1792 1797 1806 1808 1811 1812 1823 1842 1860 1865 1877 1883 1888 1901 1923 1937 1963 1965 1983 2006 2008 2009 2018 2020 2023 2037 2058 2063 2083
6,64,CG-MOACO,area_s5_t300,0.25795880149812733,1704.4370666176146,1.9595917942265424,1 9 29 38 47 63 78 80 86 95 98 102 105 111 132 137 141 144 157 165 174 175 176 182 200 206 215 219 220 252 257 265 270 278 284 292 308 317 334 336 348 362 379 395 411 415 420 440 450 464 465 528 530 532 537 543 558 562 565 575 583 593 602 605 607 613 650 654 676 685 700 708 711 719 734 740 760 771 773 776 790 802 806 809 825 829 847 853 858 860 870 875 885 905 910 919 920 929 935 936 941 963 967 978 980 991 1001 1024 1028 1035 1036 1039 1056 1070 1084 1107 1127 1137 1139 1143 1158 1173 1187 1199 1202 1223 1237 1258 1262 1264 1270 1296 1310 1318 1323 1327 1329 1334 1336 1370 1375 1376 1383 1385 1395 1398 1403 1412 1419 1423 1429 1434 1458 1469 1483 1486 1490 1524 1529 1544 1565 1584 1599 1619 1643 1645 1648 1649 1652 1670 1673 1708 1719 1726 1749 1750 1756 1766 1769 1787 1797 1800 1808 1820 1823 1842 1854 1858 1860 1882 1901 1923 1961 1963 1965 1983 1987 1989 2006 2008 2018 2036 2037 2045 2047 2049 2057 2063
6,65,CG-MOACO,area_s5_t300,0.29541198501872656,1593.2641057379933,1.7435595774162693,1 55 67 78 80 90 102 106 111 132 137 152 162 172 173 175 176 182 214 215 219 252 257 261 272 278 284 285 308 317 324 327 334 337 356 378 391 393 412 415 431 437 440 445 449 464 465 504 533 552 554 559 562 565 589 593 601 608 612 622 648 650 654 656 659 669 671 675 700 705 708 716 722 729 734 740 776 787 802 825 848 862 867 868 870 875 890 894 910 911 925 927 929 941 945 946 952 957 963 968 978 980 991 999 1016 1020 1024 1039 1041 1062 1105 1117 1127 1143 1162 1170 1175 1187 1199 1228 1231 1237 1262 1264 1278 1296 1323 1334 1344 1361 1374 1375 1376 1383 1404 1410 1412 1419 1423 1434 1435 1440 1453 1469 1483 1528 1529 1554 1565 1599 1604 1616 1618 1637 1645 1647 1650 1652 1654 1660 1673 1705 1708 1717 1723 1734 1735 1745 1750 1756 1781 1797 1808 1818 1827 1839 1842 1845 1860 1882 1901 1909 1924 1928 1940 1947 1963 1965 1983 1991 2010 2023 2027 2036 2038 2046 2057 2063
6,66,CG-MOACO,area_s5_t300,0.32209737827715357,1562.8430912817703,0.9797958971132712,1 5 9 19 31 38 47 63 76 80 91 98 102 105 106 114 117 120 137 141 144 156 172 175 176 206 220 245 252 270 275 278 308 334 356 371 379 391 412 440 445 449 450 458 464 465 475 477 504 517 543 554 560 562 580 589 593 607 612 624 645 648 650 664 669 671 700 708 722 731 734 760 772 775 776 790 802 825 848 862 868 870 885 905 910 911 913 917 929 957 974 978 982 999 1012 1024 1033 1036 1056 1062 1070 1073 1091 1097 1105 1127 1139 1143 1164 1173 1183 1187 1199 1202 1205 1223 1224 1264 1278 1291 1295 1318 1323 1327 1334 1339 1361 1373 1375 1376 1379 1383 1385 1398 1404 1412 1416 1419 1422 1423 1435 1440 1455 1528 1529 1554 1565 1580 1607 1618 1643 1645 1652 1654 1670 1672 1703 1708 1718 1725 1738 1779 1806 1827 1839 1851 1860 1866 1867 1871 1895 1900 1959 1961 1963 1966 1967 1973 1983 1987 1991 2006 2008 2009 2026 2027 2045 2046 2063 2071 2080
6,67,CG-MOACO,area_s5_t300,0.2780898876404494,1656.4546800821665,1.624807680927192,1 7 9 19 31 40 55 67 80 83 88 91 98 102 105 106 137 141 157 174 175 176 189 200 218 220 221 226 230 252 259 270 272 278 285 292 308 325 334 348 371 379 393 415 429 434 440 445 450 461 465 496 528 532 546 554 562 566 578 593 608 613 617 622 626 648 650 675 685 700 708 716 719 729 734 740 771 772 776 802 806 812 828 860 862 867 871 910 911 915 929 941 948 957 972 980 991 994 999 1000 1002 1016 1024 1036 1038 1056 1060 1068 1070 1086 1105 1127 1139 1143 1144 1158 1162 1175 1187 1199 1202 1222 1237 1241 1262 1264 1279 1311 1316 1318 1323 1329 1334 1338 1339 1361 1370 1375 1377 1383 1394 1398 1403 1419 1422 1423 1434 1436 1442 1483 1490 1504 1511 1529 1535 1544 1554 1565 1584 1589 1606 1607 1618 1643 1645 1672 1683 1708 1709 1718 1720 1732 1747 1756 1781 1787 1797 1808 1823 1835 1845 1851 1854 1860 1867 1882 1901 1923 1952 1963 1966 1973 1983 1987 2008 2016 2027 2045 2047 2058 2063 2080 2083
6,68,CG-MOACO,area_s5_t300,0.27200374531835203,1662.7147065112704,2.4819347291981715,1 31 47 55 61 67 80 91 98 102 114 129 132 137 142 148 165 175 176 178 218 220 223 226 230 232 252 258 270 275 278 310 314 317 319 334 336 356 362 371 379 395 411 412 415 440 449 450 464 465 467 516 528 532 537 543 562 565 580 589 593 607 613 616 626 648 654 658 671 675 685 694 700 708 719 734 740 776 802 806 809 860 862 875 908 910 911 913 915 917 935 941 946 958 967 978 982 994 996 1016 1024 1028 1036 1038 1044 1056 1060 1064 1097 1108 1127 1128 1137 1143 1158 1168 1173 1187 1188 1199 1202 1215 1223 1237 1260 1262 1264 1268 1279 1292 1310 1311 1318 1323 1327 1334 1338 1339 1354 1361 1370 1375 1378 1383 1385 1403 1412 1419 1423 1434 1436 1440 1457 1483 1504 1509 1529 1544 1584 1599 1606 1616 1643 1645 1648 1652 1683 1697 1708 1735 1747 1756 1793 1797 1808 1815 1818 1823 1829 1835 1842 1854 1860 1882 1888 1901 1922 1924 1926 1928 1940 1963 1966 1973 1983 1987 1989 2006 2008 2016 2025 2038 2044 2049 2057 2063
6,69,CG-MOACO,area_s5_t300,0.25936329588014984,1695.9611907915425,3.03315017762062,1 5 9 15 19 47 54 77 78 80 98 102 105 114 122 129 137 148 157 175 176 182 191 200 218 220 226 230 235 252 257 265 272 277 285 292 307 308 311 317 334 362 365 379 395 398 415 440 449 450 457 458 465 477 504 525 532 578 583 589 593 605 607 613 615 617 622 626 632 637 648 654 685 700 708 716 734 740 760 766 771 772 776 790 802 806 825 829 862 910 911 919 920 929 935 965 973 978 980 991 994 996 1028 1039 1056 1062 1064 1070 1073 1080 1089 1091 1104 1127 1137 1143 1158 1162 1164 1168 1173 1187 1199 1202 1204 1205 1223 1224 1241 1262 1264 1279 1281 1283 1297 1302 1304 1308 1311 1318 1320 1327 1334 1336 1338 1339 1370 1376 1378 1383 1385 1386 1394 1403 1412 1416 1419 1423 1429 1434 1435 1440 1469 1526 1535 1544 1554 1565 1574 1601 1631 1645 1647 1667 1672 1697 1718 1735 1747 1756 1765 1779 1787 1792 1797 1811 1823 1833 1842 1851 1854 1860 1865 1882 1888 1937 1946 1963 1966 1983 2008 2023 2026 2036 2044 2049 2058 2063 2080 2082
6,70,CG-MOACO,area_s5_t300,0.2780898876404494,1650.9774288226522,2.039607805437114,1 31 43 47 55 71 98 102 105 109 111 134 137 157 175 191 218 220 226 230 232 249 252 256 263 265 270 272 284 300 308 310 313 317 325 334 362 379 395 398 412 420 440 452 464 465 479 508 530 543 545 554 562 565 566 592 593 608 612 615 616 626 638 651 654 676 700 705 708 716 734 740 743 760 771 772 775 790 802 806 831 862 868 870 890 897 911 915 917 938 941 948 957 958 972 980 994 1001 1016 1020 1028 1036 1039 1060 1064 1089 1101 1104 1105 1126 1137 1143 1158 1162 1173 1183 1187 1199 1202 1204 1205 1223 1237 1258 1262 1264 1268 1269 1278 1296 1297 1300 1310 1318 1323 1334 1336 1339 1360 1361 1367 1375 1383 1394 1395 1398 1403 1412 1419 1423 1429 1434 1435 1440 1458 1461 1469 1483 1487 1525 1529 1544 1584 1645 1648 1652 1673 1732 1738 1756 1766 1769 1787 1793 1797 1808 1812 1823 1834 1836 1839 1840 1842 1845 1860 1865 1882 1909 1922 1961 1963 1965 1967 1983 1986 1991 2008 2018 2023 2037 2045 2057 2063 2082
6,71,CG-MOACO,area_s5_t300,0.26638576779026213,1670.344427811831,1.3564659966250538,1 9 24 31 40 47 69 77 80 89 94 99 102 105 106 132 137 139 152 155 165 174 175 176 180 206 219 220 248 252 257 284 285 292 306 307 317 336 344 370 379 395 440 445 449 450 453 465 475 477 514 528 530 537 543 544 559 562 565 589 593 599 602 605 607 611 626 648 654 676 700 708 716 721 734 740 760 771 775 776 790 802 825 836 860 862 879 915 929 958 967 978 982 1019 1024 1028 1036 1039 1045 1062 1064 1070 1081 1086 1088 1105 1114 1127 1128 1139 1143 1158 1173 1187 1189 1199 1202 1205 1223 1224 1234 1237 1257 1262 1264 1266 1279 1291 1292 1308 1318 1327 1336 1339 1345 1361 1376 1383 1385 1394 1412 1416 1419 1423 1425 1436 1440 1457 1469 1483 1490 1524 1528 1529 1531 1544 1571 1584 1599 1614 1616 1643 1645 1649 1652 1672 1708 1718 1726 1738 1747 1756 1769 1784 1787 1792 1794 1797 1808 1812 1823 1840 1842 1845 1853 1854 1865 1873 1882 1888 1901 1909 1946 1963 1983 1987 1995 2006 2008 2015 2026 2037 2045 2049 2058 2082 2083
6,72,CG-MOACO,area_s5_t300,0.28979400749063666,1648.6560101851499,1.0954451150103321,1 7 9 38 40 47 55 68 80 98 102 122 137 142 144 165 175 176 178 182 184 191 219 220 251 252 256 261 264 270 278 283 311 316 334 348 362 391 395 413 415 431 433 440 449 450 458 461 480 528 532 554 571 573 583 593 608 615 626 648 650 654 675 685 700 701 708 716 719 734 741 749 750 771 772 776 802 814 828 853 858 860 890 910 915 918 929 941 955 957 972 973 974 980 994 1028 1039 1053 1056 1060 1065 1073 1089 1105 1114 1126 1128 1137 1143 1156 1158 1173 1183 1187 1199 1202 1205 1225 1237 1262 1264 1279 1293 1302 1303 1318 1323 1334 1336 1339 1361 1383 1387 1404 1405 1412 1422 1423 1427 1440 1449 1453 1457 1483 1494 1524 1529 1537 1544 1571 1606 1618 1627 1637 1645 1648 1650 1652 1660 1711 1718 1734 1738 1747 1756 1757 1765 1773 1777 1781 1786 1787 1792 1793 1797 1808 1818 1836 1840 1851 1854 1860 1866 1882 1888 1896 1901 1937 1963 1983 1995 2006 2008 2018 2023 2037 2045 2058 2063 2076
6,73,CG-MOACO,area_s5_t300,0.2794943820224719,1645.77392121387,1.7204650534085253,1 5 9 15 31 38 42 45 47 67 78 80 91 98 99 102 106 114 119 132 137 148 154 157 159 175 176 179 220 252 263 270 277 285 292 308 317 334 344 348 371 379 412 420 431 440 450 458 465 497 504 528 536 545 562 583 593 602 607 611 613 622 626 642 650 651 664 676 681 700 708 731 734 741 760 771 775 790 802 806 809 812 825 848 868 878 885 887 911 919 929 936 943 956 957 967 999 1001 1024 1028 1037 1039 1058 1062 1068 1070 1089 1104 1108 1127 1137 1139 1143 1158 1162 1173 1183 1187 1199 1202 1205 1234 1236 1237 1262 1264 1279 1297 1304 1319 1323 1327 1333 1334 1336 1339 1376 1377 1383 1392 1403 1404 1408 1419 1423 1425 1435 1440 1445 1453 1478 1528 1544 1554 1565 1576 1612 1637 1643 1645 1652 1654 1672 1683 1718 1720 1749 1756 1787 1792 1797 1808 1815 1835 1839 1840 1842 1860 1882 1888 1896 1901 1923 1941 1963 1965 1967 1983 1989 1991 2006 2014 2033 2037 2045 2046 2047 2049 2058 2063 2080
6,74,CG-MOACO,area_s5_t300,0.2907303370786517,1620.5902212118674,1.8547236990991407,1 7 40 47 55 63 80 90 99 102 105 111 117 137 175 176 182 189 200 206 219 223 226 230 232 252 263 270 278 285 308 311 317 325 334 356 362 370 379 395 429 449 450 458 464 475 500 508 528 529 537 543 562 566 580 583 589 593 598 605 613 626 637 648 650 671 678 681 685 700 708 734 741 749 760 763 790 806 847 853 858 860 871 890 910 916 925 929 935 941 946 957 965 967 981 982 1001 1012 1024 1028 1036 1042 1056 1060 1068 1070 1078 1079 1089 1105 1117 1127 1137 1143 1156 1173 1183 1187 1199 1202 1237 1262 1264 1280 1289 1318 1323 1339 1361 1370 1375 1376 1378 1383 1386 1394 1403 1412 1419 1422 1434 1436 1446 1457 1482 1529 1544 1549 1554 1584 1597 1604 1606 1618 1637 1639 1643 1645 1652 1654 1672 1704 1708 1711 1725 1732 1738 1756 1777 1797 1804 1808 1819 1820 1823 1839 1882 1888 1896 1923 1940 1945 1952 1959 1963 1964 1967 1983 1987 1991 1996 2008 2010 2018 2037 2063 2080 2083
6,75,CG-MOACO,area_s5_t300,0.28745318352059923,1644.3509483129235,1.16619037896906,1 9 47 61 71 80 86 98 99 101 102 106 132 137 161 165 167 175 176 178 182 191 215 219 220 241 252 261 263 270 278 284 285 292 307 311 316 321 326 334 370 395 420 440 449 450 457 458 461 465 483 537 543 554 560 589 593 595 607 612 617 648 654 671 676 685 700 708 716 726 734 741 743 760 776 790 795 801 806 808 825 853 858 860 862 877 879 910 913 918 921 929 936 941 958 963 973 980 994 996 1001 1024 1039 1052 1056 1060 1070 1085 1127 1129 1132 1143 1158 1162 1175 1187 1189 1199 1202 1222 1234 1237 1256 1262 1264 1268 1278 1289 1291 1308 1323 1339 1346 1364 1369 1370 1375 1376 1385 1392 1394 1406 1412 1418 1440 1448 1457 1483 1496 1524 1529 1544 1571 1584 1599 1606 1616 1643 1645 1647 1649 1652 1673 1718 1725 1733 1738 1747 1756 1787 1797 1800 1802 1808 1819 1823 1831 1835 1842 1860 1865 1882 1889 1895 1919 1928 1963 1966 1973 1983 2006 2018 2025 2032 2038 2049 2055 2057 2063 2082 2083
6,76,CG-MOACO,area_s5_t300,0.25936329588014984,1711.9081574696247,1.4142135623730951,1 9 47 55 59 63 76 80 98 101 102 106 114 129 137 141 152 175 176 182 215 220 257 261 270 278 284 288 292 308 311 316 319 334 348 371 378 395 398 410 413 415 420 431 440 449 450 458 461 465 467 508 528 537 542 543 559 583 584 586 589 593 605 608 613 641 648 650 678 700 708 715 716 719 734 749 760 771 775 790 802 860 862 871 903 911 913 915 917 929 936 941 967 978 980 991 1001 1024 1028 1032 1037 1056 1060 1086 1089 1102 1107 1126 1129 1137 1141 1143 1158 1164 1173 1183 1187 1199 1201 1202 1215 1221 1223 1234 1237 1262 1264 1279 1290 1304 1318 1320 1323 1334 1339 1352 1369 1375 1376 1378 1384 1398 1402 1404 1412 1419 1423 1430 1434 1436 1440 1441 1448 1453 1483 1490 1492 1496 1524 1529 1544 1604 1615 1639 1645 1648 1652 1667 1670 1672 1708 1718 1719 1738 1749 1756 1761 1777 1787 1806 1808 1815 1831 1834 1836 1839 1842 1854 1860 1888 1895 1901 1924 1928 1929 1937 1940 1944 1961 1965 1983 2006 2008 2009 2018 2023 2037 2046 2058 2063
6,77,CG-MOACO,area_s5_t300,0.28323970037453183,1631.8789828517315,3.0066592756745814,1 40 47 55 59 68 80 86 91 98 102 106 111 129 134 137 154 156 175 176 180 182 219 220 223 252 256 270 278 285 308 311 317 334 356 370 379 411 412 415 420 440 445 449 450 452 458 461 465 467 494 530 532 543 553 584 593 607 611 615 626 650 700 708 711 716 719 734 741 760 775 776 790 802 806 812 825 847 858 860 870 879 908 910 911 917 929 946 948 952 974 982 1016 1035 1036 1039 1048 1056 1062 1067 1086 1091 1117 1127 1143 1162 1172 1173 1189 1199 1202 1205 1223 1224 1258 1262 1264 1279 1314 1316 1318 1323 1327 1334 1336 1361 1370 1375 1384 1398 1402 1419 1423 1434 1435 1440 1441 1449 1454 1455 1458 1469 1483 1506 1524 1529 1544 1562 1565 1571 1580 1584 1602 1615 1645 1648 1649 1652 1660 1673 1708 1718 1750 1756 1765 1779 1793 1797 1815 1820 1823 1827 1836 1839 1840 1842 1845 1854 1860 1882 1900 1922 1928 1937 1940 1954 1959 1963 1965 1983 1986 2006 2008 2023 2026 2027 2028 2038 2057 2063 2074 2076
6,78,CG-MOACO,area_s5_t300,0.29962546816479396,1609.3384567353742,0.8,9 47 55 71 80 99 102 105 132 137 143 144 152 154 157 175 176 178 182 191 211 218 252 265 270 278 284 285 291 292 307 310 317 334 336 362 379 391 398 415 440 445 449 450 461 465 477 480 496 508 548 559 562 578 593 607 611 612 626 648 650 654 659 664 675 685 700 708 722 729 734 750 771 787 802 811 825 847 858 867 870 897 910 913 915 917 929 935 946 957 991 994 1001 1016 1019 1024 1026 1036 1039 1041 1053 1060 1070 1089 1105 1127 1143 1158 1171 1187 1189 1199 1202 1205 1223 1237 1244 1262 1264 1278 1304 1311 1318 1323 1334 1338 1339 1350 1361 1364 1369 1383 1404 1412 1418 1423 1434 1435 1440 1480 1483 1490 1524 1529 1544 1565 1571 1591 1599 1606 1608 1616 1639 1645 1647 1652 1654 1672 1708 1718 1732 1735 1747 1756 1777 1779 1789 1792 1797 1804 1812 1829 1835 1842 1845 1854 1860 1888 1929 1940 1963 1966 1973 1983 1987 1989 2006 2008 2009 2025 2045 2046 2055 2058 2063 2076 2080
6,79,CG-MOACO,area_s5_t300,0.28417602996254676,1633.9637366219858,1.5999999999999999,1 31 38 42 47 78 80 86 90 98 102 111 114 137 152 153 174 175 176 180 220 221 252 257 260 270 284 285 292 300 306 308 310 317 336 356 362 379 380 393 395 410 413 440 450 458 461 465 477 494 509 517 528 532 562 578 580 593 605 608 611 613 616 626 648 651 654 671 676 685 700 708 716 719 734 738 741 760 776 790 802 806 825 831 860 862 879 885 910 911 929 935 941 946 957 958 965 967 978 980 987 1012 1024 1036 1039 1056 1062 1064 1073 1096 1104 1105 1127 1143 1158 1175 1187 1189 1199 1202 1204 1222 1237 1257 1260 1262 1264 1268 1270 1279 1296 1318 1323 1334 1339 1361 1374 1375 1376 1383 1385 1394 1395 1400 1411 1419 1423 1440 1457 1473 1482 1529 1544 1565 1581 1584 1606 1615 1643 1645 1647 1649 1652 1708 1717 1725 1732 1735 1745 1747 1756 1769 1797 1806 1808 1810 1818 1823 1842 1845 1849 1852 1854 1860 1882 1888 1901 1922 1926 1966 1973 1983 1987 2006 2018 2026 2029 2049 2055 2057 2063
6,80,CG-MOACO,area_s5_t300,0.29588014981273403,1642.1785286983318,0.9797958971132712,1 31 38 41 47 55 68 78 80 99 102 106 111 119 122 132 137 156 165 175 176 215 219 249 252 264 270 281 306 308 311 317 337 356 359 369 379 386 391 393 415 440 445 464 465 477 528 530 532 559 562 565 586 591 593 602 608 609 611 613 629 641 650 651 653 656 680 700 708 710 740 744 760 776 787 790 812 828 842 847 868 875 910 911 913 916 917 920 929 941 946 952 967 968 982 994 999 1016 1024 1028 1039 1060 1079 1086 1091 1104 1105 1127 1137 1143 1149 1162 1170 1187 1199 1223 1231 1234 1260 1264 1270 1278 1296 1302 1305 1310 1318 1323 1334 1339 1350 1375 1376 1380 1385 1398 1403 1404 1406 1412 1419 1422 1423 1434 1436 1440 1453 1457 1481 1483 1528 1529 1544 1567 1599 1618 1645 1652 1670 1734 1747 1756 1775 1797 1800 1808 1812 1827 1835 1840 1845 1860 1867 1882 1889 1896 1901 1940 1951 1959 1961 1963 1965 1980 1984 1987 1989 1991 2006 2008 2018 2026 2036 2045 2046 2055 2058 2063 2083
6,81,CG-MOACO,area_s5_t300,0.2724719101123596,1682.3418947216815,1.16619037896906,1 5 9 77 80 98 105 120 132 137 154 157 165 170 175 176 178 180 182 191 200 201 210 219 220 223 252 257 260 269 270 278 284 285 307 309 311 317 334 379 393 395 415 429 440 449 450 465 480 489 508 529 533 537 560 562 565 580 589 593 605 607 615 616 626 648 650 671 700 705 708 734 740 760 766 775 787 790 802 806 807 815 829 847 858 860 877 885 908 910 911 915 917 929 935 936 941 954 957 965 967 980 1018 1036 1039 1056 1060 1068 1070 1089 1105 1126 1142 1143 1155 1158 1162 1175 1187 1199 1202 1205 1234 1236 1237 1258 1262 1264 1279 1289 1297 1304 1314 1318 1320 1323 1336 1339 1352 1370 1378 1383 1385 1398 1403 1412 1416 1424 1427 1434 1440 1469 1483 1490 1529 1544 1554 1584 1604 1618 1645 1649 1652 1654 1658 1677 1701 1718 1732 1747 1749 1756 1779 1792 1793 1797 1815 1823 1827 1842 1854 1857 1860 1867 1882 1900 1926 1928 1937 1954 1963 1965 1981 1983 1989 2006 2008 2018 2023 2026 2027 2037 2045 2058 2061 2063
6,82,CG-MOACO,area_s5_t300,0.2823033707865169,1630.8943278123977,3.4409301068170506,1 38 40 47 55 61 67 73 80 91 98 102 106 125 132 137 141 143 175 176 184 189 191 210 218 226 230 249 252 258 260 270 278 285 308 311 313 317 327 334 348 371 379 393 395 415 424 437 440 475 497 525 528 530 532 537 558 559 591 593 613 616 626 629 650 654 700 701 708 711 716 719 731 734 741 760 771 776 790 802 806 827 836 842 858 860 910 911 917 929 937 941 945 957 973 978 980 991 994 999 1001 1024 1039 1060 1070 1086 1089 1126 1137 1143 1158 1162 1164 1173 1183 1187 1189 1199 1202 1205 1223 1237 1241 1264 1279 1296 1297 1304 1323 1334 1336 1339 1352 1376 1384 1395 1403 1404 1411 1412 1419 1423 1424 1446 1448 1455 1469 1470 1482 1524 1527 1535 1544 1606 1612 1643 1645 1649 1655 1660 1672 1693 1700 1708 1711 1718 1724 1738 1756 1777 1787 1792 1808 1815 1839 1842 1854 1860 1866 1882 1888 1900 1909 1928 1932 1937 1940 1944 1963 1965 1967 1983 1986 2006 2018 2023 2037 2045 2058 2061 2063 2076
6,83,CG-MOACO,area_s5_t300,0.27855805243445697,1650.3918668648544,2.8000000000000003,1 9 15 38 47 68 78 80 98 102 105 106 132 137 144 148 152 153 175 176 178 182 200 206 219 220 235 252 256 285 292 307 311 317 334 348 356 379 391 395 420 424 425 431 440 445 449 450 465 475 477 504 508 528 530 543 544 589 593 598 607 613 626 632 648 650 654 676 678 685 700 708 731 734 740 744 749 760 766 772 790 802 825 831 842 858 860 862 885 910 911 913 917 941 944 947 958 967 973 978 980 991 996 1012 1016 1024 1028 1033 1039 1055 1062 1070 1089 1104 1126 1128 1137 1143 1168 1173 1187 1199 1202 1204 1205 1225 1237 1264 1279 1297 1304 1310 1318 1334 1354 1370 1375 1378 1383 1410 1412 1416 1419 1423 1434 1435 1440 1468 1496 1524 1529 1535 1544 1567 1584 1606 1616 1637 1643 1645 1647 1649 1652 1683 1700 1708 1732 1735 1750 1756 1766 1776 1787 1793 1797 1808 1813 1839 1842 1851 1854 1865 1882 1888 1901 1902 1924 1941 1946 1963 1965 1983 1989 2006 2008 2038 2044 2046 2049 2058 2063 2082 2083
6,84,CG-MOACO,area_s5_t300,0.2471910112359551,1757.7510585988489,1.6733200530681511,1 5 9 19 38 47 59 76 78 80 98 102 106 114 117 137 141 175 176 182 215 218 226 230 252 257 258 260 270 276 277 278 284 285 311 317 334 336 348 356 358 371 379 412 415 424 440 445 449 450 454 465 497 508 517 528 537 559 562 589 593 602 605 607 609 611 613 615 629 643 648 654 676 700 708 716 718 719 741 760 790 802 806 809 825 835 858 862 870 885 890 905 911 915 917 929 941 945 946 958 978 980 999 1036 1039 1060 1064 1073 1085 1086 1089 1096 1105 1126 1137 1143 1149 1151 1158 1171 1175 1187 1199 1202 1205 1215 1222 1228 1234 1237 1262 1264 1278 1297 1304 1310 1318 1323 1334 1336 1361 1375 1376 1380 1385 1386 1394 1398 1403 1411 1412 1416 1419 1422 1423 1434 1435 1440 1453 1455 1469 1483 1525 1544 1554 1565 1584 1606 1618 1625 1643 1645 1648 1652 1672 1683 1708 1726 1734 1750 1797 1803 1808 1811 1823 1827 1837 1839 1840 1845 1854 1860 1882 1884 1888 1901 1922 1928 1937 1940 1963 1965 1983 2003 2008 2016 2023 2027 2029 2037 2047 2058 2063 2080 2082
6,85,CG-MOACO,area_s5_t300,0.26498127340823974,1694.3724569355452,0.8,9 38 41 47 55 67 71 76 78 80 83 98 102 105 114 125 137 152 174 175 176 182 215 218 220 226 230 252 257 258 260 270 278 285 292 306 308 317 348 362 371 379 410 414 415 420 440 450 458 465 477 480 497 504 508 533 545 552 554 559 562 578 593 605 612 615 643 651 654 676 700 708 716 719 734 741 760 775 782 790 802 806 808 825 858 862 868 887 910 918 929 947 954 957 978 982 994 1001 1019 1027 1028 1039 1057 1062 1064 1073 1077 1089 1115 1129 1137 1139 1143 1158 1162 1164 1170 1183 1187 1199 1202 1205 1223 1234 1237 1262 1264 1268 1278 1297 1304 1310 1318 1323 1334 1339 1361 1395 1404 1412 1416 1423 1430 1434 1436 1440 1442 1446 1448 1457 1469 1487 1524 1527 1529 1544 1565 1571 1604 1608 1641 1643 1645 1648 1649 1652 1660 1672 1708 1714 1732 1735 1747 1756 1765 1769 1773 1787 1797 1802 1806 1808 1818 1829 1834 1840 1842 1845 1860 1882 1888 1901 1922 1959 1963 1979 1983 2006 2008 2018 2023 2045 2046 2049 2055 2058 2063 2083
6,86,CG-MOACO,area_s5_t300,0.31273408239700373,1589.9106998400346,1.2,0 31 42 47 63 71 78 80 83 90 102 132 137 141 150 167 175 176 180 199 201 205 219 252 257 261 274 276 284 307 310 317 334 341 370 378 391 410 420 437 440 445 453 461 465 477 485 508 528 530 537 543 560 565 593 607 626 648 650 651 656 674 675 700 701 708 729 734 740 744 771 772 802 809 815 829 847 868 879 885 887 895 903 910 911 929 935 943 946 957 967 982 999 1024 1032 1039 1041 1053 1056 1060 1068 1073 1096 1104 1105 1114 1127 1143 1162 1187 1199 1202 1223 1237 1258 1262 1264 1278 1296 1310 1323 1334 1339 1350 1352 1370 1378 1384 1394 1398 1403 1412 1422 1423 1434 1436 1440 1441 1445 1448 1455 1463 1483 1529 1544 1549 1554 1567 1584 1599 1618 1645 1648 1650 1652 1673 1708 1735 1751 1756 1769 1775 1793 1797 1823 1825 1827 1829 1833 1835 1839 1845 1854 1860 1882 1896 1924 1961 1963 1967 1983 1987 1989 2006 2018 2027 2036 2038 2055 2057 2063 2071 2076
6,87,CG-MOACO,area_s5_t300,0.2710674157303371,1665.4207836235173,1.4696938456699067,9 19 31 40 47 55 63 79 80 98 102 105 111 132 137 156 167 175 176 200 206 219 220 232 252 257 270 284 285 306 308 311 317 336 337 341 356 362 369 370 379 391 414 415 420 434 440 450 458 465 494 497 507 508 537 544 545 552 554 562 578 592 593 605 608 613 615 626 637 676 700 705 716 719 734 741 775 802 812 815 821 825 860 862 867 871 877 890 910 911 915 929 935 941 945 956 972 974 978 982 999 1000 1012 1018 1032 1036 1062 1064 1068 1070 1073 1089 1117 1123 1126 1137 1143 1158 1167 1172 1183 1187 1199 1222 1258 1261 1264 1279 1318 1320 1323 1336 1339 1352 1361 1369 1375 1378 1383 1394 1416 1419 1423 1426 1434 1436 1440 1482 1487 1490 1506 1524 1529 1531 1544 1571 1581 1604 1618 1638 1645 1648 1652 1683 1704 1718 1734 1735 1747 1756 1779 1781 1787 1793 1797 1811 1833 1842 1845 1851 1854 1860 1882 1888 1896 1909 1937 1952 1953 1963 1964 1980 1983 1986 1995 2006 2008 2025 2027 2039 2044 2046 2058 2063 2082 2083
6,88,CG-MOACO,area_s5_t300,0.26732209737827717,1691.069877269536,1.3266499161421599,1 9 31 41 47 59 76 78 80 98 102 114 137 150 152 153 156 175 176 180 189 191 220 236 245 252 257 270 273 284 308 310 317 334 356 362 370 377 379 391 412 415 420 432 437 440 445 450 458 461 465 467 477 483 484 508 516 524 528 537 554 561 578 584 586 593 605 608 613 615 671 697 708 716 719 729 734 740 742 749 760 802 812 862 868 879 885 905 910 911 913 917 929 936 942 943 946 957 965 978 987 991 999 1000 1036 1039 1056 1064 1070 1091 1104 1105 1107 1127 1143 1158 1173 1187 1199 1202 1215 1223 1234 1241 1259 1262 1264 1280 1290 1296 1316 1323 1339 1370 1376 1378 1383 1394 1398 1410 1412 1419 1434 1436 1455 1469 1486 1487 1502 1526 1529 1544 1565 1584 1599 1604 1606 1618 1638 1643 1645 1650 1654 1708 1714 1718 1732 1747 1751 1792 1797 1804 1806 1808 1842 1845 1853 1854 1860 1871 1877 1882 1883 1888 1901 1923 1937 1940 1953 1962 1963 1980 1983 2001 2006 2008 2016 2018 2023 2027 2037 2045 2046 2047 2058 2063
6,89,CG-MOACO,area_s5_t300,0.29447565543071164,1637.9881532941001,1.019803902718557,1 9 14 31 77 80 89 98 101 103 106 132 137 153 155 167 172 174 175 176 196 202 210 215 220 245 252 257 261 264 270 284 285 308 317 319 334 371 378 390 420 440 445 449 450 456 458 461 465 475 477 480 528 533 537 542 554 578 589 593 615 669 676 681 700 701 708 716 734 741 749 760 762 771 775 776 790 812 815 847 860 885 910 911 913 915 921 929 936 941 957 965 982 999 1027 1028 1037 1039 1062 1064 1089 1104 1126 1128 1137 1139 1143 1173 1187 1189 1199 1202 1205 1218 1223 1234 1237 1244 1260 1264 1279 1289 1304 1318 1323 1327 1339 1370 1375 1378 1384 1394 1398 1402 1403 1412 1419 1422 1434 1436 1440 1441 1445 1448 1483 1490 1528 1529 1544 1565 1575 1584 1586 1599 1639 1645 1649 1652 1654 1660 1708 1718 1726 1738 1747 1756 1765 1781 1787 1793 1808 1820 1823 1824 1845 1851 1860 1867 1882 1901 1909 1922 1963 1965 1983 1986 1991 2008 2011 2018 2023 2027 2037 2045 2057 2063 2065
6,90,CG-MOACO,area_s5_t300,0.2837078651685393,1642.8021524746277,1.8330302779823362,1 9 24 47 59 91 98 102 106 109 111 117 137 141 152 156 174 175 176 180 182 191 210 219 252 257 260 270 278 310 317 334 336 356 358 370 379 386 399 412 415 432 440 450 457 458 461 465 516 530 536 544 560 562 580 593 605 613 615 644 648 650 671 676 678 708 716 719 734 740 760 775 777 790 808 812 825 833 858 860 862 890 907 910 915 929 938 941 946 952 958 967 982 1017 1019 1028 1036 1039 1042 1053 1056 1060 1068 1070 1073 1089 1096 1105 1117 1126 1137 1143 1173 1187 1199 1202 1205 1221 1237 1262 1264 1278 1296 1302 1304 1308 1319 1320 1323 1336 1339 1343 1361 1383 1394 1398 1412 1419 1422 1429 1434 1435 1440 1453 1469 1526 1528 1529 1544 1554 1565 1579 1584 1599 1612 1637 1645 1648 1652 1673 1697 1718 1732 1738 1739 1792 1793 1797 1804 1806 1808 1823 1834 1836 1839 1854 1860 1871 1882 1901 1937 1940 1959 1961 1963 1965 1967 1983 1986 2006 2008 2016 2018 2023 2026 2037 2045 2047 2057 2063 2082
6,91,CG-MOACO,area_s5_t300,0.30149812734082393,1592.46081491609,1.0954451150103321,0 19 31 47 59 63 68 76 98 102 106 109 119 120 134 137 141 143 144 174 175 176 191 201 218 220 252 257 260 270 284 308 317 319 334 371 379 411 440 450 456 458 464 465 467 508 528 537 544 562 578 580 593 605 608 615 616 626 650 651 654 658 685 694 700 708 711 719 734 754 760 771 772 790 802 815 825 831 841 862 868 875 910 911 919 929 936 971 978 982 1001 1020 1028 1036 1039 1056 1060 1086 1105 1107 1117 1137 1139 1143 1152 1158 1162 1164 1173 1187 1191 1199 1202 1221 1223 1224 1226 1237 1262 1264 1278 1289 1296 1308 1318 1323 1336 1339 1364 1367 1375 1384 1403 1404 1408 1412 1419 1429 1434 1435 1440 1469 1482 1518 1524 1544 1556 1559 1565 1599 1606 1645 1648 1649 1652 1655 1691 1708 1718 1719 1731 1735 1738 1739 1747 1751 1756 1766 1769 1782 1793 1797 1808 1818 1842 1854 1860 1883 1888 1901 1922 1926 1957 1963 1966 1979 1983 1989 2006 2009 2023 2038 2044 2058 2063
6,92,CG-MOACO,area_s5_t300,0.28979400749063666,1633.3212153818868,2.638181191654584,1 9 19 38 47 55 59 68 77 80 86 91 98 102 106 111 129 132 137 143 152 153 154 175 180 182 191 215 217 219 220 252 257 270 285 292 308 317 334 356 379 413 427 440 449 465 530 532 559 562 578 580 588 589 593 611 613 615 616 644 671 676 687 700 708 716 734 740 760 766 776 786 790 802 806 812 825 853 862 868 870 875 910 917 929 938 941 948 958 980 994 1028 1032 1036 1062 1064 1068 1073 1081 1097 1105 1126 1128 1137 1139 1143 1151 1158 1162 1170 1173 1187 1199 1202 1223 1230 1237 1241 1260 1264 1279 1302 1304 1310 1318 1323 1334 1336 1339 1361 1370 1377 1383 1385 1390 1391 1395 1411 1414 1419 1422 1423 1434 1435 1440 1528 1529 1544 1565 1584 1588 1604 1605 1616 1638 1645 1654 1660 1719 1732 1738 1747 1756 1766 1787 1792 1793 1797 1808 1815 1836 1860 1866 1868 1882 1888 1896 1897 1901 1902 1909 1928 1937 1940 1959 1963 1965 1983 1986 1991 2008 2023 2025 2027 2037 2045 2046 2058 2063
6,93,CG-MOACO,area_s5_t300,0.30149812734082393,1630.8380036574324,0.4,1 9 31 47 59 67 77 80 91 98 102 106 110 114 137 141 143 152 175 176 215 220 252 257 265 270 278 285 292 308 317 325 334 337 358 371 379 380 391 440 449 450 453 458 461 465 476 528 560 580 583 589 591 593 602 608 611 613 615 622 641 648 650 666 676 685 700 708 727 731 734 744 760 771 790 802 807 812 847 868 885 910 911 917 929 944 957 978 980 999 1016 1028 1037 1039 1062 1072 1089 1127 1129 1133 1137 1139 1142 1152 1155 1163 1173 1183 1187 1191 1199 1202 1224 1234 1237 1239 1259 1262 1264 1278 1304 1318 1323 1327 1336 1339 1361 1370 1373 1376 1378 1380 1384 1394 1398 1402 1410 1412 1416 1419 1425 1435 1440 1453 1483 1490 1492 1524 1529 1606 1607 1643 1645 1652 1654 1700 1708 1718 1735 1738 1747 1749 1756 1765 1787 1792 1797 1806 1808 1811 1842 1851 1860 1888 1896 1901 1902 1929 1937 1959 1963 1965 1983 1986 1991 2009 2019 2026 2044 2046 2049 2058 2063 2083
6,94,CG-MOACO,area_s5_t300,0.26357677902621723,1679.027594741995,1.4966629547095767,1 9 15 47 59 78 80 98 102 111 124 137 141 175 176 182 219 220 226 230 236 249 252 256 270 278 284 292 308 311 313 317 334 348 356 362 370 379 395 412 415 420 424 431 440 450 479 497 504 528 529 532 543 562 593 605 608 611 613 615 617 622 626 641 643 651 654 671 676 685 700 708 711 734 741 776 802 806 808 825 858 862 868 870 872 875 885 897 910 911 917 920 929 935 941 946 967 978 991 996 1001 1028 1036 1039 1060 1064 1070 1078 1097 1126 1137 1143 1158 1162 1164 1168 1173 1187 1189 1199 1202 1205 1223 1237 1260 1262 1264 1280 1296 1304 1310 1314 1318 1323 1327 1334 1336 1352 1361 1370 1373 1375 1384 1394 1403 1411 1412 1419 1423 1430 1434 1440 1441 1469 1529 1556 1594 1599 1616 1618 1643 1645 1647 1649 1652 1654 1658 1660 1670 1697 1708 1711 1750 1756 1769 1797 1800 1806 1808 1818 1820 1823 1827 1829 1835 1839 1842 1860 1882 1888 1901 1961 1963 1966 1973 1983 1987 1991 2005 2008 2018 2027 2036 2037 2045 2058 2063
6,95,CG-MOACO,area_s5_t300,0.25046816479400746,1727.2166050451788,2.65329983228432,1 9 14 38 40 47 55 63 77 80 86 91 98 99 102 106 132 137 141 150 175 176 202 218 220 226 230 252 257 258 260 270 278 285 308 317 334 356 371 379 395 411 412 415 420 424 431 440 449 450 461 465 477 532 543 554 559 573 576 583 588 593 595 602 605 608 615 617 626 637 648 650 654 671 676 698 700 708 716 719 734 741 750 760 776 790 802 806 814 825 853 858 860 862 897 900 910 917 929 936 941 947 957 958 980 1001 1036 1039 1057 1062 1085 1089 1105 1117 1127 1129 1137 1139 1143 1158 1162 1173 1183 1187 1189 1199 1202 1205 1223 1234 1236 1237 1239 1264 1270 1278 1296 1318 1323 1334 1336 1339 1362 1375 1376 1383 1385 1395 1398 1403 1404 1406 1411 1412 1419 1422 1423 1437 1440 1455 1457 1469 1524 1527 1529 1544 1565 1606 1607 1638 1645 1652 1673 1700 1708 1710 1718 1732 1735 1738 1749 1779 1781 1787 1797 1810 1815 1839 1840 1853 1854 1865 1871 1882 1909 1922 1923 1928 1937 1940 1959 1963 1967 1983 2001 2006 2008 2025 2044 2046 2049 2057 2063
6,96,CG-MOACO,area_s5_t300,0.29260299625468167,1631.1488312296478,1.16619037896906,1 9 41 47 77 80 86 98 102 105 106 110 132 137 155 165 167 174 175 176 180 191 220 252 256 260 265 278 284 306 308 310 317 336 371 379 393 409 420 431 440 445 449 450 458 465 481 508 530 537 543 554 559 589 593 605 607 612 617 627 648 676 681 700 701 705 708 734 741 760 766 771 775 790 802 806 812 853 858 862 868 875 885 887 903 910 917 929 936 942 943 946 957 965 978 982 1024 1036 1051 1056 1064 1068 1105 1107 1137 1143 1158 1164 1175 1187 1197 1199 1202 1205 1215 1222 1237 1242 1260 1262 1264 1278 1289 1304 1314 1318 1320 1323 1336 1339 1370 1378 1385 1394 1399 1402 1403 1412 1422 1434 1436 1448 1457 1469 1482 1486 1490 1520 1528 1544 1565 1604 1608 1615 1645 1647 1649 1655 1667 1708 1718 1735 1738 1747 1749 1765 1778 1793 1797 1803 1808 1827 1853 1860 1882 1888 1901 1922 1924 1963 1965 1978 1980 1983 1987 1989 1991 2003 2006 2008 2016 2018 2026 2027 2046 2055 2058 2063 2074
6,97,CG-MOACO,area_s5_t300,0.2991573033707865,1641.2145622287514,0.8,1 9 19 31 59 68 78 80 86 99 102 106 132 137 139 154 175 176 180 215 220 252 260 261 278 292 308 317 319 334 336 348 350 356 361 371 395 411 412 415 420 440 449 458 461 465 489 508 537 543 559 562 583 589 592 593 602 607 611 613 615 650 654 656 664 676 700 705 708 719 734 741 745 760 775 790 802 806 825 841 853 862 868 871 910 917 929 936 939 943 957 958 967 980 994 1028 1033 1056 1057 1062 1086 1089 1096 1107 1127 1137 1139 1143 1173 1183 1187 1188 1199 1202 1223 1224 1237 1262 1264 1278 1302 1304 1308 1323 1327 1334 1336 1350 1378 1383 1385 1398 1403 1404 1410 1412 1416 1418 1422 1423 1427 1430 1434 1435 1440 1469 1496 1529 1544 1554 1615 1627 1631 1645 1648 1649 1652 1705 1718 1720 1724 1735 1750 1755 1779 1787 1793 1812 1815 1839 1840 1860 1866 1882 1888 1898 1900 1947 1954 1959 1961 1963 1965 1983 1986 1996 2003 2006 2008 2014 2023 2038 2046 2049 2057 2063 2074
6,98,CG-MOACO,area_s5_t300,0.2654494382022472,1707.7765589475414,0.7483314773547882,1 7 19 26 31 38 80 90 102 105 114 117 120 132 137 141 153 175 176 184 189 200 206 218 220 226 230 252 257 258 270 284 285 290 308 317 334 350 351 362 371 379 415 443 449 450 458 464 465 477 480 508 510 516 541 544 562 578 589 591 593 602 605 606 608 612 626 648 650 654 658 676 700 719 741 771 773 775 777 802 814 821 825 860 862 871 885 896 910 911 913 916 929 936 941 958 967 972 977 980 999 1001 1024 1028 1036 1038 1056 1070 1086 1089 1105 1127 1129 1137 1139 1143 1149 1158 1162 1167 1173 1187 1199 1202 1223 1234 1262 1264 1299 1310 1318 1331 1334 1339 1350 1370 1375 1376 1383 1385 1394 1395 1403 1412 1413 1419 1422 1423 1424 1426 1436 1457 1483 1486 1490 1524 1527 1529 1544 1567 1584 1616 1639 1645 1648 1649 1652 1670 1673 1683 1708 1734 1747 1749 1756 1769 1773 1789 1797 1808 1823 1827 1831 1836 1840 1854 1860 1882 1896 1897 1901 1937 1951 1963 1983 1988 2001 2006 2008 2018 2023 2024 2037 2045 2057 2063 2071 2082 2083
6,99,CG-MOACO,area_s5_t300,0.29026217228464424,1622.4319950745908,1.7204650534085253,1 9 38 47 55 63 80 86 98 102 106 129 137 141 152 175 176 180 182 189 199 215 217 219 220 252 270 274 284 292 307 308 311 317 327 334 348 356 379 412 415 420 440 449 450 458 461 508 530 559 562 578 583 589 593 607 611 615 625 637 648 654 671 675 700 705 708 716 734 741 749 775 787 802 806 809 815 843 858 862 868 870 910 911 913 917 929 936 941 943 946 954 967 978 982 991 994 996 999 1028 1034 1051 1056 1064 1089 1126 1132 1137 1141 1143 1158 1164 1170 1175 1187 1199 1202 1205 1237 1264 1268 1279 1283 1304 1310 1314 1318 1323 1327 1334 1339 1352 1370 1375 1376 1383 1398 1412 1416 1419 1422 1423 1434 1449 1453 1469 1483 1486 1528 1529 1537 1544 1554 1599 1603 1618 1637 1645 1652 1654 1673 1708 1711 1726 1738 1747 1756 1779 1797 1806 1811 1815 1827 1829 1854 1860 1866 1882 1922 1923 1924 1928 1931 1937 1940 1957 1963 1965 1983 2001 2006 2018 2023 2027 2037 2045 2047 2063 2071
7,0,CG-MOACO,area_s5_t300,0.39700374531835203,1486.3138477687164,1.0954451150103321,1 12 19 21 31 42 43 61 80 94 98 111 114 121 132 137 148 155 174 175 176 189 200 215 249 252 272 300 314 317 324 367 374 386 392 415 426 449 460 465 480 484 491 508 553 562 564 565 578 579 589 593 648 649 653 656 669 676 685 709 719 723 731 747 760 766 771 772 825 868 879 894 911 913 929 930 967 978 982 986 999 1001 1016 1022 1024 1028 1032 1035 1036 1042 1055 1114 1127 1130 1136 1143 1158 1161 1182 1230 1239 1260 1264 1276 1288 1297 1302 1324 1334 1339 1353 1361 1369 1372 1385 1394 1412 1419 1421 1423 1441 1482 1486 1498 1504 1525 1576 1584 1589 1609 1627 1640 1645 1652 1654 1658 1687 1697 1706 1715 1718 1735 1738 1747 1752 1754 1756 1774 1795 1800 1802 1808 1823 1835 1860 1867 1896 1901 1929 1961 1963 1969 1983 2009 2016 2044 2058 2063 2069 2083
7,1,CG-MOACO,area_s5_t300,0.38857677902621723,1492.391705678196,1.9390719429665317,18 27 36 70 79 80 99 105 106 108 126 137 148 172 173 175 182 189 200 219 242 272 283 285 291 311 317 325 333 360 374 386 426 458 461 465 483 486 500 503 510 520 537 553 558 562 580 593 613 620 626 637 648 658 695 708 719 724 734 741 771 807 813 821 825 846 858 862 867 868 896 903 910 918 924 929 944 955 957 958 974 976 978 980 984 985 1016 1030 1033 1036 1042 1050 1060 1070 1105 1117 1143 1184 1187 1199 1202 1225 1274 1278 1303 1338 1339 1345 1362 1370 1375 1419 1422 1423 1434 1436 1442 1446 1451 1483 1504 1509 1511 1519 1541 1544 1553 1556 1562 1584 1590 1604 1614 1618 1625 1627 1643 1645 1670 1673 1700 1718 1721 1756 1763 1779 1787 1797 1802 1806 1815 1823 1830 1839 1860 1878 1892 1920 1944 1954 1956 1969 1986 2001 2008 2023 2024 2026 2027 2028 2045 2057 2064 2082
7,2,CG-MOACO,area_s5_t300,0.41760299625468167,1452.8128907829432,2.870540018881465,7 61 64 89 98 109 111 128 136 137 141 148 165 166 174 175 176 188 199 209 210 212 219 252 260 265 266 308 337 342 369 379 383 385 392 395 425 450 454 456 465 484 497 530 547 562 593 605 619 626 629 651 664 676 695 700 708 711 728 739 776 806 820 829 837 839 858 873 878 899 902 911 916 931 943 957 967 981 1011 1024 1036 1045 1055 1062 1078 1096 1102 1105 1108 1127 1139 1143 1151 1159 1163 1187 1209 1234 1237 1248 1264 1279 1298 1308 1310 1318 1337 1339 1361 1365 1374 1398 1404 1410 1412 1421 1423 1425 1429 1432 1435 1440 1448 1449 1529 1544 1556 1558 1566 1591 1615 1617 1622 1652 1674 1676 1684 1691 1705 1729 1735 1738 1744 1747 1758 1779 1787 1795 1815 1867 1892 1911 1921 1922 1928 1950 1961 1983 1991 1994 2001 2003 2009 2033 2038 2057 2074 2082
7,3,CG-MOACO,area_s5_t300,0.39513108614232206,1483.972379058551,1.6733200530681511,17 29 36 39 59 61 73 78 80 99 124 126 127 137 143 170 175 180 199 215 220 249 257 261 276 284 289 298 311 317 319 348 390 398 431 483 499 506 532 555 558 562 564 579 593 601 608 615 617 625 645 655 656 674 675 687 695 700 708 719 734 738 771 776 788 802 812 830 855 868 873 910 911 920 957 959 978 980 999 1016 1020 1031 1039 1045 1062 1065 1096 1118 1129 1143 1151 1157 1160 1162 1173 1202 1212 1225 1233 1234 1237 1247 1262 1292 1299 1302 1323 1340 1354 1359 1374 1384 1399 1410 1412 1426 1435 1440 1458 1469 1475 1480 1499 1500 1552 1566 1584 1598 1606 1616 1617 1652 1653 1673 1711 1714 1718 1726 1735 1740 1748 1750 1756 1763 1776 1779 1780 1786 1787 1792 1812 1826 1839 1842 1854 1861 1873 1918 1926 1933 1937 1940 1962 1983 1989 2023 2024 2045 2063 2083
7,4,CG-MOACO,area_s5_t300,0.39981273408239704,1469.108222298357,3.1622776601683795,1 29 38 64 65 80 98 103 105 132 137 144 153 165 175 176 181 184 186 200 201 203 209 210 231 235 252 261 263 306 307 308 311 317 351 362 369 403 429 431 437 451 459 465 478 503 560 566 589 594 626 637 648 652 656 670 715 716 726 731 739 751 760 770 771 781 783 796 828 840 843 860 886 896 918 936 939 948 957 961 982 984 1017 1026 1036 1041 1056 1060 1065 1096 1104 1111 1143 1163 1190 1228 1234 1237 1244 1253 1260 1264 1281 1297 1307 1308 1346 1368 1378 1384 1393 1403 1419 1422 1424 1425 1440 1441 1455 1503 1513 1517 1525 1527 1535 1544 1574 1584 1603 1634 1643 1645 1652 1684 1700 1718 1734 1738 1745 1750 1755 1758 1766 1769 1779 1787 1792 1797 1822 1840 1860 1865 1866 1867 1896 1965 1969 1979 1980 1983 2003 2009 2015 2018 2023 2037 2045 2046 2058 2063
7,5,CG-MOACO,area_s5_t300,0.40262172284644193,1465.5861763901482,1.2,14 15 49 55 62 82 107 108 109 112 118 121 137 143 149 165 175 176 178 180 182 194 231 233 252 257 263 277 283 285 305 317 334 379 386 420 423 432 461 480 486 491 502 508 534 545 562 571 608 612 621 626 638 654 658 696 698 709 723 731 735 736 760 771 787 811 825 841 853 856 866 868 876 896 910 917 941 957 975 979 1004 1009 1013 1024 1029 1039 1060 1063 1070 1105 1117 1123 1127 1143 1145 1158 1161 1187 1189 1199 1256 1264 1277 1312 1350 1354 1363 1378 1383 1391 1394 1406 1412 1422 1423 1440 1453 1470 1483 1487 1490 1518 1524 1531 1544 1584 1607 1616 1635 1636 1644 1645 1652 1656 1658 1660 1701 1708 1735 1738 1747 1751 1765 1787 1797 1805 1808 1818 1823 1829 1840 1871 1888 1940 1952 1983 1987 1991 1996 2008 2009 2027 2029 2058 2063 2069 2070 2078
7,6,CG-MOACO,area_s5_t300,0.398876404494382,1477.0231285191985,3.249615361854384,2 17 20 45 64 68 72 80 82 90 98 122 126 142 155 175 189 215 219 226 230 247 248 257 276 277 286 291 307 311 317 344 370 384 386 390 398 404 424 451 461 489 501 504 545 561 566 571 574 582 593 605 609 611 612 615 627 642 663 669 681 708 734 740 750 771 772 776 812 817 825 834 841 852 889 905 911 927 933 934 954 957 967 999 1001 1013 1058 1062 1064 1065 1075 1091 1109 1135 1142 1150 1158 1162 1166 1181 1187 1202 1212 1278 1290 1299 1302 1310 1323 1339 1344 1364 1368 1386 1398 1402 1403 1404 1412 1423 1427 1428 1432 1457 1487 1511 1522 1590 1606 1625 1638 1650 1654 1656 1684 1689 1701 1711 1738 1744 1756 1775 1779 1787 1793 1797 1815 1839 1840 1845 1854 1860 1882 1888 1889 1921 1928 1947 1957 1963 1965 1969 1983 2008 2023 2025 2038 2041 2063 2076 2083
7,7,CG-MOACO,area_s5_t300,0.4087078651685393,1456.4573839318218,2.0591260281974,9 47 56 61 66 79 97 110 117 137 140 155 159 170 175 180 182 191 210 237 252 289 306 308 317 344 348 371 392 395 400 411 412 424 426 440 449 452 484 489 506 508 518 519 525 537 578 587 611 615 620 626 665 693 700 739 741 747 760 771 803 804 806 825 830 847 860 887 902 911 929 939 954 973 982 994 1008 1022 1039 1062 1068 1077 1084 1096 1099 1102 1109 1123 1127 1142 1143 1145 1150 1158 1163 1174 1199 1237 1259 1265 1279 1282 1297 1304 1328 1370 1377 1383 1394 1418 1420 1430 1435 1440 1445 1468 1482 1494 1503 1529 1538 1542 1544 1554 1584 1587 1608 1627 1637 1647 1700 1708 1711 1728 1742 1745 1750 1751 1766 1787 1792 1797 1800 1805 1808 1819 1835 1840 1854 1856 1867 1870 1878 1889 1894 1900 1918 1940 1945 1983 1989 2023 2031 2040 2045 2074 2081
7,8,CG-MOACO,area_s5_t300,0.37593632958801493,1496.7268861879666,1.16619037896906,1 14 19 36 64 69 80 91 96 114 118 131 137 143 152 172 174 175 196 199 219 228 243 257 285 307 310 334 342 351 352 358 363 370 379 386 429 440 449 458 465 476 518 537 543 559 562 588 615 616 622 626 643 676 698 700 715 716 731 734 736 740 743 749 760 771 790 812 826 836 853 860 866 913 938 959 966 978 980 991 1012 1020 1022 1036 1042 1065 1101 1105 1117 1127 1129 1142 1143 1144 1152 1158 1179 1199 1202 1221 1222 1224 1230 1234 1264 1279 1292 1295 1302 1312 1319 1331 1334 1339 1341 1370 1384 1394 1395 1419 1420 1423 1428 1435 1445 1472 1483 1488 1509 1524 1544 1562 1584 1590 1597 1602 1605 1616 1645 1653 1658 1690 1705 1715 1718 1726 1731 1735 1754 1756 1765 1768 1776 1787 1797 1800 1818 1823 1831 1839 1851 1854 1859 1882 1888 1922 1946 1960 1976 1983 2038 2058 2064 2083
7,9,CG-MOACO,area_s5_t300,0.37406367041198507,1511.5539058190427,0.7483314773547882,9 17 31 59 63 79 80 86 102 110 114 137 167 175 180 189 191 200 205 215 220 241 243 252 268 273 276 284 290 311 317 322 334 379 395 419 434 440 445 446 453 456 458 465 483 524 553 559 562 564 597 599 612 647 648 656 660 664 700 708 740 757 771 775 776 783 794 802 825 846 862 868 875 903 905 917 920 941 948 951 953 957 982 998 1016 1024 1032 1036 1039 1092 1105 1126 1143 1151 1152 1162 1164 1173 1185 1187 1188 1203 1225 1244 1245 1254 1257 1259 1261 1279 1295 1302 1308 1336 1339 1353 1361 1369 1380 1384 1386 1404 1412 1419 1420 1425 1469 1480 1482 1495 1520 1532 1544 1565 1580 1594 1636 1645 1652 1654 1660 1678 1710 1718 1721 1749 1756 1763 1767 1788 1793 1815 1824 1828 1839 1853 1867 1869 1882 1940 1952 1962 1963 1967 1980 1983 1989 1991 2016 2027 2028 2046 2053 2058 2063 2074
7,10,CG-MOACO,area_s5_t300,0.3637640449438202,1556.4069901580572,0.7483314773547882,23 49 67 80 89 98 112 114 128 132 137 165 175 180 182 184 189 196 200 220 237 252 261 275 284 286 306 308 317 327 342 356 369 371 391 404 411 415 426 438 448 454 466 475 477 536 539 554 558 562 580 593 605 609 615 622 626 643 648 656 676 677 708 729 737 741 746 756 760 772 777 802 817 840 847 855 857 858 876 885 898 902 916 954 957 961 977 980 995 998 1013 1021 1028 1039 1060 1064 1073 1077 1105 1127 1129 1139 1158 1167 1174 1199 1205 1224 1234 1264 1302 1318 1325 1331 1333 1339 1344 1378 1384 1394 1401 1403 1422 1423 1428 1436 1453 1463 1468 1483 1498 1524 1530 1531 1541 1571 1573 1582 1584 1597 1602 1616 1627 1640 1647 1652 1670 1672 1697 1700 1718 1735 1745 1747 1756 1769 1773 1775 1785 1787 1823 1826 1831 1859 1882 1888 1901 1920 1932 1943 1954 1963 1969 1983 1991 1996 2044 2058 2063 2074 2083
7,11,CG-MOACO,area_s5_t300,0.34737827715355807,1568.1575421236512,1.624807680927192,1 7 26 31 36 38 78 80 89 98 102 114 122 131 132 137 143 173 175 261 278 286 287 289 292 306 314 317 333 335 347 350 369 371 392 398 406 415 432 435 495 497 508 535 539 553 555 562 580 599 602 605 607 610 611 626 638 642 656 676 708 719 734 741 762 771 777 790 802 804 807 868 870 875 911 927 935 936 944 951 982 994 1001 1004 1021 1026 1028 1036 1039 1042 1062 1064 1102 1116 1127 1129 1143 1158 1172 1173 1189 1190 1199 1234 1236 1237 1259 1264 1274 1278 1299 1304 1318 1339 1340 1354 1370 1375 1380 1384 1401 1403 1406 1409 1412 1422 1434 1440 1457 1483 1492 1496 1504 1524 1549 1575 1584 1614 1616 1624 1629 1645 1652 1653 1671 1708 1715 1718 1719 1726 1734 1746 1756 1779 1797 1800 1817 1839 1845 1848 1853 1854 1875 1882 1888 1895 1902 1929 1941 1946 1959 1967 1983 1989 2008 2028 2038 2046 2058 2063 2071 2083
7,12,CG-MOACO,area_s5_t300,0.38998127340823974,1483.844071312545,2.1540659228538015,5 18 38 42 47 80 89 98 99 134 137 151 156 176 180 184 187 189 206 219 220 252 257 261 265 275 276 278 307 310 317 324 334 391 392 395 432 450 458 465 485 486 488 500 509 525 528 529 532 562 578 588 593 605 606 607 624 626 648 650 658 708 710 721 741 745 760 773 776 790 825 833 840 860 877 879 890 895 910 929 931 941 947 955 957 978 987 1024 1036 1043 1062 1068 1078 1096 1105 1127 1130 1142 1143 1153 1163 1184 1187 1199 1202 1222 1237 1242 1256 1262 1277 1282 1308 1316 1359 1378 1385 1394 1398 1412 1418 1423 1441 1448 1449 1470 1483 1490 1511 1518 1529 1535 1536 1542 1544 1553 1573 1599 1606 1614 1627 1673 1688 1731 1735 1738 1747 1755 1787 1796 1803 1807 1821 1823 1831 1840 1842 1853 1880 1882 1885 1924 1963 1965 1983 2014 2032 2038 2044 2063 2074 2083
7,13,CG-MOACO,area_s5_t300,0.39419475655430714,1471.743628373598,3.5777087639996634,21 26 31 65 79 80 98 102 113 121 124 126 149 152 169 170 175 184 189 190 196 200 219 247 251 252 257 272 284 309 311 313 317 360 378 385 392 413 424 449 450 457 461 465 478 484 502 505 508 510 530 546 562 579 583 591 594 623 626 637 650 659 700 708 712 715 734 750 760 771 784 790 804 812 842 847 853 868 876 882 913 941 943 954 957 967 968 978 980 1016 1024 1028 1039 1042 1045 1055 1060 1086 1092 1111 1127 1151 1157 1162 1166 1187 1188 1199 1202 1237 1264 1279 1289 1294 1296 1302 1327 1370 1383 1391 1395 1429 1450 1453 1457 1462 1469 1482 1542 1544 1561 1581 1591 1608 1619 1643 1650 1654 1656 1670 1672 1718 1723 1751 1756 1765 1773 1787 1791 1797 1808 1819 1823 1839 1851 1857 1860 1867 1882 1921 1948 1954 1963 1964 1983 1991 2008 2045 2058 2063
7,14,CG-MOACO,area_s5_t300,0.38717228464419473,1482.697153354466,3.0724582991474434,1 9 31 34 80 82 96 102 114 125 136 137 150 170 175 176 180 190 200 215 219 221 245 249 251 252 257 259 261 276 278 284 286 317 336 348 370 392 399 426 434 470 474 483 508 525 537 546 579 585 593 598 605 648 700 708 710 712 716 739 740 757 760 771 774 775 800 801 817 825 835 847 855 867 873 889 910 917 929 956 965 968 978 1037 1039 1041 1062 1063 1078 1083 1090 1115 1127 1139 1143 1158 1159 1167 1174 1185 1199 1258 1260 1264 1292 1308 1320 1323 1339 1369 1383 1401 1410 1412 1416 1419 1424 1429 1436 1440 1450 1451 1453 1482 1494 1529 1544 1564 1579 1584 1599 1627 1637 1641 1648 1652 1658 1688 1705 1708 1711 1731 1735 1738 1751 1756 1769 1787 1797 1800 1823 1829 1839 1842 1853 1854 1868 1882 1883 1888 1963 1967 1983 1996 2004 2027 2038 2058 2063 2078 2082 2083
7,15,CG-MOACO,area_s5_t300,0.36282771535580527,1512.9333039799508,1.4142135623730951,9 12 31 38 47 61 80 85 91 105 126 132 137 153 156 175 176 185 187 200 215 218 228 230 236 245 257 285 292 311 323 330 333 364 379 397 403 413 415 420 428 440 450 458 465 480 491 503 516 528 533 537 544 554 558 562 578 593 605 608 616 625 635 676 685 691 700 708 716 719 760 766 771 790 802 841 846 857 868 879 885 887 894 896 919 939 965 978 991 1001 1012 1019 1039 1060 1064 1065 1072 1105 1127 1145 1158 1173 1187 1190 1199 1221 1223 1228 1237 1262 1264 1323 1336 1338 1350 1360 1361 1370 1372 1383 1385 1401 1415 1422 1427 1430 1440 1451 1455 1460 1494 1529 1544 1554 1562 1568 1577 1584 1597 1603 1616 1645 1652 1654 1660 1700 1718 1735 1738 1747 1756 1777 1782 1793 1797 1808 1815 1819 1831 1854 1867 1874 1883 1896 1909 1928 1941 1957 1963 1964 1981 1983 1995 2005 2009 2038 2044 2058 2063 2076
7,16,CG-MOACO,area_s5_t300,0.3665730337078652,1511.0707259506605,2.4979991993593593,1 9 19 55 80 86 98 119 127 137 143 175 176 180 182 184 197 198 208 216 219 241 249 251 252 261 283 285 306 311 317 331 369 390 393 440 449 450 461 465 466 475 477 491 509 518 525 528 536 544 559 562 583 613 627 654 687 697 700 708 717 719 734 760 771 784 802 804 807 814 825 827 850 852 858 871 894 911 917 941 943 961 982 991 999 1011 1016 1024 1029 1042 1056 1062 1080 1089 1092 1105 1117 1127 1138 1143 1150 1160 1189 1199 1203 1205 1212 1236 1244 1262 1264 1278 1290 1296 1299 1302 1323 1336 1339 1363 1375 1376 1378 1383 1386 1394 1403 1406 1412 1419 1426 1440 1469 1483 1487 1524 1529 1563 1570 1606 1609 1611 1616 1622 1642 1645 1652 1673 1691 1718 1722 1742 1773 1787 1813 1818 1829 1839 1842 1856 1859 1871 1882 1883 1889 1901 1922 1954 1963 1980 1987 1996 2008 2013 2014 2029 2031 2046
7,17,CG-MOACO,area_s5_t300,0.3679775280898876,1502.453531157293,1.7204650534085253,1 31 55 69 80 91 102 114 134 141 152 166 175 178 180 191 202 215 219 221 243 247 263 267 288 292 307 317 334 335 344 370 373 379 392 398 415 420 432 440 450 465 478 497 503 528 533 560 562 565 571 583 586 593 607 637 671 676 693 711 715 716 731 740 760 767 774 783 790 802 812 829 862 868 903 911 917 925 929 941 964 967 968 978 980 1016 1025 1037 1039 1041 1054 1060 1064 1093 1102 1108 1115 1123 1137 1143 1149 1156 1158 1187 1201 1233 1237 1259 1261 1265 1279 1290 1297 1300 1304 1318 1331 1339 1376 1377 1404 1419 1435 1437 1440 1448 1470 1484 1496 1504 1524 1544 1551 1565 1575 1587 1637 1652 1653 1683 1691 1700 1705 1718 1726 1735 1745 1756 1775 1787 1797 1800 1802 1808 1809 1835 1839 1842 1853 1878 1882 1884 1888 1911 1957 1967 1968 1983 2008 2014 2023 2027 2029 2058 2064 2065
7,18,CG-MOACO,area_s5_t300,0.3455056179775281,1553.24415631655,1.9390719429665317,9 38 42 45 55 67 80 98 102 106 115 127 165 166 170 173 175 178 182 189 196 217 219 226 230 247 252 270 275 282 285 307 317 334 335 344 353 379 384 424 429 440 450 465 479 508 554 559 562 564 566 594 626 629 645 650 651 654 680 700 708 710 712 716 734 740 760 763 771 775 790 802 808 815 847 856 858 868 879 910 911 913 916 918 924 941 947 951 957 982 1001 1012 1016 1020 1024 1027 1092 1102 1105 1139 1143 1151 1158 1187 1189 1200 1222 1237 1256 1259 1262 1264 1318 1328 1339 1361 1367 1370 1375 1376 1394 1412 1415 1418 1422 1434 1435 1455 1458 1468 1480 1486 1487 1504 1532 1535 1544 1565 1584 1590 1599 1616 1645 1647 1652 1653 1656 1660 1706 1708 1718 1721 1734 1738 1747 1756 1765 1779 1787 1802 1806 1809 1813 1818 1823 1829 1860 1882 1885 1888 1889 1897 1940 1956 1963 1965 1979 1984 1986 2008 2058 2063 2071 2083
7,19,CG-MOACO,area_s5_t300,0.33895131086142327,1548.167217381332,2.5768197453450252,1 9 59 78 80 96 129 132 152 175 178 182 190 200 204 215 235 247 252 256 261 265 272 278 285 292 311 317 334 336 337 348 371 386 399 404 420 426 443 449 450 458 465 472 476 510 516 562 578 579 589 593 605 608 619 637 648 655 676 685 700 712 734 740 766 770 771 806 812 840 841 855 868 875 892 897 917 920 929 948 949 977 980 1001 1026 1029 1032 1039 1041 1060 1064 1073 1077 1127 1143 1158 1167 1174 1177 1199 1201 1202 1210 1223 1264 1266 1296 1318 1334 1339 1360 1361 1367 1370 1376 1383 1385 1394 1398 1401 1411 1412 1419 1422 1423 1425 1435 1440 1450 1469 1529 1535 1544 1563 1565 1603 1606 1607 1614 1629 1638 1645 1652 1658 1670 1683 1700 1708 1709 1718 1734 1746 1747 1751 1756 1769 1779 1780 1787 1797 1813 1823 1845 1860 1882 1888 1937 1963 1964 1976 1983 1989 1991 2001 2006 2008 2027 2045 2058 2063 2080 2082 2083
7,20,CG-MOACO,area_s5_t300,0.32537453183520604,1608.5060982641917,0.4,1 31 56 59 67 72 78 80 111 125 137 141 149 162 170 175 176 180 188 189 194 220 227 248 252 257 261 276 284 309 310 317 334 344 353 386 411 415 423 440 450 458 461 465 509 514 528 546 562 563 578 582 593 608 626 638 648 686 700 708 709 713 719 726 731 734 738 740 754 760 771 772 776 806 825 836 868 876 877 889 900 913 917 929 941 957 976 980 1011 1024 1027 1032 1036 1039 1053 1058 1060 1070 1077 1092 1105 1117 1128 1143 1150 1158 1174 1187 1202 1213 1223 1229 1237 1262 1264 1266 1278 1289 1296 1304 1318 1323 1339 1360 1364 1370 1373 1375 1376 1384 1393 1406 1412 1419 1434 1455 1469 1480 1492 1524 1536 1606 1607 1616 1617 1618 1619 1638 1643 1647 1652 1672 1700 1718 1735 1747 1752 1756 1766 1776 1777 1784 1787 1797 1808 1815 1823 1840 1849 1867 1873 1882 1918 1937 1952 1964 1978 1989 2013 2014 2015 2023 2025 2029 2044 2058 2059 2063 2083
7,21,CG-MOACO,area_s5_t300,0.3455056179775281,1541.806162970679,2.244994432064365,1 5 30 38 80 98 121 155 165 166 175 191 206 207 215 219 230 246 247 252 257 258 276 277 278 289 292 306 307 311 317 327 336 351 391 395 404 415 426 440 449 450 461 465 474 480 483 489 496 506 508 527 562 588 589 592 593 598 605 611 615 629 648 692 693 700 705 708 716 734 757 760 771 802 825 853 862 868 871 879 885 910 916 927 929 934 955 957 959 974 982 1001 1018 1037 1056 1060 1064 1078 1091 1129 1142 1143 1158 1164 1187 1191 1199 1202 1212 1223 1225 1234 1259 1264 1268 1270 1278 1315 1327 1339 1364 1368 1376 1383 1404 1419 1425 1435 1440 1446 1520 1524 1544 1551 1578 1581 1591 1618 1619 1623 1643 1645 1652 1654 1670 1708 1718 1745 1747 1756 1769 1776 1777 1787 1797 1808 1813 1824 1835 1842 1854 1873 1882 1884 1888 1901 1911 1926 1941 1963 1983 2001 2006 2033 2036 2037 2045 2046 2057 2063 2080 2083
7,22,CG-MOACO,area_s5_t300,0.32350187265917607,1589.6633688476854,0.4898979485566356,1 19 55 72 80 90 105 132 137 139 175 176 178 180 182 194 215 236 252 257 263 278 284 286 292 311 317 326 334 344 351 367 371 379 393 403 409 415 426 445 450 452 458 465 480 483 484 486 508 528 545 558 559 562 564 578 593 596 602 606 608 609 625 650 658 676 700 719 721 760 771 790 802 806 812 862 868 870 879 911 913 916 929 936 939 957 967 982 1000 1022 1024 1026 1039 1042 1045 1062 1070 1086 1102 1105 1127 1129 1143 1158 1187 1189 1201 1202 1222 1230 1234 1237 1259 1264 1274 1277 1279 1298 1339 1359 1362 1369 1370 1378 1384 1391 1394 1395 1406 1412 1416 1420 1425 1440 1448 1455 1457 1492 1524 1541 1544 1565 1574 1582 1584 1597 1605 1614 1645 1653 1708 1718 1719 1738 1747 1755 1764 1766 1777 1787 1789 1792 1793 1797 1808 1819 1823 1828 1840 1860 1888 1896 1900 1928 1940 1963 1976 1983 1986 1989 2004 2009 2016 2021 2037 2057 2063 2083
7,23,CG-MOACO,area_s5_t300,0.31647940074906367,1607.6518187599806,0.8,12 19 31 38 40 47 59 68 80 90 102 122 137 143 154 159 174 175 176 180 183 199 201 210 220 251 252 257 270 285 292 300 317 334 336 344 358 362 379 415 440 449 450 458 461 465 483 514 516 528 533 543 562 583 600 608 617 626 648 676 685 700 716 719 723 731 738 741 750 760 771 776 790 802 806 813 820 825 842 860 862 879 900 910 911 913 916 920 929 939 941 949 957 959 972 1016 1024 1028 1036 1039 1058 1060 1096 1104 1105 1123 1143 1158 1173 1184 1187 1204 1223 1225 1237 1242 1260 1264 1279 1296 1302 1308 1314 1323 1327 1334 1339 1360 1361 1376 1382 1384 1391 1403 1409 1415 1419 1423 1430 1434 1435 1448 1469 1526 1529 1535 1544 1562 1574 1599 1617 1643 1652 1656 1658 1700 1718 1735 1749 1755 1777 1787 1797 1808 1815 1823 1830 1839 1840 1842 1859 1882 1888 1900 1918 1919 1921 1922 1928 1937 1963 1966 1978 1983 1995 2015 2023 2036 2038 2058 2063 2083
7,24,CG-MOACO,area_s5_t300,0.32069288389513106,1589.1871838895831,0.8944271909999159,1 9 13 61 68 80 86 102 105 106 114 124 132 137 152 155 174 175 176 182 204 215 257 276 278 284 285 292 309 317 319 334 336 337 348 371 379 386 440 451 452 456 458 465 472 475 480 486 488 508 515 528 543 545 558 559 571 593 606 612 650 656 658 676 700 708 712 740 760 766 771 775 790 806 812 862 868 879 911 913 919 929 941 957 963 967 978 999 1000 1009 1016 1028 1036 1039 1042 1057 1060 1066 1086 1105 1127 1139 1143 1156 1158 1173 1187 1188 1199 1202 1230 1237 1264 1266 1274 1278 1296 1297 1302 1318 1339 1346 1361 1368 1370 1374 1375 1379 1384 1394 1402 1412 1419 1420 1434 1435 1440 1441 1446 1448 1453 1460 1480 1524 1529 1544 1573 1614 1645 1652 1654 1660 1673 1718 1734 1735 1738 1742 1756 1766 1787 1808 1813 1818 1823 1839 1840 1845 1882 1883 1901 1940 1947 1963 1965 1967 1983 1989 1991 1995 2006 2008 2023 2038 2044 2057 2063 2069 2080 2083
7,25,CG-MOACO,area_s5_t300,0.3202247191011236,1553.63368795558,2.638181191654584,1 34 47 55 59 64 80 99 102 111 114 117 137 143 149 159 174 175 176 184 188 189 196 215 219 220 226 230 252 257 278 284 288 308 317 329 334 379 392 395 403 413 420 440 442 450 457 458 465 477 486 488 491 514 539 558 562 579 593 605 613 615 622 624 638 654 676 700 708 711 734 740 760 771 772 775 776 790 802 807 825 841 853 862 868 917 920 934 957 978 982 1001 1007 1012 1020 1027 1028 1036 1044 1056 1060 1064 1073 1101 1105 1117 1139 1143 1152 1158 1163 1164 1173 1183 1199 1202 1205 1237 1262 1264 1266 1289 1302 1318 1329 1331 1336 1339 1365 1370 1372 1373 1383 1385 1387 1394 1398 1403 1409 1416 1419 1422 1483 1494 1524 1529 1562 1566 1607 1619 1636 1643 1645 1652 1654 1658 1689 1703 1718 1752 1756 1767 1769 1775 1779 1792 1797 1813 1823 1839 1845 1849 1867 1882 1946 1961 1965 1967 1983 1987 1989 1991 2001 2026 2027 2045 2058 2063 2080
7,26,CG-MOACO,area_s5_t300,0.351123595505618,1526.226541661696,1.16619037896906,1 14 15 36 47 55 67 80 91 99 102 114 118 132 137 153 174 175 180 191 196 249 251 285 292 300 308 317 319 334 336 368 379 386 392 396 406 415 431 434 457 458 464 465 480 489 501 503 537 542 545 562 579 593 605 609 626 650 664 697 700 708 723 741 771 772 783 806 814 825 828 836 858 867 868 875 878 890 894 908 911 925 941 967 972 978 982 985 994 998 1024 1036 1039 1042 1060 1067 1070 1086 1096 1105 1126 1143 1149 1151 1158 1187 1205 1222 1264 1277 1279 1336 1339 1354 1360 1370 1376 1378 1384 1392 1394 1403 1412 1419 1421 1424 1434 1440 1448 1453 1457 1468 1482 1490 1517 1529 1532 1539 1544 1565 1584 1588 1645 1648 1652 1660 1673 1718 1734 1742 1753 1756 1769 1776 1779 1787 1818 1823 1829 1835 1839 1853 1860 1872 1882 1937 1959 1967 1983 1989 1991 2008 2015 2023 2025 2028 2036 2038 2057 2063 2083
7,27,CG-MOACO,area_s5_t300,0.30571161048689144,1615.7190258616379,0.6324555320336759,1 9 31 39 47 49 71 77 80 91 94 98 102 114 121 132 137 155 175 176 180 191 197 200 221 252 257 285 292 311 317 334 338 360 370 379 391 392 411 415 420 423 429 438 440 450 461 475 483 486 552 554 558 562 593 605 615 616 626 654 676 700 708 711 716 719 734 737 740 760 762 771 776 790 802 807 813 815 846 849 850 856 868 885 910 911 916 918 929 941 943 954 999 1031 1032 1034 1042 1062 1064 1070 1077 1084 1086 1089 1104 1115 1127 1137 1143 1145 1158 1170 1174 1183 1199 1202 1237 1261 1264 1296 1302 1304 1313 1326 1334 1335 1339 1360 1370 1376 1378 1384 1394 1403 1406 1412 1423 1436 1440 1463 1481 1482 1495 1524 1528 1571 1582 1584 1604 1607 1614 1618 1645 1649 1652 1673 1700 1718 1726 1735 1738 1756 1766 1775 1779 1787 1792 1797 1800 1823 1830 1839 1840 1842 1845 1854 1860 1872 1892 1916 1959 1963 1967 1983 1995 2008 2023 2027 2031 2045 2057 2064 2065 2076 2083
7,28,CG-MOACO,area_s5_t300,0.3089887640449438,1587.1981042520363,1.8547236990991407,1 29 31 38 71 78 80 98 102 105 111 114 121 134 137 153 154 155 175 176 180 189 215 249 252 264 276 284 285 292 300 311 317 334 351 379 391 392 394 415 429 440 461 465 474 477 486 508 510 516 533 553 558 562 593 602 605 607 611 612 615 617 622 648 654 656 674 700 708 714 719 734 740 760 771 773 775 802 807 828 840 862 868 876 877 896 913 917 957 967 968 975 982 985 991 994 998 1036 1039 1042 1056 1064 1079 1086 1104 1105 1142 1143 1158 1162 1173 1187 1199 1202 1204 1237 1259 1262 1264 1292 1294 1296 1304 1308 1319 1339 1341 1360 1370 1375 1376 1383 1385 1412 1419 1424 1434 1435 1455 1469 1483 1486 1524 1529 1544 1551 1584 1587 1615 1616 1643 1645 1652 1683 1718 1732 1735 1756 1769 1775 1782 1787 1797 1808 1811 1819 1820 1823 1839 1841 1854 1860 1882 1885 1888 1944 1963 1966 1967 1983 1989 1994 2006 2008 2018 2025 2038 2049 2055 2058 2063 2076 2083
7,29,CG-MOACO,area_s5_t300,0.27153558052434457,1672.488154125652,2.1908902300206643,1 9 31 47 61 80 94 98 99 102 105 106 118 132 154 155 165 175 180 181 184 191 206 209 219 247 252 263 278 285 307 308 311 317 334 336 344 348 370 379 395 398 403 412 424 425 426 437 440 449 450 457 461 465 489 509 541 554 561 562 575 583 589 593 605 612 626 648 654 676 700 734 740 760 771 772 776 790 802 806 807 825 836 846 862 868 910 911 913 917 929 947 955 957 999 1017 1024 1032 1036 1039 1042 1053 1056 1062 1086 1089 1105 1117 1123 1127 1129 1137 1143 1158 1164 1170 1173 1183 1184 1187 1199 1224 1234 1237 1242 1264 1279 1290 1304 1308 1311 1318 1320 1323 1327 1332 1334 1338 1339 1364 1375 1376 1385 1391 1403 1404 1412 1419 1423 1435 1440 1483 1490 1496 1498 1504 1524 1527 1535 1541 1544 1606 1616 1645 1652 1658 1708 1718 1735 1738 1747 1751 1775 1779 1787 1797 1802 1815 1831 1833 1840 1842 1860 1871 1888 1896 1917 1928 1940 1956 1963 1983 1987 1989 1995 2001 2006 2008 2038 2044 2046 2049 2058 2063 2080
7,30,CG-MOACO,area_s5_t300,0.33239700374531833,1583.2464344128232,1.3266499161421599,1 9 31 39 80 93 98 102 112 125 132 137 148 153 175 176 180 181 190 201 204 224 237 249 252 257 259 283 285 292 306 308 311 317 348 362 370 379 391 412 431 440 445 450 461 465 486 508 553 554 558 562 564 582 593 609 626 637 648 654 676 687 700 708 731 734 738 740 760 771 772 790 802 813 815 817 823 825 862 890 902 911 913 919 934 936 943 957 978 982 994 995 1017 1039 1060 1077 1086 1089 1102 1105 1107 1129 1137 1143 1151 1158 1163 1164 1174 1190 1199 1202 1205 1222 1234 1237 1262 1264 1278 1308 1312 1318 1334 1339 1340 1363 1370 1374 1383 1385 1394 1412 1418 1423 1430 1434 1440 1445 1453 1455 1458 1480 1483 1524 1529 1565 1598 1599 1614 1616 1647 1652 1654 1660 1672 1708 1709 1718 1727 1738 1765 1769 1777 1787 1797 1807 1823 1829 1839 1840 1845 1860 1871 1882 1888 1963 1966 1967 1971 1979 1983 1989 1991 2016 2023 2038 2058 2063 2070
7,31,CG-MOACO,area_s5_t300,0.27621722846441943,1656.2396844247498,3.4292856398964497,1 9 15 31 46 61 68 69 78 80 98 102 105 106 111 137 157 162 165 175 176 178 191 196 200 201 206 219 220 226 230 245 252 257 263 277 284 285 292 317 334 344 348 370 379 413 431 440 449 450 458 465 497 509 530 539 543 553 562 566 580 589 593 599 606 621 626 638 648 650 676 678 700 712 731 740 760 771 773 775 790 802 808 812 825 840 841 862 868 885 900 910 913 917 929 941 948 967 1001 1016 1024 1037 1039 1062 1070 1086 1089 1127 1133 1139 1143 1149 1151 1152 1158 1163 1164 1170 1183 1187 1191 1199 1202 1222 1237 1262 1264 1279 1292 1296 1299 1300 1304 1318 1329 1334 1339 1361 1370 1375 1383 1385 1395 1401 1403 1409 1412 1419 1423 1426 1434 1440 1447 1469 1483 1490 1524 1527 1544 1565 1612 1614 1616 1643 1645 1649 1652 1654 1660 1683 1697 1718 1732 1735 1747 1752 1756 1765 1779 1787 1797 1800 1806 1815 1818 1823 1842 1857 1882 1888 1928 1940 1946 1963 1966 1976 1983 1991 1994 2038 2044 2049 2057 2063
7,32,CG-MOACO,area_s5_t300,0.31132958801498123,1596.5620461766807,1.019803902718557,1 31 76 78 80 102 108 121 137 143 155 174 175 176 184 191 197 198 215 219 252 257 261 270 272 278 284 285 314 317 324 334 336 337 362 378 386 390 406 420 426 432 450 458 464 465 475 478 500 508 530 555 562 578 579 588 592 593 605 616 650 669 676 705 708 712 722 734 740 754 760 771 772 790 812 815 825 862 868 870 900 910 911 919 925 929 935 941 957 958 978 982 984 1001 1020 1024 1028 1036 1039 1042 1060 1068 1070 1073 1102 1105 1115 1117 1133 1139 1143 1173 1187 1199 1202 1204 1237 1264 1279 1290 1296 1308 1310 1318 1323 1334 1338 1339 1368 1378 1383 1401 1403 1404 1418 1423 1425 1435 1440 1449 1468 1502 1529 1544 1552 1562 1580 1589 1599 1606 1616 1637 1645 1647 1652 1654 1660 1673 1705 1708 1734 1735 1747 1756 1766 1769 1779 1788 1792 1793 1797 1805 1813 1818 1842 1845 1860 1882 1883 1909 1911 1924 1963 1983 1987 1991 2008 2045 2046 2049 2057 2063 2083
7,33,CG-MOACO,area_s5_t300,0.33099250936329583,1563.407969590448,2.3151673805580453,1 9 59 61 80 98 99 102 111 114 137 143 148 152 169 175 176 178 180 182 184 191 201 219 237 245 252 262 278 284 306 311 317 324 333 336 348 369 379 391 392 415 420 426 440 458 461 484 486 508 528 537 558 562 579 583 593 608 615 626 656 664 676 700 711 715 731 734 741 760 770 771 774 775 790 807 811 825 847 857 860 867 870 908 910 911 917 929 941 943 951 961 978 982 1016 1020 1031 1032 1039 1042 1062 1064 1089 1096 1117 1126 1142 1143 1158 1172 1173 1183 1199 1237 1259 1264 1274 1288 1303 1308 1318 1336 1339 1359 1370 1383 1385 1391 1412 1418 1440 1455 1463 1483 1513 1520 1529 1536 1544 1577 1584 1614 1616 1619 1634 1645 1652 1654 1660 1705 1708 1711 1718 1735 1752 1756 1776 1787 1797 1800 1805 1811 1815 1823 1828 1833 1839 1860 1888 1900 1928 1940 1954 1963 1966 1967 1983 1989 1991 1994 2038 2049 2057 2063 2073 2083
7,34,CG-MOACO,area_s5_t300,0.31835205992509363,1579.156795079609,2.6076809620810595,1 31 38 68 78 80 90 99 102 106 111 132 137 143 148 165 175 176 178 179 191 196 201 215 219 220 252 270 278 284 288 292 311 317 351 366 391 395 403 415 431 437 440 461 465 467 472 514 528 543 544 558 562 564 565 591 593 606 615 656 658 664 680 708 719 745 760 771 772 776 790 802 835 862 868 877 879 890 894 939 941 958 965 978 982 994 1001 1008 1016 1036 1039 1060 1064 1068 1077 1101 1105 1115 1126 1142 1143 1149 1162 1173 1185 1199 1204 1223 1225 1237 1259 1262 1264 1279 1312 1316 1323 1327 1336 1339 1369 1370 1375 1376 1384 1394 1398 1419 1424 1435 1440 1448 1453 1455 1458 1483 1529 1544 1554 1562 1584 1602 1606 1615 1618 1627 1643 1645 1652 1654 1691 1700 1705 1718 1735 1747 1751 1756 1768 1769 1775 1777 1787 1797 1808 1811 1823 1829 1840 1842 1854 1888 1896 1901 1944 1961 1969 1983 1986 1989 1994 2001 2006 2008 2009 2038 2057 2063 2076 2083
7,35,CG-MOACO,area_s5_t300,0.30664794007490637,1599.685247150025,1.16619037896906,1 26 31 46 55 67 71 78 80 102 105 111 114 132 137 143 148 152 172 174 175 176 178 186 189 196 205 215 219 220 252 257 278 317 334 337 344 370 379 413 415 451 456 458 464 465 475 480 486 508 525 528 537 543 558 593 615 650 654 656 658 685 700 708 711 734 741 754 760 771 772 790 802 806 808 815 825 847 853 868 873 890 894 907 917 929 943 957 978 980 991 1001 1012 1016 1020 1028 1032 1039 1062 1086 1089 1092 1105 1117 1127 1139 1143 1150 1158 1161 1183 1187 1199 1223 1228 1237 1261 1264 1270 1279 1289 1300 1336 1339 1341 1359 1375 1376 1383 1385 1402 1404 1411 1412 1419 1424 1434 1449 1478 1480 1483 1490 1520 1524 1529 1544 1560 1577 1606 1607 1614 1645 1652 1654 1658 1660 1670 1673 1718 1732 1756 1764 1766 1777 1788 1797 1808 1813 1815 1819 1833 1839 1842 1860 1882 1889 1900 1928 1937 1940 1961 1963 1965 1967 1983 1986 1991 1995 2001 2023 2045 2046 2055 2063
7,36,CG-MOACO,area_s5_t300,0.3117977528089888,1591.5137270216965,1.3564659966250538,1 5 19 61 76 80 98 102 114 118 137 144 175 176 182 186 191 196 218 237 252 257 263 277 278 292 308 311 317 319 334 344 356 358 361 366 371 379 386 392 412 420 440 449 450 452 464 465 475 504 508 523 526 528 534 546 559 562 578 593 611 612 615 625 655 671 676 685 700 734 738 740 750 760 770 790 806 812 862 868 900 910 913 927 929 941 957 958 965 976 978 982 994 1001 1016 1018 1027 1039 1041 1056 1060 1064 1089 1105 1137 1142 1143 1158 1162 1183 1199 1202 1223 1230 1234 1237 1242 1262 1264 1279 1296 1302 1318 1320 1323 1327 1334 1339 1342 1361 1376 1383 1385 1398 1403 1404 1409 1412 1419 1423 1430 1434 1440 1457 1469 1483 1544 1552 1554 1607 1618 1645 1648 1649 1652 1672 1700 1704 1705 1715 1718 1735 1747 1756 1769 1787 1789 1795 1808 1834 1840 1842 1845 1860 1882 1888 1901 1923 1947 1952 1961 1963 1964 1983 1986 1989 1991 2006 2023 2036 2046 2058 2063
7,37,CG-MOACO,area_s5_t300,0.2429775280898876,1746.468100595074,3.919183588453085,1 9 38 55 59 72 77 78 80 86 91 95 102 106 129 137 152 153 155 175 176 178 182 200 215 218 220 226 230 232 252 257 258 259 270 300 307 311 317 334 379 395 399 420 426 432 440 450 458 461 484 486 537 553 554 559 562 578 593 605 613 616 622 648 650 654 669 676 708 710 734 741 743 760 771 775 776 790 802 825 831 858 862 868 890 892 900 910 911 913 917 925 929 941 978 982 1001 1012 1024 1028 1036 1039 1060 1070 1073 1077 1086 1089 1104 1105 1106 1115 1117 1137 1143 1158 1164 1173 1183 1184 1187 1189 1199 1202 1204 1205 1221 1223 1237 1257 1259 1264 1274 1279 1296 1299 1304 1318 1339 1361 1364 1369 1376 1384 1386 1395 1404 1412 1419 1426 1434 1435 1440 1446 1469 1480 1483 1490 1524 1526 1544 1565 1582 1612 1614 1638 1645 1648 1652 1653 1701 1708 1711 1718 1747 1756 1766 1787 1792 1797 1808 1815 1818 1835 1840 1842 1845 1854 1859 1882 1888 1901 1926 1940 1950 1954 1959 1961 1963 1983 1987 1989 2001 2006 2008 2016 2018 2037 2045 2049 2057 2063 2080 2083
7,38,CG-MOACO,area_s5_t300,0.26029962546816476,1688.8443913208484,2.785677655436824,1 9 38 47 55 68 69 71 80 82 89 91 102 105 106 114 141 152 157 165 172 174 175 178 182 199 215 218 220 226 230 247 252 257 258 260 265 285 307 317 334 336 348 379 386 398 412 415 440 449 450 456 461 465 475 481 494 502 514 527 537 562 565 579 589 593 602 605 648 650 654 685 700 705 708 716 734 740 745 760 771 776 790 806 808 825 836 840 842 850 858 862 868 895 910 929 941 958 978 1001 1020 1024 1028 1039 1060 1089 1091 1104 1105 1117 1127 1137 1139 1143 1151 1168 1173 1183 1187 1189 1199 1202 1204 1205 1223 1228 1239 1264 1266 1278 1296 1302 1314 1331 1368 1370 1375 1376 1380 1384 1412 1419 1422 1423 1434 1435 1440 1446 1449 1453 1458 1480 1482 1496 1524 1529 1544 1553 1559 1565 1571 1584 1607 1618 1645 1652 1654 1673 1710 1718 1732 1747 1756 1765 1775 1777 1779 1787 1797 1800 1805 1811 1815 1821 1823 1829 1833 1845 1854 1860 1882 1889 1896 1919 1928 1937 1946 1952 1959 1963 1965 1983 2008 2018 2036 2055 2057 2063 2076
7,39,CG-MOACO,area_s5_t300,0.3146067415730337,1578.1983220359573,3.3105890714493698,1 14 26 31 55 61 80 98 102 111 114 134 137 143 153 154 155 165 174 175 176 191 202 252 257 259 261 270 285 292 299 300 308 310 317 319 334 336 337 362 380 398 403 450 464 465 467 495 506 528 536 555 558 559 562 583 591 593 599 605 626 641 654 687 692 700 708 715 716 734 740 760 771 775 790 802 807 825 829 841 853 868 910 913 916 929 941 943 956 957 961 982 991 994 1020 1024 1029 1032 1036 1039 1041 1056 1062 1064 1073 1089 1105 1126 1137 1143 1150 1155 1158 1183 1184 1187 1199 1202 1229 1237 1253 1264 1278 1289 1297 1302 1311 1318 1331 1339 1344 1360 1375 1376 1378 1384 1403 1404 1412 1419 1422 1434 1435 1440 1446 1524 1529 1541 1565 1590 1604 1618 1619 1627 1645 1652 1654 1700 1734 1747 1749 1756 1766 1775 1777 1787 1797 1811 1835 1849 1878 1882 1888 1896 1901 1911 1916 1922 1945 1983 1991 2008 2018 2023 2025 2037 2045 2046 2057 2063 2080
7,40,CG-MOACO,area_s5_t300,0.23501872659176026,1792.2077373788266,2.0591260281974,1 5 9 15 26 41 47 55 61 78 80 86 91 102 105 118 137 153 155 165 175 176 180 182 189 191 206 210 227 252 257 264 265 270 277 285 292 307 308 311 317 334 348 362 370 379 391 415 420 449 450 458 464 465 475 485 506 513 514 528 530 537 539 543 554 559 562 583 589 593 605 607 615 626 643 648 654 676 700 708 734 741 760 771 775 776 790 802 825 841 858 862 866 868 900 903 910 911 929 936 941 958 959 978 982 990 1036 1039 1041 1060 1064 1070 1077 1089 1102 1105 1106 1127 1137 1143 1151 1158 1168 1174 1183 1184 1187 1199 1202 1205 1215 1223 1230 1239 1262 1264 1266 1279 1296 1298 1302 1316 1318 1336 1339 1360 1370 1378 1384 1398 1403 1412 1423 1430 1434 1435 1448 1449 1469 1483 1496 1524 1544 1553 1565 1571 1582 1604 1607 1614 1618 1625 1638 1645 1648 1652 1683 1691 1718 1735 1747 1756 1766 1777 1787 1792 1797 1800 1808 1813 1815 1823 1833 1835 1840 1842 1854 1859 1882 1888 1901 1937 1959 1963 1964 1983 1989 2008 2014 2018 2023 2045 2055 2057 2064 2071 2082 2083
7,41,CG-MOACO,area_s5_t300,0.3061797752808989,1592.9411175607222,1.2649110640673518,1 9 31 34 38 41 47 59 80 86 91 98 102 106 111 114 125 137 143 152 153 165 175 176 180 191 209 227 252 263 270 285 292 308 311 317 334 348 379 380 420 429 440 449 458 465 477 479 485 494 510 553 562 566 589 593 611 615 617 622 626 629 648 654 700 708 731 734 740 743 760 766 771 775 776 790 802 806 808 815 840 847 868 877 879 885 910 917 929 941 943 946 954 957 968 972 980 1016 1017 1039 1056 1060 1064 1070 1077 1086 1104 1105 1109 1126 1143 1163 1174 1187 1199 1202 1204 1205 1228 1237 1259 1262 1264 1279 1297 1318 1323 1336 1339 1361 1374 1376 1383 1395 1404 1411 1412 1419 1430 1434 1435 1440 1449 1482 1504 1524 1527 1529 1544 1565 1576 1580 1604 1637 1645 1649 1652 1718 1732 1735 1738 1747 1756 1765 1779 1797 1805 1833 1840 1842 1845 1860 1865 1888 1944 1963 1966 1973 1980 1983 1986 1989 1991 2006 2014 2018 2023 2038 2046 2049 2055 2058 2064 2082 2083
7,42,CG-MOACO,area_s5_t300,0.2682584269662921,1696.2345522231608,0.6324555320336759,1 15 31 47 55 72 76 78 80 102 114 121 136 137 167 174 175 176 184 191 198 200 219 220 245 252 257 260 265 272 278 283 307 317 334 336 337 359 362 379 399 415 440 449 450 465 480 497 503 510 516 533 543 562 564 565 589 593 605 608 615 617 626 648 650 658 676 685 700 705 708 734 738 740 760 771 790 802 806 808 812 825 836 847 853 860 867 871 900 910 913 917 925 929 935 941 957 959 967 978 980 1001 1028 1032 1036 1052 1056 1060 1070 1089 1105 1117 1127 1137 1139 1143 1158 1170 1173 1183 1187 1199 1223 1237 1259 1262 1264 1278 1295 1297 1304 1314 1323 1339 1348 1361 1370 1376 1378 1383 1385 1394 1401 1412 1416 1419 1425 1430 1435 1440 1449 1469 1483 1490 1529 1544 1554 1565 1616 1618 1645 1647 1652 1654 1660 1708 1718 1756 1769 1777 1779 1787 1792 1797 1813 1818 1823 1831 1839 1842 1845 1852 1854 1860 1882 1888 1947 1961 1963 1965 1967 1983 1989 2001 2006 2018 2023 2036 2037 2045 2057 2063 2076 2080 2083
7,43,CG-MOACO,area_s5_t300,0.23782771535580527,1763.1132953191832,3.1622776601683795,1 9 31 38 42 43 55 71 78 80 86 102 111 114 118 132 137 143 150 154 159 165 173 175 176 189 191 218 220 226 230 249 252 257 258 260 284 285 300 308 317 334 348 379 392 415 420 438 440 449 450 461 475 477 485 508 516 528 537 544 579 589 591 593 595 609 612 615 616 622 626 650 654 676 700 708 716 719 734 740 760 771 790 802 807 825 847 868 902 910 911 917 929 941 956 980 987 999 1009 1016 1020 1028 1034 1036 1039 1052 1060 1070 1086 1089 1104 1105 1117 1127 1137 1139 1143 1158 1162 1173 1183 1189 1191 1199 1202 1204 1221 1228 1236 1237 1257 1262 1264 1278 1296 1304 1306 1318 1323 1334 1336 1339 1360 1361 1370 1376 1378 1383 1385 1394 1395 1403 1410 1419 1422 1423 1425 1436 1446 1469 1480 1483 1524 1529 1544 1562 1565 1571 1584 1597 1602 1606 1643 1645 1649 1652 1654 1673 1708 1711 1718 1737 1747 1756 1763 1787 1792 1797 1808 1813 1818 1820 1823 1845 1851 1854 1882 1901 1926 1937 1946 1954 1963 1983 2006 2008 2015 2018 2023 2037 2045 2049 2057 2063 2083
7,44,CG-MOACO,area_s5_t300,0.32911985018726597,1575.7815943480525,1.5999999999999999,5 19 26 78 80 95 98 102 106 122 126 153 155 170 175 180 182 191 200 215 247 252 270 283 292 311 314 317 319 336 344 351 352 366 371 379 399 413 420 443 445 449 450 458 464 465 472 475 480 527 532 543 544 559 562 573 579 589 593 648 654 664 675 700 712 729 734 740 770 771 775 776 802 866 871 889 910 911 917 929 941 967 978 982 994 996 999 1016 1017 1018 1024 1027 1032 1036 1041 1062 1064 1065 1080 1089 1104 1126 1137 1143 1158 1168 1189 1199 1202 1223 1228 1253 1258 1261 1264 1297 1302 1318 1323 1336 1339 1364 1370 1372 1384 1386 1394 1403 1412 1422 1440 1449 1460 1478 1480 1483 1496 1524 1529 1536 1544 1584 1590 1608 1638 1645 1650 1652 1654 1667 1673 1718 1726 1732 1735 1756 1766 1775 1792 1793 1797 1808 1823 1839 1845 1854 1857 1860 1882 1892 1901 1937 1940 1954 1963 1965 1967 1984 1986 1989 2006 2008 2023 2025 2044 2049 2057 2063 2076
7,45,CG-MOACO,area_s5_t300,0.23782771535580527,1789.4000622141778,1.7435595774162693,1 9 33 38 55 67 78 80 97 102 106 125 137 141 156 165 170 175 176 182 184 191 210 214 218 226 230 233 252 257 258 260 270 278 284 285 308 310 317 334 371 379 393 395 411 412 415 420 429 440 449 450 458 461 465 467 510 516 528 532 537 560 562 583 589 593 605 608 613 617 626 629 648 650 654 658 700 708 719 734 736 741 745 760 771 776 784 790 802 804 806 833 857 858 868 890 895 900 910 911 915 917 929 941 967 978 999 1001 1024 1029 1039 1052 1060 1070 1086 1089 1107 1117 1127 1137 1143 1145 1163 1170 1172 1184 1187 1188 1199 1202 1205 1222 1237 1258 1262 1264 1266 1296 1302 1304 1316 1323 1336 1339 1361 1364 1370 1375 1376 1384 1389 1394 1395 1403 1412 1419 1435 1440 1448 1469 1483 1517 1524 1529 1544 1565 1584 1599 1605 1612 1616 1643 1645 1647 1652 1670 1673 1701 1705 1718 1732 1735 1747 1756 1777 1787 1797 1804 1805 1808 1819 1831 1833 1835 1840 1842 1854 1860 1882 1900 1926 1937 1940 1954 1963 1965 1980 1983 1989 2001 2008 2023 2025 2045 2046 2063 2080
7,46,CG-MOACO,area_s5_t300,0.25327715355805247,1722.7502366425467,2.925747767665559,9 20 31 47 55 59 78 80 102 111 122 125 132 137 141 156 175 176 191 203 210 219 220 221 226 230 252 257 263 270 278 281 288 292 308 311 317 334 336 338 344 362 370 378 386 398 411 420 426 440 449 450 452 458 461 480 483 484 508 528 543 554 562 583 589 593 599 617 626 637 650 676 681 700 708 716 734 741 760 771 772 775 790 806 812 825 833 853 862 868 900 910 917 941 943 957 978 982 1001 1016 1018 1020 1022 1028 1036 1039 1045 1062 1068 1070 1082 1089 1105 1127 1137 1143 1150 1158 1173 1183 1187 1199 1202 1205 1223 1237 1239 1260 1264 1278 1296 1304 1314 1323 1336 1339 1350 1360 1363 1370 1376 1383 1385 1394 1395 1401 1403 1412 1419 1423 1430 1434 1436 1440 1446 1483 1496 1526 1527 1529 1541 1544 1553 1556 1565 1584 1607 1638 1645 1648 1652 1656 1700 1708 1711 1718 1732 1735 1752 1756 1765 1768 1775 1787 1792 1797 1808 1819 1823 1839 1840 1842 1853 1882 1888 1909 1916 1940 1941 1959 1967 1983 1986 1991 2001 2026 2045 2049 2057 2063 2083
7,47,CG-MOACO,area_s5_t300,0.27013108614232206,1671.7488892943811,2.8284271247461903,1 5 31 38 55 61 68 72 80 86 91 102 106 114 132 137 155 175 176 178 191 200 215 218 220 226 230 252 257 258 270 277 278 283 285 292 311 314 317 334 351 366 371 379 391 395 415 440 450 456 458 461 465 480 514 525 528 537 541 543 545 554 562 593 608 615 617 650 651 654 669 700 719 731 734 741 754 760 771 772 775 776 790 802 808 825 840 847 848 868 910 917 929 941 943 957 972 977 982 994 1001 1016 1022 1028 1031 1039 1053 1060 1070 1089 1105 1126 1137 1143 1156 1158 1173 1187 1199 1202 1205 1223 1237 1244 1262 1264 1279 1295 1299 1302 1304 1312 1318 1331 1339 1348 1370 1375 1376 1384 1394 1395 1403 1412 1419 1423 1434 1435 1440 1458 1468 1480 1482 1495 1518 1524 1527 1544 1553 1582 1584 1643 1645 1647 1652 1654 1670 1673 1718 1745 1756 1766 1769 1788 1797 1808 1813 1818 1823 1835 1839 1840 1842 1845 1852 1854 1860 1889 1901 1941 1963 1965 1967 1983 1989 2006 2008 2018 2045 2049 2055 2057 2063 2076 2080
7,48,CG-MOACO,area_s5_t300,0.2584269662921348,1706.2867618657622,1.8330302779823362,1 26 34 38 55 59 61 78 80 89 102 114 134 137 148 152 159 166 175 176 178 182 189 215 218 220 226 230 252 257 258 263 270 278 284 286 288 292 307 317 334 349 362 379 398 415 426 431 437 449 450 461 465 485 508 525 537 543 554 562 565 589 593 602 608 612 615 616 622 638 648 650 700 705 708 716 731 734 740 760 771 772 790 802 806 812 825 841 858 862 868 900 907 910 911 913 916 925 929 941 957 958 977 1001 1016 1020 1028 1036 1039 1045 1056 1060 1070 1089 1105 1127 1137 1139 1143 1158 1162 1183 1187 1199 1202 1205 1223 1237 1239 1258 1264 1292 1296 1299 1300 1304 1318 1334 1339 1360 1367 1375 1376 1384 1395 1404 1411 1419 1423 1426 1434 1435 1483 1490 1495 1524 1541 1544 1562 1565 1574 1590 1605 1614 1619 1638 1645 1652 1654 1670 1687 1718 1722 1734 1756 1765 1779 1787 1797 1815 1818 1829 1836 1839 1842 1845 1854 1860 1882 1888 1896 1921 1926 1944 1954 1967 1980 1983 1986 2008 2014 2018 2023 2037 2045 2046 2049 2063 2083
7,49,CG-MOACO,area_s5_t300,0.2471910112359551,1730.73595971993,0.9797958971132712,1 47 61 78 80 90 94 102 105 106 111 114 118 132 137 141 148 152 153 155 174 175 176 178 182 218 226 230 252 261 264 270 281 284 285 292 300 310 334 370 398 406 413 415 437 440 449 450 458 465 480 504 514 525 528 542 562 566 583 589 593 602 608 611 617 626 637 648 650 654 700 708 716 719 731 734 741 760 766 771 772 776 790 802 806 807 825 835 840 858 861 862 868 885 887 905 929 947 958 982 985 1001 1016 1024 1039 1042 1053 1056 1060 1070 1077 1086 1104 1105 1127 1143 1144 1158 1162 1170 1173 1187 1199 1201 1202 1205 1212 1228 1234 1237 1259 1262 1264 1266 1279 1290 1297 1302 1304 1318 1323 1327 1336 1339 1376 1378 1383 1385 1395 1404 1412 1419 1425 1436 1440 1449 1457 1468 1483 1496 1504 1524 1527 1529 1544 1565 1606 1616 1638 1645 1647 1652 1654 1658 1700 1718 1726 1756 1757 1766 1777 1788 1792 1800 1808 1811 1815 1819 1835 1839 1840 1842 1854 1860 1882 1888 1889 1926 1937 1963 1964 1967 1983 2006 2008 2014 2018 2023 2025 2045 2046 2055 2058 2063
7,50,CG-MOACO,area_s5_t300,0.25374531835205993,1722.0232307330734,3.7735924528226414,5 15 19 31 38 47 55 61 78 80 89 98 102 105 106 111 118 137 141 149 156 175 176 181 191 210 219 220 226 230 245 252 263 278 281 284 285 292 306 308 311 317 333 336 344 379 393 420 424 426 440 449 450 461 474 485 508 510 528 530 537 543 562 589 593 605 608 615 626 648 650 676 678 700 708 712 734 740 760 771 772 775 802 806 812 825 841 853 860 862 870 907 910 913 915 941 957 958 967 978 982 994 1001 1022 1028 1036 1039 1062 1070 1073 1086 1089 1105 1127 1137 1143 1157 1173 1183 1184 1187 1199 1202 1223 1237 1264 1279 1304 1316 1318 1323 1334 1339 1354 1361 1370 1375 1378 1384 1394 1403 1412 1419 1422 1423 1430 1435 1440 1448 1453 1483 1490 1504 1524 1529 1544 1565 1571 1584 1587 1607 1616 1645 1648 1652 1656 1658 1670 1708 1711 1718 1732 1735 1756 1765 1769 1787 1793 1797 1805 1808 1823 1833 1839 1840 1845 1860 1865 1882 1888 1898 1901 1947 1954 1963 1965 1967 1983 1986 1989 1991 2006 2008 2023 2026 2045 2049 2058 2063 2074 2082 2083
7,51,CG-MOACO,area_s5_t300,0.25,1731.0876541926184,0.8,1 9 15 31 47 49 63 77 78 80 98 102 105 114 118 137 141 155 165 170 175 176 200 218 220 226 230 252 265 270 272 284 292 308 311 317 334 336 362 371 379 380 403 406 420 440 450 464 467 485 486 505 508 510 528 537 554 558 562 573 583 593 605 608 612 615 617 622 626 643 685 687 700 708 711 719 734 740 760 771 790 802 806 807 812 814 825 848 853 867 868 900 910 916 929 941 956 957 972 977 982 1001 1012 1018 1028 1036 1039 1045 1060 1064 1065 1068 1073 1089 1105 1127 1133 1137 1143 1158 1173 1183 1187 1188 1191 1199 1202 1237 1244 1248 1259 1262 1264 1266 1278 1296 1297 1308 1314 1318 1327 1336 1339 1353 1360 1361 1370 1375 1377 1383 1385 1398 1403 1419 1422 1437 1440 1469 1483 1529 1536 1538 1544 1556 1584 1606 1614 1638 1645 1652 1654 1660 1700 1708 1747 1749 1756 1787 1793 1797 1806 1808 1815 1823 1835 1840 1849 1854 1865 1882 1888 1901 1922 1924 1928 1932 1937 1940 1945 1965 1983 1995 2006 2008 2018 2023 2026 2037 2045 2049 2057 2063 2076
7,52,CG-MOACO,area_s5_t300,0.26779026217228463,1672.5209030742992,2.4819347291981715,9 15 19 31 38 55 59 61 80 98 102 111 137 155 167 175 176 178 200 210 219 220 226 230 232 252 257 258 261 270 278 284 285 292 317 334 336 344 348 350 351 362 395 399 415 440 445 449 450 458 465 480 497 503 528 543 562 564 589 593 605 607 613 615 617 620 626 643 648 674 676 700 708 734 741 754 760 771 772 790 802 804 825 829 868 875 878 900 907 910 911 917 929 939 941 943 948 967 977 982 1001 1012 1037 1039 1060 1064 1068 1070 1086 1102 1127 1129 1137 1139 1143 1145 1151 1158 1173 1187 1199 1202 1212 1221 1223 1237 1259 1262 1264 1274 1279 1292 1296 1299 1304 1318 1320 1336 1339 1360 1370 1375 1376 1378 1383 1385 1394 1401 1412 1419 1426 1435 1440 1469 1483 1490 1524 1529 1544 1565 1584 1614 1616 1618 1619 1638 1645 1652 1654 1656 1658 1718 1734 1735 1738 1756 1766 1769 1775 1777 1787 1797 1800 1805 1808 1813 1823 1833 1835 1839 1842 1845 1860 1888 1901 1963 1965 1967 1983 1987 1989 1991 2008 2038 2058 2063
7,53,CG-MOACO,area_s5_t300,0.3047752808988764,1595.2883226909842,4.707440918375928,1 9 20 31 47 68 72 77 78 80 98 102 105 108 122 132 137 143 153 155 159 172 175 176 206 215 220 226 230 232 245 252 270 275 276 285 300 317 331 334 362 370 391 398 415 440 445 458 464 465 472 503 528 559 562 578 589 593 602 608 611 648 650 656 659 664 708 719 734 738 741 760 763 771 775 790 796 802 812 823 853 862 867 868 890 910 913 917 929 941 943 953 957 958 978 982 991 1001 1016 1024 1028 1036 1039 1060 1077 1105 1115 1117 1126 1137 1139 1143 1150 1161 1174 1183 1199 1202 1205 1223 1225 1237 1258 1262 1264 1270 1279 1293 1318 1323 1339 1359 1362 1364 1370 1372 1375 1376 1383 1385 1391 1394 1403 1419 1422 1435 1440 1449 1480 1517 1524 1529 1544 1556 1562 1565 1584 1602 1615 1616 1645 1652 1654 1673 1708 1714 1718 1735 1747 1755 1765 1769 1818 1823 1845 1853 1860 1882 1884 1911 1941 1960 1963 1983 1986 2001 2018 2033 2038 2049 2055 2057 2063 2083
7,54,CG-MOACO,area_s5_t300,0.29962546816479396,1624.6091372640406,0.8944271909999159,1 47 80 90 102 106 111 137 167 174 175 176 179 182 184 187 189 191 200 206 210 219 220 233 237 252 257 278 283 285 306 308 317 327 356 369 370 379 415 429 437 440 449 450 458 461 465 480 514 528 533 537 552 559 562 563 583 593 608 626 648 650 671 677 700 731 734 741 750 760 770 776 790 802 806 807 812 828 833 846 856 868 879 889 910 911 927 929 941 951 956 967 978 982 1001 1016 1024 1036 1039 1060 1065 1068 1091 1102 1105 1117 1126 1139 1143 1151 1158 1162 1168 1170 1173 1188 1199 1239 1259 1262 1264 1290 1291 1292 1302 1308 1318 1323 1336 1364 1370 1375 1376 1383 1385 1394 1412 1416 1419 1429 1435 1469 1483 1496 1524 1529 1544 1565 1606 1615 1616 1638 1643 1645 1648 1652 1660 1718 1731 1738 1750 1752 1756 1757 1769 1776 1787 1797 1800 1806 1808 1818 1829 1839 1842 1882 1888 1901 1952 1963 1966 1973 1980 1983 1987 1991 2018 2025 2029 2037 2046 2049 2058 2063 2083
7,55,CG-MOACO,area_s5_t300,0.25889513108614237,1710.8274300442595,1.019803902718557,1 9 15 29 31 34 41 55 59 61 78 80 99 102 106 114 122 132 137 143 155 175 176 178 191 201 218 220 226 230 252 259 261 263 270 272 278 292 317 334 348 371 411 415 449 450 458 465 480 483 503 533 560 562 578 589 591 593 605 608 615 626 638 648 654 658 676 700 705 708 719 734 741 754 760 766 771 775 790 802 806 808 820 825 835 853 862 867 868 875 900 903 910 917 925 929 941 958 978 985 1001 1032 1036 1039 1045 1062 1064 1078 1085 1086 1127 1137 1139 1143 1151 1162 1172 1173 1187 1199 1202 1212 1215 1223 1228 1237 1260 1262 1264 1266 1299 1304 1323 1337 1339 1361 1370 1372 1375 1376 1383 1385 1394 1403 1412 1419 1423 1426 1434 1435 1440 1455 1468 1480 1483 1504 1528 1529 1535 1544 1553 1565 1580 1584 1616 1643 1649 1652 1658 1684 1708 1714 1718 1747 1756 1777 1779 1797 1800 1813 1818 1823 1831 1840 1842 1845 1854 1860 1878 1882 1888 1922 1926 1928 1940 1961 1963 1965 1983 1989 2008 2023 2033 2037 2045 2058 2063 2083
7,56,CG-MOACO,area_s5_t300,0.28136704119850187,1650.381728482214,1.7204650534085253,1 5 9 42 78 80 86 98 99 102 106 141 143 148 156 165 175 178 179 182 191 199 202 214 247 252 261 270 277 284 285 292 300 307 310 317 334 351 370 386 391 393 420 432 440 450 461 479 484 486 508 528 530 537 543 544 562 565 583 593 605 626 638 641 648 650 654 664 708 734 740 743 760 771 772 775 790 825 829 831 862 900 910 911 919 929 941 943 959 978 994 1001 1017 1020 1024 1032 1039 1042 1060 1078 1080 1089 1091 1104 1105 1127 1137 1143 1151 1158 1162 1164 1168 1173 1184 1199 1212 1234 1239 1257 1259 1262 1264 1274 1278 1290 1304 1308 1312 1314 1330 1336 1339 1370 1375 1376 1378 1383 1394 1403 1419 1434 1435 1440 1453 1483 1496 1524 1544 1562 1602 1614 1615 1616 1637 1643 1645 1647 1652 1654 1658 1705 1708 1711 1718 1732 1735 1747 1756 1769 1775 1787 1797 1808 1819 1823 1831 1833 1835 1840 1842 1854 1860 1882 1888 1896 1924 1954 1963 1965 1983 1987 1996 2001 2008 2025 2038 2049 2058 2063 2071
7,57,CG-MOACO,area_s5_t300,0.28979400749063666,1625.027849193266,2.785677655436824,1 9 19 31 38 47 55 68 80 86 91 95 98 102 105 106 132 137 174 175 176 180 191 200 206 215 245 252 270 278 285 288 292 306 308 317 326 336 344 348 356 369 371 379 403 420 440 449 450 457 458 461 465 510 544 559 562 589 593 605 607 612 629 638 648 676 678 700 708 712 734 740 745 760 773 775 776 790 802 808 812 825 833 840 862 868 910 913 919 941 943 958 967 978 980 994 1024 1032 1036 1039 1058 1060 1064 1070 1073 1086 1089 1105 1126 1137 1139 1143 1150 1155 1175 1187 1199 1221 1222 1237 1262 1264 1278 1304 1318 1331 1334 1339 1354 1364 1370 1373 1375 1376 1383 1385 1394 1398 1403 1412 1419 1423 1424 1434 1435 1440 1455 1480 1504 1524 1529 1565 1584 1599 1643 1645 1649 1652 1654 1660 1672 1708 1718 1719 1732 1735 1756 1765 1769 1776 1787 1797 1813 1823 1831 1839 1840 1842 1849 1860 1882 1888 1937 1960 1965 1967 1983 1986 1989 1991 2016 2023 2038 2044 2047 2049 2058 2063 2083
7,58,CG-MOACO,area_s5_t300,0.28043071161048694,1641.2647103232464,2.65329983228432,1 19 26 38 61 71 80 90 98 102 105 106 137 148 152 155 175 176 180 182 200 209 210 219 232 252 263 265 270 278 284 285 290 292 306 307 308 317 336 344 369 379 385 398 415 420 445 449 450 461 465 479 500 503 530 553 554 562 565 566 589 593 605 617 626 648 664 685 700 708 734 740 760 771 772 787 790 806 807 812 825 850 862 868 871 879 894 910 911 929 941 947 955 991 994 996 999 1024 1028 1036 1042 1056 1060 1064 1068 1070 1077 1129 1139 1143 1145 1150 1158 1164 1168 1170 1173 1187 1199 1205 1225 1236 1237 1259 1262 1264 1279 1296 1311 1327 1329 1370 1375 1376 1378 1383 1385 1394 1412 1419 1436 1440 1446 1449 1469 1482 1490 1496 1518 1524 1529 1544 1552 1565 1606 1607 1614 1618 1645 1652 1654 1658 1678 1690 1705 1708 1715 1718 1726 1735 1738 1750 1756 1765 1769 1775 1784 1787 1797 1800 1805 1808 1823 1831 1833 1839 1842 1845 1854 1860 1888 1901 1952 1963 1983 1989 2008 2023 2029 2058 2063 2076 2083
7,59,CG-MOACO,area_s5_t300,0.2457865168539326,1753.6151386667646,1.019803902718557,1 15 26 31 38 78 80 91 102 125 137 141 149 165 166 172 175 176 178 180 191 197 201 206 210 249 252 257 259 270 275 278 285 288 317 334 336 362 371 379 391 415 424 431 449 450 456 461 465 475 477 494 510 514 528 533 539 543 545 554 562 564 571 593 615 626 676 700 708 719 731 734 741 750 760 771 774 776 784 790 802 804 808 812 825 833 850 857 862 868 872 885 910 911 917 929 941 947 957 978 980 1000 1016 1037 1039 1041 1060 1064 1068 1070 1077 1086 1089 1108 1137 1139 1143 1158 1170 1174 1183 1187 1199 1202 1205 1223 1237 1259 1262 1264 1296 1299 1300 1304 1316 1318 1323 1336 1339 1341 1360 1361 1364 1375 1384 1395 1404 1412 1419 1426 1434 1435 1440 1448 1455 1469 1480 1483 1524 1527 1529 1544 1565 1606 1616 1643 1645 1647 1649 1652 1683 1718 1726 1734 1735 1747 1756 1766 1787 1797 1805 1808 1815 1819 1833 1835 1842 1853 1854 1860 1865 1882 1888 1919 1928 1965 1970 1979 1980 1983 1989 2006 2008 2015 2023 2025 2038 2044 2046 2058 2063 2082 2083
7,60,CG-MOACO,area_s5_t300,0.2963483146067416,1607.3447373146917,1.4966629547095767,1 4 9 31 47 49 55 61 78 80 98 102 111 114 132 137 141 152 156 166 174 175 180 184 215 231 245 252 257 260 270 285 308 317 334 336 356 370 379 393 399 415 420 437 440 449 458 480 484 497 508 537 554 562 593 616 625 643 648 671 676 698 700 719 731 734 738 741 750 754 760 770 772 790 802 807 812 823 846 862 867 868 910 913 917 929 941 943 958 961 976 977 982 1012 1016 1024 1039 1042 1060 1064 1070 1089 1096 1105 1117 1127 1137 1139 1142 1143 1151 1157 1173 1199 1202 1221 1236 1237 1244 1262 1264 1279 1296 1297 1304 1318 1339 1359 1361 1370 1376 1378 1385 1395 1401 1412 1419 1422 1425 1429 1436 1437 1440 1446 1448 1455 1457 1460 1469 1482 1528 1529 1532 1535 1544 1612 1645 1652 1673 1700 1708 1718 1732 1752 1756 1766 1779 1787 1797 1800 1802 1815 1835 1839 1845 1853 1865 1872 1882 1928 1937 1940 1963 1967 1976 1980 1983 1989 2023 2025 2028 2036 2038 2046 2049 2064 2082
7,61,CG-MOACO,area_s5_t300,0.2640449438202247,1694.6792976566373,0.9797958971132712,1 19 31 55 72 80 86 90 91 98 102 106 111 112 132 141 170 172 175 181 191 200 210 218 220 226 230 247 252 261 272 275 278 285 308 317 336 349 356 366 395 406 411 415 437 440 443 449 450 456 458 461 465 477 495 510 537 540 543 559 562 580 589 593 605 608 612 626 648 654 676 700 710 719 723 741 747 760 776 790 802 808 825 829 833 835 868 910 911 927 929 943 978 1001 1024 1026 1036 1039 1043 1056 1060 1064 1065 1077 1086 1089 1102 1105 1107 1117 1127 1137 1143 1145 1149 1158 1174 1183 1184 1187 1189 1199 1202 1223 1237 1259 1262 1264 1299 1312 1316 1318 1323 1336 1339 1361 1364 1370 1383 1385 1394 1395 1398 1403 1419 1426 1434 1435 1440 1455 1483 1503 1529 1538 1544 1554 1562 1565 1584 1606 1627 1636 1643 1645 1648 1652 1697 1708 1718 1726 1730 1738 1756 1777 1787 1792 1793 1797 1808 1823 1829 1830 1833 1839 1842 1854 1860 1865 1882 1888 1901 1923 1928 1937 1940 1959 1965 1967 1983 1986 1989 2006 2008 2018 2023 2037 2045 2057 2063
7,62,CG-MOACO,area_s5_t300,0.24204119850187267,1755.9398056672865,3.919183588453085,1 15 38 47 55 64 68 76 78 80 86 94 98 102 105 106 112 114 137 143 148 153 155 165 175 176 178 184 186 191 206 218 220 226 230 252 257 258 263 275 284 285 300 307 317 334 336 344 379 403 420 424 425 431 437 440 449 450 461 465 467 474 506 508 537 543 562 589 591 593 605 611 615 626 641 648 650 654 700 708 723 739 745 754 760 771 772 802 806 809 815 825 831 842 858 862 868 877 900 903 910 911 929 936 941 943 952 978 982 1001 1018 1036 1039 1060 1070 1086 1089 1091 1104 1105 1107 1115 1117 1127 1137 1143 1149 1164 1173 1187 1199 1202 1205 1215 1234 1244 1264 1279 1296 1304 1314 1318 1323 1334 1339 1353 1370 1376 1383 1394 1395 1403 1412 1419 1423 1425 1426 1440 1446 1450 1457 1469 1480 1482 1524 1528 1529 1544 1565 1605 1612 1619 1637 1641 1645 1649 1652 1654 1658 1700 1718 1745 1747 1756 1787 1792 1797 1800 1804 1805 1808 1813 1819 1823 1840 1842 1854 1860 1865 1881 1888 1923 1940 1946 1963 1983 1987 1989 2005 2009 2026 2028 2040 2045 2058 2063
7,63,CG-MOACO,area_s5_t300,0.26170411985018727,1700.2845162449523,0.9797958971132712,1 9 14 19 31 38 40 45 55 80 86 98 102 106 114 137 141 148 155 175 176 180 191 200 249 252 257 263 270 278 284 285 292 308 311 317 334 336 351 371 379 380 395 420 440 449 450 457 458 464 465 477 479 489 494 508 537 554 562 583 589 593 605 615 624 626 637 641 648 650 700 708 716 734 740 745 760 771 775 790 802 806 807 815 825 862 897 910 911 917 929 943 946 955 957 958 982 994 1017 1026 1028 1032 1036 1039 1042 1054 1060 1068 1070 1080 1089 1092 1096 1102 1105 1107 1127 1137 1143 1173 1187 1189 1199 1202 1237 1239 1242 1248 1259 1264 1274 1278 1299 1318 1336 1339 1370 1378 1384 1394 1395 1398 1403 1412 1416 1419 1426 1429 1435 1440 1449 1469 1470 1483 1490 1513 1529 1544 1565 1569 1584 1587 1614 1638 1645 1648 1652 1660 1678 1708 1718 1734 1738 1747 1756 1766 1776 1777 1779 1792 1797 1804 1806 1824 1840 1842 1853 1860 1867 1882 1897 1940 1963 1965 1980 1983 1986 1991 2001 2006 2008 2018 2023 2025 2037 2045 2058 2063 2083
7,64,CG-MOACO,area_s5_t300,0.2865168539325843,1634.1326827822227,3.4985711369071804,1 9 29 31 47 55 80 98 102 105 106 137 141 148 152 165 172 175 176 178 191 200 201 210 218 220 226 230 252 257 263 270 272 275 278 284 285 310 317 334 348 356 371 379 393 424 425 440 449 450 464 465 474 485 503 509 525 528 530 543 546 562 579 589 593 605 608 617 620 626 643 654 700 734 754 760 772 802 806 825 847 861 867 868 900 910 911 919 927 929 941 943 967 978 980 985 1001 1024 1036 1039 1062 1064 1073 1086 1089 1102 1105 1117 1123 1127 1137 1143 1151 1158 1162 1175 1184 1187 1199 1222 1228 1237 1261 1264 1296 1297 1300 1314 1318 1323 1327 1337 1339 1373 1375 1376 1383 1385 1389 1404 1410 1412 1419 1434 1435 1440 1455 1469 1478 1517 1529 1554 1565 1569 1606 1618 1645 1650 1652 1654 1660 1700 1718 1738 1747 1756 1777 1787 1797 1800 1808 1815 1835 1842 1845 1853 1860 1888 1901 1911 1922 1963 1964 1983 1987 1989 1991 2008 2009 2014 2018 2029 2037 2046 2057 2063 2074 2083
7,65,CG-MOACO,area_s5_t300,0.32116104868913853,1570.7466713182107,2.3151673805580453,9 31 39 47 55 59 80 98 102 114 118 122 125 132 137 143 153 174 175 176 191 201 205 218 226 235 249 252 257 260 285 292 317 334 370 379 386 420 424 437 440 449 450 465 485 494 503 510 528 560 562 589 591 593 648 650 669 681 700 708 734 741 763 766 771 807 809 812 814 821 825 829 830 847 860 892 908 911 913 917 920 929 941 978 982 991 994 1016 1020 1024 1028 1032 1039 1042 1050 1056 1062 1086 1092 1126 1143 1158 1167 1172 1173 1187 1189 1199 1201 1202 1259 1262 1264 1279 1296 1303 1318 1323 1339 1353 1360 1361 1370 1375 1384 1394 1403 1412 1415 1419 1430 1435 1437 1440 1446 1469 1484 1490 1529 1544 1554 1565 1582 1584 1645 1652 1654 1658 1700 1703 1708 1718 1719 1734 1756 1777 1787 1793 1797 1808 1813 1823 1829 1839 1842 1845 1851 1882 1888 1901 1920 1922 1929 1954 1959 1963 1965 1967 1983 1986 1989 1991 1994 2006 2008 2038 2058 2061 2063
7,66,CG-MOACO,area_s5_t300,0.3089887640449438,1621.5246730285123,0.4,1 36 42 64 71 76 80 90 98 102 111 117 125 137 152 154 165 175 184 188 200 215 219 245 257 272 278 285 288 308 309 334 336 337 344 350 379 392 413 424 431 440 449 461 465 503 525 537 543 544 547 559 562 569 588 589 591 593 602 608 616 638 645 648 656 658 700 708 712 731 734 740 760 771 773 790 802 825 858 860 862 867 910 911 920 929 934 958 967 982 1016 1024 1036 1039 1042 1043 1055 1060 1086 1102 1105 1117 1127 1139 1143 1144 1151 1155 1158 1187 1199 1202 1205 1221 1222 1236 1237 1262 1264 1270 1278 1308 1310 1314 1318 1334 1336 1339 1363 1370 1383 1385 1394 1398 1412 1418 1423 1427 1436 1440 1499 1520 1529 1544 1556 1565 1599 1606 1614 1619 1643 1645 1649 1652 1654 1672 1705 1708 1710 1732 1735 1738 1747 1756 1765 1779 1787 1797 1813 1823 1833 1840 1842 1845 1851 1873 1882 1888 1929 1937 1944 1952 1959 1965 1983 1986 1989 1991 2008 2026 2049 2058 2063 2071
7,67,CG-MOACO,area_s5_t300,0.30383895131086147,1601.8422000464188,1.4142135623730951,1 31 34 38 47 59 65 67 80 91 98 102 118 119 132 137 152 175 176 178 189 196 200 209 210 220 252 257 263 270 285 292 311 314 334 337 362 371 379 415 423 440 449 450 458 497 503 510 516 525 528 537 541 560 562 579 589 591 593 606 613 617 626 648 654 700 719 728 740 749 760 774 790 802 806 808 825 842 847 868 875 889 907 910 911 917 929 941 956 957 978 980 994 1016 1018 1024 1039 1062 1064 1070 1077 1086 1096 1104 1105 1123 1126 1137 1143 1158 1174 1187 1199 1205 1222 1228 1234 1237 1264 1279 1292 1296 1302 1304 1308 1323 1337 1339 1376 1384 1394 1412 1419 1422 1423 1434 1435 1441 1469 1480 1483 1496 1518 1527 1529 1544 1553 1599 1606 1616 1643 1645 1649 1652 1654 1673 1711 1718 1723 1734 1738 1756 1773 1780 1787 1792 1797 1808 1812 1823 1831 1839 1845 1851 1854 1860 1901 1926 1959 1963 1964 1967 1983 1987 1989 2001 2005 2008 2018 2037 2045 2049 2057 2063 2083
7,68,CG-MOACO,area_s5_t300,0.2794943820224719,1654.7491377000545,1.019803902718557,9 19 31 46 55 78 80 89 96 102 105 111 137 141 148 152 155 172 175 176 178 210 218 220 226 230 252 270 275 278 285 310 317 334 348 362 370 379 391 393 399 412 415 440 449 450 458 464 503 528 530 537 562 580 583 589 593 602 608 609 615 617 626 643 648 652 658 674 676 700 708 716 719 734 736 741 760 771 790 802 812 825 853 857 862 868 910 929 941 943 956 957 967 978 1001 1016 1028 1035 1036 1060 1064 1070 1079 1086 1105 1117 1127 1137 1143 1152 1158 1162 1164 1170 1173 1183 1184 1187 1199 1202 1237 1262 1264 1292 1296 1311 1314 1318 1323 1336 1338 1339 1353 1360 1361 1370 1394 1412 1419 1422 1423 1435 1440 1448 1449 1469 1470 1482 1509 1524 1529 1544 1553 1565 1571 1606 1607 1618 1637 1645 1652 1654 1656 1660 1673 1697 1708 1718 1726 1734 1735 1756 1758 1769 1777 1787 1792 1793 1797 1802 1806 1808 1818 1823 1831 1835 1839 1860 1882 1892 1901 1954 1959 1963 1965 1967 1983 2023 2033 2045 2057 2063
7,69,CG-MOACO,area_s5_t300,0.2485955056179775,1728.6709457727002,3.2619012860600183,1 5 9 31 38 42 47 55 63 71 78 80 98 102 106 114 132 137 141 156 175 176 178 188 191 215 218 220 226 230 252 257 264 270 277 278 281 284 285 292 306 307 317 333 369 379 391 424 440 449 450 465 503 528 537 554 560 562 566 580 589 593 608 609 615 616 638 648 654 674 676 700 708 712 734 740 749 754 760 766 771 772 790 802 813 825 841 862 868 875 902 910 911 919 929 943 958 982 994 1001 1016 1020 1028 1032 1036 1039 1052 1056 1062 1064 1070 1084 1086 1102 1127 1137 1139 1143 1158 1173 1187 1199 1223 1224 1236 1237 1262 1264 1266 1279 1304 1312 1314 1318 1323 1330 1334 1336 1339 1347 1361 1370 1375 1376 1378 1380 1384 1403 1412 1419 1422 1423 1426 1434 1435 1440 1468 1483 1524 1544 1556 1565 1571 1584 1606 1616 1618 1643 1645 1649 1652 1653 1683 1708 1718 1726 1735 1756 1766 1777 1787 1797 1800 1808 1815 1818 1823 1835 1839 1845 1853 1854 1867 1873 1882 1897 1926 1928 1940 1963 1965 1967 1983 1987 1989 2006 2008 2025 2038 2044 2057 2063 2083
7,70,CG-MOACO,area_s5_t300,0.27574906367041196,1656.7299057441,1.4966629547095767,1 9 26 78 80 102 137 142 148 154 165 174 175 176 182 191 201 215 218 220 226 230 252 256 260 270 276 278 284 285 292 307 317 334 336 348 349 356 362 370 379 403 412 420 424 426 431 449 465 472 477 508 516 533 537 540 543 554 562 574 589 593 605 609 615 617 622 648 656 676 700 708 712 716 734 740 760 766 790 802 806 808 812 815 833 858 862 866 868 875 910 911 913 916 917 925 941 957 980 994 999 1020 1039 1056 1060 1064 1073 1086 1105 1126 1137 1139 1142 1143 1150 1158 1164 1175 1187 1188 1199 1202 1205 1222 1264 1278 1296 1299 1304 1310 1318 1320 1323 1324 1334 1339 1354 1360 1361 1364 1370 1376 1383 1385 1394 1403 1412 1419 1422 1423 1434 1435 1440 1446 1482 1490 1524 1529 1544 1606 1645 1652 1654 1673 1683 1708 1734 1747 1756 1779 1787 1792 1797 1805 1811 1818 1823 1831 1835 1840 1851 1854 1860 1882 1896 1921 1926 1937 1963 1965 1983 2001 2008 2018 2023 2037 2045 2049 2057 2063 2078 2080
7,71,CG-MOACO,area_s5_t300,0.28838951310861427,1632.9576173586663,2.6832815729997477,1 31 39 47 55 59 67 79 80 102 114 122 125 132 137 165 175 176 200 215 218 226 230 236 252 257 283 292 308 311 334 336 359 370 379 391 392 395 411 415 419 431 440 449 456 458 464 465 480 483 503 528 543 559 562 564 589 593 599 602 616 648 650 654 656 669 676 678 700 708 716 719 722 734 741 760 771 784 790 802 804 825 840 862 868 910 913 925 941 957 965 967 978 982 994 1001 1016 1024 1036 1039 1041 1056 1060 1086 1104 1105 1111 1127 1143 1157 1164 1183 1184 1187 1199 1202 1223 1237 1262 1264 1278 1288 1296 1297 1302 1314 1323 1327 1334 1338 1339 1354 1369 1384 1389 1404 1412 1423 1430 1435 1440 1446 1449 1458 1469 1496 1524 1529 1544 1565 1571 1590 1608 1645 1648 1650 1652 1673 1718 1735 1747 1754 1756 1765 1773 1775 1777 1787 1792 1793 1797 1808 1815 1829 1833 1840 1842 1845 1853 1854 1882 1901 1928 1940 1954 1963 1965 1980 1983 1987 2006 2008 2018 2045 2046 2055 2063 2074 2076 2083
7,72,CG-MOACO,area_s5_t300,0.300561797752809,1630.2823594910087,0.8,1 5 9 18 55 80 86 98 105 132 137 156 166 173 175 176 178 179 182 184 206 219 235 245 251 252 257 263 270 275 278 286 306 317 333 344 369 370 379 399 426 440 450 461 480 485 486 536 544 545 558 562 593 602 608 610 611 615 626 638 650 676 685 692 700 705 712 716 731 734 740 760 762 771 790 802 807 808 812 825 841 846 853 862 868 876 907 910 913 917 929 941 943 958 978 982 987 1001 1016 1036 1039 1042 1056 1060 1086 1105 1117 1123 1139 1143 1150 1158 1162 1173 1187 1188 1199 1221 1242 1279 1290 1293 1294 1302 1304 1311 1318 1334 1338 1339 1360 1370 1375 1376 1378 1380 1394 1395 1398 1401 1403 1412 1419 1422 1423 1440 1449 1457 1487 1496 1524 1529 1544 1565 1599 1605 1645 1648 1652 1711 1718 1721 1732 1735 1738 1757 1765 1776 1779 1781 1787 1797 1803 1813 1823 1839 1857 1860 1882 1888 1963 1964 1967 1978 1983 1987 1991 2008 2014 2015 2038 2044 2049 2057 2059 2063 2083
7,73,CG-MOACO,area_s5_t300,0.28323970037453183,1640.2843592449187,0.7483314773547882,1 12 31 63 65 78 80 86 90 102 105 111 132 137 141 165 172 175 176 180 206 215 219 220 249 252 257 270 275 278 284 286 317 334 351 362 370 379 391 395 412 415 432 440 443 445 450 458 461 465 475 508 537 554 560 562 580 593 602 605 615 622 637 641 648 666 676 685 708 734 741 754 760 771 772 790 802 807 815 825 833 853 868 878 890 910 925 929 936 954 978 982 1007 1017 1020 1028 1036 1039 1062 1064 1068 1086 1089 1107 1115 1117 1127 1128 1137 1139 1143 1158 1163 1172 1187 1199 1202 1205 1224 1237 1256 1262 1264 1270 1290 1292 1296 1308 1323 1334 1337 1339 1363 1370 1375 1376 1384 1394 1403 1412 1418 1423 1430 1434 1440 1449 1469 1480 1483 1490 1524 1544 1584 1590 1615 1616 1645 1648 1649 1652 1653 1660 1673 1705 1718 1726 1732 1735 1747 1756 1766 1769 1779 1787 1797 1800 1818 1823 1835 1842 1845 1853 1860 1882 1922 1937 1963 1969 1983 1989 1991 1995 2006 2008 2025 2036 2038 2039 2049 2057 2063
7,74,CG-MOACO,area_s5_t300,0.27902621722846443,1653.987728646582,2.727636339397171,1 9 43 47 59 64 72 78 80 102 111 114 125 137 152 154 165 174 175 176 178 191 202 215 220 252 257 260 284 285 292 300 317 334 336 337 348 370 379 380 392 395 398 412 424 440 449 450 465 483 514 546 562 579 589 592 593 597 608 616 638 648 654 676 681 700 705 708 716 731 734 741 760 766 771 776 784 790 802 804 806 807 820 825 841 847 850 857 858 868 889 907 910 911 913 917 929 941 948 956 957 980 994 1001 1016 1020 1024 1028 1039 1060 1064 1089 1102 1105 1127 1137 1139 1143 1150 1158 1173 1187 1199 1202 1205 1237 1239 1248 1262 1264 1296 1297 1304 1308 1310 1323 1324 1334 1339 1340 1360 1361 1369 1375 1376 1383 1385 1391 1401 1404 1411 1412 1419 1423 1434 1440 1457 1469 1482 1490 1529 1565 1645 1652 1654 1660 1697 1701 1708 1747 1756 1765 1777 1779 1787 1797 1815 1818 1842 1860 1882 1888 1889 1922 1928 1940 1941 1963 1965 1983 1986 1991 2008 2017 2018 2033 2036 2038 2046 2055 2057 2063
7,75,CG-MOACO,area_s5_t300,0.28745318352059923,1612.6016016916428,3.3105890714493698,1 9 14 15 31 39 47 61 79 80 89 91 98 99 102 114 117 132 137 152 172 174 175 176 188 189 191 196 218 226 230 252 257 260 264 265 270 272 276 285 317 334 348 362 379 440 449 450 464 465 475 480 503 528 534 537 560 562 580 591 593 605 613 626 641 648 654 676 700 734 740 750 754 760 770 771 772 775 790 802 806 807 808 825 829 840 846 862 870 896 910 929 936 941 957 958 966 978 982 1001 1020 1024 1042 1047 1056 1060 1070 1089 1104 1105 1107 1117 1126 1137 1139 1143 1158 1162 1173 1181 1199 1202 1205 1228 1234 1237 1239 1259 1264 1279 1296 1297 1302 1307 1308 1336 1339 1360 1375 1376 1383 1385 1404 1412 1419 1422 1434 1435 1453 1458 1469 1482 1538 1544 1565 1614 1619 1643 1645 1647 1652 1654 1660 1718 1732 1756 1769 1787 1797 1808 1829 1833 1835 1839 1845 1849 1882 1888 1900 1918 1924 1937 1952 1959 1965 1967 1980 1983 1989 1991 2001 2006 2008 2018 2023 2029 2037 2046 2049 2058 2063
7,76,CG-MOACO,area_s5_t300,0.30009363295880154,1616.6189917945787,1.2,1 55 68 80 91 98 99 102 106 121 125 137 142 143 175 176 178 182 219 252 257 262 270 278 285 292 306 307 311 317 326 337 359 369 370 379 403 406 426 432 437 440 450 458 464 465 475 477 481 494 503 546 562 564 576 583 593 613 626 637 648 650 654 658 676 705 708 712 716 731 734 760 771 790 802 806 807 825 831 841 868 870 876 910 911 917 929 936 939 943 946 957 978 980 994 1001 1020 1024 1029 1036 1039 1042 1056 1062 1070 1086 1105 1107 1127 1143 1158 1162 1170 1173 1187 1199 1224 1228 1237 1248 1264 1278 1291 1297 1302 1318 1323 1334 1336 1339 1375 1376 1385 1395 1404 1412 1416 1419 1423 1434 1435 1440 1441 1445 1453 1458 1469 1483 1527 1529 1544 1606 1616 1643 1645 1652 1654 1660 1697 1718 1732 1738 1756 1777 1797 1802 1811 1815 1818 1820 1831 1839 1840 1842 1860 1869 1885 1888 1919 1928 1963 1966 1967 1983 1986 1994 1996 2006 2009 2025 2028 2038 2039 2046 2058 2063 2083
7,77,CG-MOACO,area_s5_t300,0.2851123595505618,1637.2618952222201,1.7204650534085253,1 5 9 61 64 68 78 80 89 98 102 106 125 132 137 141 165 174 175 176 184 200 217 218 220 226 230 245 252 278 284 307 308 309 310 317 334 336 344 348 366 370 379 420 431 438 440 449 452 464 475 508 528 530 537 539 543 554 559 562 583 589 593 612 615 620 626 650 656 664 676 700 708 734 738 741 743 760 771 790 802 804 812 825 840 858 862 868 910 929 941 943 958 980 986 1001 1012 1016 1036 1056 1062 1086 1089 1105 1114 1117 1126 1129 1143 1158 1175 1183 1184 1187 1189 1199 1202 1205 1221 1222 1234 1236 1237 1244 1259 1262 1264 1279 1297 1302 1308 1318 1323 1336 1339 1370 1375 1385 1394 1403 1406 1410 1412 1419 1435 1440 1446 1454 1458 1469 1482 1496 1509 1524 1529 1544 1565 1571 1606 1638 1643 1645 1652 1658 1700 1705 1718 1734 1735 1747 1752 1756 1766 1776 1777 1787 1797 1802 1808 1823 1840 1842 1853 1860 1865 1888 1901 1946 1954 1961 1963 1983 1987 1989 2005 2014 2038 2058 2063 2080 2082
7,78,CG-MOACO,area_s5_t300,0.27715355805243447,1664.065964864337,1.4696938456699067,1 9 31 38 55 65 80 98 99 102 106 111 114 117 137 141 153 175 176 178 180 184 189 197 200 220 233 252 261 267 270 284 285 300 306 311 317 348 378 391 393 403 415 419 424 440 449 450 456 465 477 502 503 539 562 580 583 589 593 605 622 626 638 648 650 664 676 678 685 700 708 719 734 739 740 760 766 771 772 777 790 802 812 825 847 868 875 910 911 917 920 924 929 941 948 957 967 972 977 982 1022 1024 1036 1039 1060 1068 1073 1086 1104 1105 1117 1127 1137 1143 1158 1162 1173 1184 1199 1202 1203 1223 1234 1259 1262 1264 1278 1296 1303 1323 1336 1361 1370 1378 1384 1387 1394 1403 1412 1419 1422 1425 1435 1441 1453 1455 1469 1483 1509 1524 1529 1544 1565 1584 1606 1612 1616 1618 1643 1645 1652 1654 1658 1691 1705 1708 1718 1722 1726 1734 1735 1738 1756 1777 1779 1787 1797 1804 1818 1823 1829 1835 1839 1853 1854 1860 1882 1888 1922 1926 1940 1963 1965 1967 1983 1987 1989 2001 2006 2038 2058 2063 2080 2083
7,79,CG-MOACO,area_s5_t300,0.28885767790262173,1630.671608214869,2.5612496949731396,1 31 38 61 69 71 78 80 91 95 102 106 121 137 141 149 152 156 174 175 176 197 199 200 215 218 220 226 230 252 257 258 260 270 276 292 306 307 317 336 358 379 390 395 415 420 449 450 465 472 494 497 514 528 554 562 565 566 578 588 593 615 617 622 642 648 654 700 708 709 716 731 734 740 750 760 771 776 787 802 840 847 868 877 910 917 929 956 982 1012 1036 1039 1045 1062 1064 1070 1086 1089 1092 1096 1109 1115 1127 1137 1139 1142 1143 1152 1158 1172 1183 1187 1199 1202 1205 1222 1224 1230 1237 1244 1260 1262 1264 1277 1279 1295 1297 1304 1316 1318 1336 1339 1363 1369 1370 1375 1376 1383 1385 1394 1398 1412 1419 1423 1434 1437 1440 1445 1455 1469 1483 1529 1544 1553 1612 1618 1645 1652 1654 1658 1700 1705 1718 1726 1732 1735 1751 1756 1766 1775 1777 1787 1797 1800 1805 1808 1823 1835 1840 1842 1845 1851 1853 1854 1873 1882 1888 1901 1961 1963 1967 1983 1987 2006 2036 2038 2058 2063 2076
7,80,CG-MOACO,area_s5_t300,0.29307116104868913,1626.941680315005,1.4696938456699067,1 15 31 38 55 78 80 98 102 129 132 152 155 172 175 178 180 200 202 224 247 252 257 275 278 284 285 289 317 334 336 351 366 371 379 392 396 398 413 415 424 440 449 450 456 497 528 529 536 562 579 583 589 593 599 605 609 615 617 626 648 650 654 674 676 700 708 719 723 741 745 760 771 790 802 807 825 846 853 856 862 868 875 887 889 898 910 917 929 936 958 967 978 982 1012 1032 1036 1039 1042 1060 1086 1105 1107 1117 1127 1129 1137 1143 1151 1170 1173 1184 1187 1199 1202 1221 1234 1237 1262 1264 1294 1296 1299 1304 1318 1334 1336 1339 1340 1359 1369 1370 1375 1378 1383 1385 1399 1401 1412 1419 1423 1426 1435 1440 1446 1455 1469 1483 1524 1529 1571 1584 1603 1612 1618 1645 1652 1673 1691 1708 1718 1732 1735 1756 1757 1766 1777 1787 1793 1797 1808 1813 1815 1823 1833 1835 1839 1842 1854 1865 1882 1901 1923 1924 1928 1940 1954 1963 1967 1983 1987 1989 1995 2008 2025 2038 2044 2057 2063
7,81,CG-MOACO,area_s5_t300,0.32818352059925093,1566.8689504358063,2.33238075793812,1 5 30 33 56 61 67 71 78 80 98 102 105 106 122 149 156 157 165 170 175 178 182 190 200 219 247 252 270 278 283 288 306 307 310 317 337 344 370 379 395 415 440 450 458 461 465 475 479 503 509 527 528 533 562 579 593 605 615 616 626 629 648 650 651 654 700 708 734 741 745 760 771 772 784 790 802 804 825 842 847 853 910 913 917 967 968 978 1021 1028 1031 1032 1039 1056 1060 1073 1080 1086 1089 1092 1105 1117 1137 1143 1160 1170 1173 1199 1202 1221 1223 1224 1237 1259 1264 1279 1290 1302 1304 1318 1323 1327 1339 1364 1372 1376 1383 1385 1403 1404 1412 1419 1422 1425 1435 1440 1446 1483 1502 1504 1529 1541 1544 1551 1565 1599 1606 1643 1645 1652 1654 1700 1705 1718 1735 1747 1756 1766 1775 1777 1792 1797 1800 1805 1808 1813 1835 1845 1851 1860 1888 1901 1937 1954 1961 1980 1989 2005 2008 2013 2023 2045 2046 2058 2063 2076 2083
7,82,CG-MOACO,area_s5_t300,0.297752808988764,1633.2824438157647,0.4898979485566356,1 12 31 71 76 78 80 98 102 111 114 137 141 143 152 153 165 175 184 189 191 197 201 220 227 246 252 257 259 270 275 306 310 337 358 362 370 379 391 415 420 440 452 458 465 479 497 508 528 562 566 583 593 599 609 611 615 617 626 637 650 676 693 700 708 713 716 719 728 734 741 745 760 790 802 807 812 815 825 842 847 853 860 897 910 916 917 929 941 943 952 954 957 959 972 982 1001 1016 1036 1039 1060 1077 1089 1105 1117 1126 1129 1137 1143 1162 1183 1184 1187 1199 1202 1205 1225 1234 1237 1264 1278 1296 1298 1311 1314 1318 1323 1334 1336 1338 1339 1360 1361 1370 1373 1384 1394 1395 1422 1423 1425 1429 1435 1455 1458 1480 1483 1495 1524 1565 1581 1590 1606 1615 1616 1645 1647 1652 1654 1700 1705 1708 1715 1718 1734 1735 1747 1756 1765 1769 1787 1793 1797 1808 1819 1829 1840 1854 1865 1882 1888 1896 1922 1926 1954 1957 1959 1963 1965 1983 1986 2006 2008 2032 2038 2058 2063 2083
7,83,CG-MOACO,area_s5_t300,0.25514981273408244,1727.8362737227894,0.7483314773547882,1 9 19 31 38 43 78 80 86 91 102 105 106 125 137 141 174 175 176 191 219 220 226 230 252 257 258 285 290 292 307 331 334 336 348 352 358 379 386 390 403 406 412 437 440 449 450 461 465 480 483 485 491 510 514 528 554 559 562 564 578 589 593 605 608 615 617 626 648 654 674 676 691 700 708 712 734 740 760 771 776 790 805 808 825 835 840 862 868 870 900 910 917 929 936 941 947 954 958 978 982 994 1001 1022 1032 1036 1039 1062 1064 1070 1077 1086 1104 1107 1127 1139 1142 1143 1144 1172 1174 1187 1199 1202 1223 1228 1234 1237 1262 1264 1300 1304 1308 1310 1311 1314 1323 1337 1338 1339 1367 1370 1375 1376 1384 1394 1398 1412 1416 1419 1423 1430 1434 1435 1440 1448 1455 1469 1480 1483 1524 1527 1529 1544 1584 1599 1619 1645 1652 1654 1687 1705 1735 1744 1747 1756 1765 1787 1797 1800 1804 1805 1808 1823 1829 1833 1840 1842 1845 1853 1854 1860 1865 1882 1888 1901 1926 1937 1946 1963 1983 1989 2006 2008 2023 2036 2038 2049 2057 2063 2074
7,84,CG-MOACO,area_s5_t300,0.30290262172284643,1611.5288811083578,1.0954451150103321,1 9 31 39 41 61 79 80 86 98 102 105 106 132 137 174 175 176 189 191 200 215 252 257 270 272 276 285 292 334 337 341 344 379 390 393 395 399 411 420 426 440 449 458 464 465 475 484 508 516 527 530 533 562 579 583 588 589 593 605 615 637 648 654 669 700 705 708 712 716 734 740 760 771 790 802 807 825 847 853 860 877 885 892 907 910 917 929 941 948 957 967 968 977 1032 1036 1039 1042 1056 1062 1064 1070 1073 1089 1091 1105 1126 1137 1139 1143 1158 1162 1173 1187 1191 1199 1202 1204 1239 1258 1264 1278 1298 1318 1334 1336 1339 1361 1372 1378 1383 1385 1403 1404 1410 1412 1416 1422 1423 1434 1435 1446 1449 1453 1469 1482 1490 1529 1532 1544 1565 1568 1597 1604 1645 1648 1652 1660 1673 1705 1718 1734 1735 1749 1756 1769 1777 1779 1792 1793 1797 1813 1818 1820 1829 1839 1860 1882 1941 1959 1963 1965 1967 1983 1986 1991 2006 2008 2025 2036 2045 2046 2057 2063 2083
7,85,CG-MOACO,area_s5_t300,0.26591760299625467,1685.59362499649,1.7204650534085253,38 42 47 64 71 76 78 80 86 98 102 111 114 137 152 172 175 176 196 200 215 219 220 226 230 252 257 258 263 270 276 278 285 288 306 311 314 317 333 362 369 379 386 440 449 450 458 461 465 475 477 484 508 516 525 528 533 562 586 589 591 593 605 615 641 648 654 700 712 716 722 734 740 760 770 771 773 775 777 783 790 808 813 829 830 836 846 858 862 868 885 905 910 917 929 941 958 959 967 976 978 980 991 1036 1039 1060 1064 1070 1086 1096 1105 1123 1126 1143 1151 1158 1162 1170 1173 1184 1204 1205 1221 1223 1230 1237 1260 1262 1264 1278 1302 1304 1318 1323 1336 1360 1370 1374 1375 1376 1383 1385 1392 1394 1410 1412 1419 1430 1434 1435 1440 1449 1453 1458 1480 1483 1496 1517 1529 1544 1584 1599 1616 1618 1645 1647 1652 1654 1660 1670 1678 1718 1734 1750 1756 1788 1797 1800 1808 1818 1821 1823 1835 1839 1842 1845 1851 1860 1882 1888 1896 1897 1901 1959 1965 1970 1983 1991 2008 2018 2023 2025 2037 2045 2057 2063
7,86,CG-MOACO,area_s5_t300,0.27340823970037453,1712.9953012280698,0.4,1 9 14 15 31 47 55 67 76 80 91 98 102 114 137 153 154 155 159 165 174 175 176 178 218 226 230 252 257 258 260 270 277 317 334 348 362 371 379 386 393 412 415 420 440 448 450 458 477 497 537 545 546 554 558 559 574 591 593 602 605 612 616 622 626 641 650 676 685 700 708 719 734 741 760 771 776 790 800 806 807 812 825 840 846 862 868 875 894 900 910 913 916 917 936 941 943 957 958 965 982 991 994 1020 1024 1036 1039 1042 1056 1062 1070 1086 1096 1104 1105 1139 1143 1161 1187 1189 1199 1205 1234 1237 1264 1278 1289 1296 1300 1304 1323 1339 1360 1370 1375 1376 1378 1402 1403 1419 1422 1434 1435 1440 1446 1455 1483 1487 1492 1496 1544 1554 1562 1565 1580 1587 1590 1606 1615 1643 1645 1648 1649 1652 1653 1660 1673 1700 1711 1718 1732 1738 1747 1756 1766 1779 1787 1797 1802 1815 1823 1835 1845 1860 1882 1896 1924 1952 1959 1961 1963 1964 1979 1983 1989 2001 2006 2008 2014 2018 2023 2027 2029 2037 2057 2063
7,87,CG-MOACO,area_s5_t300,0.25608614232209737,1717.5357848275714,1.5999999999999999,1 55 78 80 99 102 106 111 114 137 142 149 173 175 176 182 189 191 200 206 215 219 220 245 249 252 257 270 278 284 285 292 305 308 311 317 334 337 370 379 391 397 415 420 440 443 450 452 456 458 465 467 475 477 480 483 494 497 506 514 537 543 555 558 562 563 588 593 666 700 708 716 719 734 741 760 771 776 790 802 808 825 846 853 862 868 900 910 929 941 943 957 959 967 978 980 994 1000 1016 1017 1024 1032 1036 1039 1062 1064 1086 1089 1092 1105 1127 1137 1143 1158 1162 1173 1183 1184 1187 1189 1199 1202 1223 1228 1237 1262 1264 1296 1297 1304 1323 1334 1336 1339 1341 1361 1375 1378 1383 1385 1398 1404 1412 1419 1423 1434 1435 1449 1455 1469 1480 1483 1524 1529 1544 1565 1571 1606 1612 1618 1631 1645 1649 1652 1654 1660 1673 1708 1718 1726 1734 1756 1777 1787 1793 1797 1808 1830 1836 1839 1840 1842 1845 1851 1854 1860 1882 1901 1922 1937 1954 1963 1965 1967 1983 1986 2006 2008 2016 2018 2026 2037 2045 2046 2047 2057 2063 2076 2083
7,88,CG-MOACO,area_s5_t300,0.27153558052434457,1681.149671679053,1.2649110640673518,1 5 15 31 38 42 47 55 78 80 98 99 102 106 117 149 154 165 175 180 200 247 252 257 265 270 277 278 284 285 292 308 311 317 334 371 379 391 393 395 415 420 440 450 458 465 474 486 494 497 503 510 528 537 539 546 558 588 591 593 602 613 622 626 648 654 658 676 700 708 719 731 734 741 760 771 800 802 807 825 847 850 868 889 910 911 913 917 929 941 967 968 980 985 991 994 1024 1027 1036 1039 1042 1056 1060 1064 1089 1102 1129 1137 1143 1145 1158 1162 1170 1172 1173 1183 1184 1187 1199 1202 1205 1236 1237 1262 1264 1274 1279 1296 1297 1304 1318 1334 1338 1339 1364 1370 1375 1380 1385 1402 1403 1412 1419 1422 1423 1434 1435 1440 1445 1446 1455 1469 1482 1524 1544 1551 1566 1584 1612 1614 1625 1643 1645 1652 1654 1670 1673 1708 1718 1734 1747 1776 1787 1797 1800 1803 1808 1813 1818 1823 1831 1835 1854 1860 1882 1901 1926 1928 1940 1963 1965 1983 1987 1989 2006 2008 2025 2033 2036 2037 2045 2049 2057 2063 2083
7,89,CG-MOACO,area_s5_t300,0.25795880149812733,1706.5167518955595,2.4819347291981715,1 9 19 31 47 55 59 65 67 77 80 91 98 102 106 114 132 137 152 175 176 178 188 191 200 214 215 218 220 226 230 245 252 257 260 270 272 278 283 285 317 334 336 371 379 415 440 449 450 458 461 465 477 480 502 503 506 525 537 554 559 562 566 571 589 593 605 608 648 685 698 700 708 716 719 734 740 771 790 802 806 808 812 825 842 862 867 868 910 913 929 941 945 955 957 980 1001 1022 1024 1028 1039 1053 1060 1064 1070 1073 1077 1086 1089 1105 1117 1126 1137 1139 1142 1143 1158 1164 1173 1183 1187 1188 1191 1199 1202 1205 1223 1237 1264 1274 1279 1292 1296 1304 1310 1334 1347 1369 1376 1383 1385 1395 1399 1404 1412 1419 1423 1426 1434 1435 1440 1453 1458 1469 1480 1483 1490 1526 1529 1544 1554 1594 1605 1616 1643 1645 1652 1673 1708 1734 1738 1756 1766 1779 1787 1792 1797 1813 1815 1835 1839 1840 1841 1845 1854 1882 1924 1928 1937 1940 1944 1963 1967 1983 2001 2006 2007 2016 2018 2023 2025 2037 2045 2046 2049 2057 2063 2082 2083
7,90,CG-MOACO,area_s5_t300,0.2935393258426966,1624.4376713068236,0.9797958971132712,1 14 31 40 55 80 86 98 99 134 155 174 175 178 191 196 218 220 226 230 247 249 252 257 272 278 284 285 292 299 317 334 351 371 379 395 404 412 415 440 449 450 452 458 464 465 467 480 485 508 528 543 555 560 562 564 579 593 612 615 626 638 650 654 700 708 719 734 741 754 760 771 772 775 790 802 806 808 825 833 860 862 871 908 910 911 913 919 929 939 943 957 967 978 982 985 994 1001 1016 1026 1036 1056 1060 1086 1089 1105 1127 1137 1139 1143 1158 1162 1164 1167 1175 1187 1199 1202 1222 1258 1264 1266 1278 1296 1298 1299 1311 1314 1318 1323 1327 1334 1338 1339 1360 1370 1374 1384 1395 1412 1423 1434 1435 1440 1448 1455 1458 1469 1483 1527 1544 1554 1565 1616 1643 1645 1647 1652 1653 1673 1708 1714 1718 1735 1756 1769 1775 1787 1792 1793 1797 1808 1813 1819 1823 1835 1839 1842 1852 1854 1860 1882 1924 1963 1965 1967 1983 1987 1989 2006 2008 2018 2026 2045 2049 2055 2057 2063 2076
7,91,CG-MOACO,area_s5_t300,0.29962546816479396,1606.7641074598512,1.7435595774162693,1 9 31 40 42 47 55 80 94 98 99 102 106 132 137 141 155 165 172 175 176 178 180 200 219 220 252 257 270 278 284 285 307 334 348 350 358 370 379 395 403 406 420 440 450 452 458 461 465 474 480 483 484 494 508 527 528 537 554 555 558 562 593 602 607 615 626 650 654 685 699 700 708 712 716 734 760 771 802 806 809 825 831 841 847 860 879 900 910 911 929 941 951 954 957 972 978 1016 1032 1036 1039 1056 1062 1070 1086 1087 1091 1105 1117 1127 1139 1143 1150 1158 1162 1187 1199 1223 1230 1242 1262 1264 1270 1279 1314 1323 1327 1334 1337 1363 1370 1372 1375 1384 1403 1412 1419 1423 1426 1434 1440 1444 1449 1453 1455 1468 1496 1524 1529 1544 1565 1568 1571 1577 1584 1590 1606 1616 1645 1652 1708 1718 1735 1738 1750 1752 1753 1755 1776 1793 1797 1804 1808 1811 1818 1823 1831 1840 1842 1860 1888 1901 1911 1937 1963 1966 1983 1986 2009 2023 2029 2044 2049 2057 2061 2063 2083
7,92,CG-MOACO,area_s5_t300,0.29166666666666663,1618.4998467552514,1.624807680927192,1 7 9 47 61 71 80 99 102 105 111 137 148 172 174 175 176 182 196 200 201 219 226 230 241 252 272 276 278 284 310 317 334 336 344 356 379 392 415 440 452 458 465 475 485 486 503 515 528 540 558 562 573 583 588 593 602 615 626 656 658 664 700 708 711 717 719 734 741 760 766 772 790 794 802 806 807 825 833 847 853 858 861 868 877 907 910 917 929 934 943 965 967 978 982 991 1001 1016 1036 1042 1044 1056 1060 1086 1089 1105 1117 1127 1137 1143 1158 1173 1184 1187 1199 1202 1205 1228 1237 1262 1264 1278 1297 1304 1308 1318 1331 1336 1339 1363 1373 1383 1385 1386 1403 1404 1412 1418 1434 1440 1453 1455 1458 1482 1517 1520 1529 1565 1577 1608 1619 1643 1645 1647 1652 1654 1673 1700 1718 1732 1735 1740 1756 1775 1787 1792 1797 1800 1808 1815 1819 1829 1835 1839 1842 1854 1860 1882 1892 1921 1937 1961 1963 1965 1967 1983 2006 2014 2023 2036 2045 2046 2049 2057 2063 2076 2083
7,93,CG-MOACO,area_s5_t300,0.27200374531835203,1662.414840114922,2.925747767665559,1 9 31 38 47 78 80 98 99 102 105 114 132 137 152 172 175 176 178 191 200 214 218 220 226 230 252 257 258 270 278 284 289 305 310 317 334 348 362 371 379 391 393 395 398 415 419 440 449 450 458 465 480 485 503 509 525 528 541 562 578 583 589 591 593 605 615 617 626 637 648 654 674 678 700 719 734 741 754 760 766 771 772 775 790 802 825 841 847 853 868 879 913 917 929 941 943 967 968 972 978 980 1017 1039 1054 1062 1064 1078 1086 1117 1126 1143 1151 1158 1162 1172 1187 1199 1201 1202 1205 1223 1237 1262 1264 1296 1297 1308 1311 1318 1323 1327 1334 1338 1339 1360 1370 1374 1375 1380 1385 1391 1412 1418 1423 1434 1435 1440 1449 1455 1458 1483 1496 1509 1518 1524 1528 1529 1544 1565 1584 1616 1645 1652 1687 1701 1708 1714 1718 1721 1735 1747 1756 1787 1797 1800 1802 1808 1819 1826 1831 1835 1840 1842 1851 1860 1865 1882 1888 1895 1961 1963 1980 1983 1987 1989 2008 2038 2044 2046 2058 2063 2082 2083
7,94,CG-MOACO,area_s5_t300,0.27434456928838946,1673.1583172824717,1.7888543819998317,1 9 19 34 38 55 59 64 80 98 102 106 114 118 131 132 137 153 175 176 184 189 215 220 249 252 257 263 264 270 283 286 308 311 317 334 348 351 358 371 379 395 440 445 449 450 458 465 466 477 484 497 508 510 528 537 554 559 562 566 578 580 589 593 602 605 606 608 613 617 625 637 654 676 681 708 729 740 745 760 771 775 802 806 842 858 868 871 875 900 908 910 911 913 916 917 929 936 941 982 1001 1018 1024 1028 1035 1060 1064 1065 1070 1077 1086 1105 1117 1127 1137 1143 1149 1162 1170 1173 1187 1191 1199 1202 1205 1223 1237 1258 1264 1279 1296 1302 1303 1318 1334 1339 1362 1370 1372 1378 1384 1394 1403 1412 1419 1422 1423 1425 1436 1448 1457 1468 1480 1529 1532 1541 1544 1584 1589 1616 1622 1643 1645 1647 1649 1652 1654 1660 1673 1678 1705 1718 1734 1735 1747 1756 1765 1769 1793 1797 1808 1813 1818 1829 1845 1860 1882 1911 1954 1963 1969 1980 1983 1986 1989 1991 1995 2006 2008 2023 2038 2046 2049 2063 2083
7,95,CG-MOACO,area_s5_t300,0.31086142322097376,1585.9530856381914,2.0591260281974,5 14 47 55 61 64 78 80 86 102 106 111 118 122 134 174 175 178 180 181 191 217 219 220 233 247 248 252 257 265 278 285 292 310 317 334 336 370 379 406 413 440 449 450 458 461 465 474 484 491 508 515 525 528 530 544 562 573 578 579 589 593 615 625 648 700 708 712 716 734 740 760 771 772 775 802 812 841 847 853 868 910 917 929 941 966 967 972 978 982 994 1008 1016 1028 1032 1060 1064 1068 1089 1096 1105 1126 1137 1143 1150 1173 1183 1184 1187 1199 1221 1223 1237 1245 1258 1264 1279 1295 1300 1304 1323 1334 1336 1339 1353 1372 1375 1376 1383 1385 1403 1404 1412 1419 1423 1424 1435 1440 1446 1449 1469 1483 1520 1529 1544 1556 1565 1580 1597 1645 1648 1652 1658 1697 1700 1718 1735 1747 1756 1797 1808 1811 1815 1829 1835 1842 1854 1865 1878 1882 1888 1901 1924 1944 1954 1959 1963 1965 1983 2001 2008 2014 2023 2025 2038 2044 2046 2049 2058 2063 2074 2082
7,96,CG-MOACO,area_s5_t300,0.2710674157303371,1675.2927837064863,2.280350850198276,1 9 31 47 59 68 72 76 78 80 86 98 102 152 156 166 175 184 191 196 215 219 220 226 230 245 247 252 260 261 265 276 278 284 285 307 311 317 334 336 370 392 431 437 440 445 449 450 458 464 465 508 525 528 530 537 543 559 562 575 589 593 611 613 615 617 624 648 650 700 731 734 736 741 760 771 790 802 806 812 825 840 841 862 868 910 917 929 941 943 957 958 967 978 985 1016 1028 1032 1036 1039 1056 1060 1089 1105 1117 1126 1128 1137 1143 1158 1173 1183 1184 1187 1189 1199 1202 1223 1237 1239 1262 1264 1279 1290 1296 1297 1308 1315 1318 1323 1334 1336 1338 1339 1360 1370 1378 1385 1386 1394 1412 1418 1423 1435 1440 1469 1483 1490 1496 1503 1524 1538 1544 1565 1584 1587 1606 1608 1616 1627 1643 1645 1648 1652 1653 1667 1700 1708 1718 1735 1756 1766 1787 1792 1793 1797 1802 1808 1813 1823 1830 1839 1842 1845 1849 1851 1860 1867 1882 1901 1929 1937 1965 1967 1976 1983 1986 1989 2008 2023 2044 2049 2057 2063 2083
7,97,CG-MOACO,area_s5_t300,0.27996254681647936,1668.5884429716389,0.7483314773547882,1 31 38 47 55 80 91 95 102 105 106 111 118 125 141 152 153 156 172 174 175 191 200 215 219 220 221 226 230 247 252 258 260 270 308 334 359 379 393 398 413 415 440 445 449 450 464 465 477 496 506 514 528 530 537 543 562 589 593 599 608 615 617 643 648 659 669 675 685 693 700 708 716 719 729 734 740 771 776 802 812 825 827 840 860 862 892 896 907 910 913 929 941 958 967 978 982 991 1016 1028 1036 1039 1062 1063 1086 1096 1104 1105 1117 1127 1139 1143 1144 1158 1162 1173 1187 1199 1202 1204 1221 1223 1237 1261 1264 1266 1270 1279 1296 1318 1323 1334 1338 1339 1370 1384 1395 1399 1412 1419 1422 1423 1430 1434 1435 1440 1449 1458 1482 1490 1492 1503 1526 1529 1541 1544 1554 1565 1584 1599 1605 1645 1652 1673 1700 1708 1718 1734 1756 1766 1776 1777 1788 1792 1793 1797 1805 1808 1815 1823 1835 1839 1853 1854 1882 1901 1924 1926 1928 1940 1959 1963 1967 1983 1987 2005 2008 2018 2024 2025 2037 2045 2057 2063
7,98,CG-MOACO,area_s5_t300,0.2893258426966292,1639.748102957289,1.6733200530681511,1 47 63 68 78 80 91 98 102 111 137 142 149 175 182 184 191 206 215 219 220 226 230 248 252 270 278 286 308 311 317 334 356 362 370 379 391 395 398 403 419 437 440 452 458 461 465 472 503 505 510 528 530 537 546 555 558 562 578 593 608 615 650 654 671 678 681 700 708 715 734 740 760 790 802 808 828 858 862 868 870 894 910 911 929 941 943 957 958 967 978 982 991 999 1001 1016 1028 1031 1039 1060 1070 1089 1091 1105 1117 1126 1129 1143 1151 1158 1173 1183 1187 1189 1199 1205 1223 1234 1239 1248 1258 1262 1264 1266 1278 1302 1304 1311 1323 1327 1334 1338 1339 1353 1361 1370 1375 1384 1395 1403 1412 1419 1423 1440 1448 1449 1457 1483 1504 1529 1535 1544 1565 1584 1605 1607 1616 1645 1652 1660 1670 1673 1718 1719 1745 1747 1756 1773 1777 1787 1793 1797 1808 1819 1823 1829 1833 1836 1842 1860 1889 1896 1900 1916 1937 1940 1954 1963 1965 1983 1989 1991 2008 2018 2023 2045 2055 2057 2063 2083
7,99,CG-MOACO,area_s5_t300,0.27996254681647936,1680.8061310769874,0.4,1 9 20 38 42 56 78 80 91 98 102 106 114 117 132 137 155 175 178 182 183 191 219 220 226 230 235 251 252 278 285 288 310 317 334 336 348 351 378 395 406 437 440 448 458 464 465 480 483 528 536 543 545 554 558 559 562 564 583 599 608 615 617 626 650 654 664 676 691 708 712 731 734 740 760 771 773 790 802 806 825 842 848 858 862 868 875 889 903 910 911 916 917 929 941 957 982 1001 1016 1020 1028 1036 1039 1060 1070 1102 1105 1115 1117 1126 1143 1158 1164 1173 1184 1199 1202 1204 1205 1215 1223 1237 1258 1260 1264 1278 1296 1300 1323 1330 1334 1336 1339 1346 1375 1378 1383 1404 1406 1419 1422 1423 1426 1434 1435 1440 1450 1487 1490 1496 1513 1529 1544 1562 1563 1565 1602 1616 1638 1643 1645 1647 1652 1718 1735 1756 1765 1776 1787 1793 1797 1808 1813 1815 1839 1840 1865 1882 1884 1888 1895 1901 1924 1928 1937 1946 1967 1969 1983 1991 2006 2008 2018 2023 2036 2038 2039 2046 2049 2055 2057 2063 2082 2083
8,0,CG-MOACO,area_s5_t300,0.37687265917602997,1519.5871694984753,1.624807680927192,9 19 24 31 42 57 62 71 80 88 102 111 121 158 175 200 219 220 226 230 235 247 249 252 265 278 297 310 317 323 336 358 370 379 392 419 465 475 486 490 496 514 544 549 558 591 615 620 626 637 648 655 668 670 675 681 693 700 705 716 729 747 771 776 794 802 804 816 817 820 825 854 862 867 875 883 884 921 932 938 941 943 967 1000 1005 1012 1044 1056 1060 1064 1078 1101 1105 1108 1127 1137 1142 1158 1200 1202 1221 1222 1227 1237 1262 1264 1280 1283 1288 1302 1318 1334 1335 1338 1340 1378 1383 1385 1387 1402 1403 1413 1422 1423 1427 1436 1440 1504 1519 1529 1542 1554 1562 1584 1601 1602 1615 1616 1652 1654 1659 1660 1672 1680 1705 1710 1718 1735 1750 1756 1774 1788 1797 1813 1815 1821 1823 1825 1829 1839 1860 1866 1868 1872 1877 1883 1928 1952 1963 1983 1991 2006 2016 2027 2035 2058 2063 2083
8,1,CG-MOACO,area_s5_t300,0.37874531835205993,1505.2163533732873,0.7483314773547882,1 7 13 43 60 64 80 90 98 99 102 105 106 116 122 125 175 176 178 189 220 237 252 261 270 272 285 290 306 311 317 337 343 369 371 412 415 429 432 442 462 475 485 496 500 501 504 508 510 527 528 555 560 562 570 578 597 604 605 611 612 626 637 656 734 747 784 801 804 806 862 868 879 894 910 929 949 958 959 967 976 978 980 1012 1018 1024 1036 1040 1086 1105 1108 1126 1138 1140 1143 1147 1151 1161 1180 1199 1212 1223 1230 1237 1243 1264 1287 1290 1300 1308 1324 1339 1367 1385 1391 1403 1418 1422 1423 1457 1465 1470 1480 1482 1486 1496 1509 1528 1538 1544 1553 1556 1561 1590 1602 1614 1615 1625 1641 1645 1648 1672 1685 1691 1700 1703 1711 1718 1734 1747 1756 1775 1780 1788 1797 1808 1823 1840 1851 1859 1878 1882 1888 1921 1932 1952 1983 1991 2008 2023 2027 2029 2035 2058 2063 2080
8,2,CG-MOACO,area_s5_t300,0.37874531835205993,1498.4861055413355,4.049691346263317,1 26 31 39 42 47 80 91 107 112 114 118 120 137 152 153 156 164 175 176 178 180 181 187 200 204 221 252 261 285 291 333 336 350 355 359 370 394 413 423 432 445 458 461 484 504 517 544 552 555 562 579 593 601 605 626 650 664 712 723 730 739 771 776 795 814 825 841 853 860 862 885 888 890 895 898 910 947 958 959 1017 1026 1032 1041 1053 1058 1059 1061 1069 1077 1089 1123 1137 1143 1149 1166 1175 1183 1199 1237 1243 1262 1265 1278 1288 1310 1334 1350 1354 1361 1370 1393 1401 1411 1412 1423 1435 1463 1511 1520 1524 1544 1549 1566 1571 1580 1584 1594 1606 1614 1615 1616 1636 1637 1645 1647 1660 1680 1710 1711 1733 1738 1746 1750 1753 1797 1808 1823 1824 1827 1839 1842 1855 1874 1880 1888 1892 1901 1922 1951 1959 1963 1978 1983 1991 1999 2003 2005 2009 2015 2018 2037 2057 2064 2066
8,3,CG-MOACO,area_s5_t300,0.39419475655430714,1466.9392302426568,3.1874754901018454,3 19 31 54 55 68 90 91 102 106 113 126 129 173 175 180 187 189 220 221 247 249 251 257 261 311 316 331 370 395 410 414 429 440 449 450 457 458 465 474 477 480 489 503 525 526 562 563 571 582 593 605 615 620 621 626 650 692 695 697 700 708 712 749 750 760 764 795 802 806 817 842 868 875 878 910 911 926 927 929 943 967 979 980 994 1026 1028 1051 1060 1098 1102 1103 1111 1137 1141 1153 1172 1173 1187 1194 1199 1202 1223 1237 1264 1274 1278 1289 1319 1336 1339 1366 1370 1376 1383 1386 1394 1406 1414 1419 1435 1450 1470 1482 1487 1490 1493 1520 1524 1544 1551 1562 1571 1599 1614 1618 1643 1647 1652 1662 1680 1705 1718 1734 1735 1738 1749 1781 1787 1789 1797 1812 1823 1839 1840 1853 1864 1869 1886 1891 1909 1924 1944 1984 1991 1997 2006 2032 2038 2057 2083
8,4,CG-MOACO,area_s5_t300,0.40543071161048694,1446.5866944035217,2.2271057451320084,7 26 38 49 61 68 102 106 109 120 128 129 133 136 137 143 165 176 179 182 186 214 220 252 256 261 262 270 308 316 326 336 371 383 398 429 443 450 458 464 502 508 515 555 560 583 588 594 595 608 614 617 622 627 644 675 708 719 723 771 796 802 806 812 828 829 830 842 846 860 887 910 918 929 943 948 973 982 990 991 1009 1011 1019 1020 1035 1055 1062 1090 1105 1130 1140 1143 1155 1158 1187 1199 1202 1211 1223 1225 1237 1257 1264 1281 1283 1296 1297 1300 1308 1318 1336 1353 1384 1403 1412 1415 1422 1440 1449 1455 1494 1523 1528 1532 1535 1541 1544 1574 1584 1585 1603 1608 1645 1647 1650 1651 1678 1701 1718 1733 1738 1739 1747 1751 1756 1775 1792 1793 1812 1825 1854 1866 1893 1917 1919 1920 1924 1962 1963 1984 2009 2023 2028 2045 2057 2076
8,5,CG-MOACO,area_s5_t300,0.3932584269662921,1492.4463535728946,2.0591260281974,2 48 59 86 91 102 108 128 137 147 157 175 176 179 182 184 186 204 209 219 261 270 275 277 290 308 317 323 324 335 358 362 369 370 412 417 450 479 497 498 528 554 564 566 586 594 608 613 629 650 651 654 661 680 685 694 700 708 709 715 716 723 760 762 771 776 815 840 842 846 849 860 866 875 903 910 917 925 929 934 939 951 957 961 973 981 1061 1070 1077 1104 1105 1109 1117 1143 1145 1153 1175 1198 1227 1254 1264 1276 1278 1308 1310 1313 1318 1329 1331 1336 1339 1346 1369 1392 1419 1423 1425 1429 1441 1448 1453 1473 1495 1518 1562 1565 1584 1602 1616 1634 1636 1637 1645 1647 1652 1654 1662 1672 1689 1701 1708 1711 1729 1735 1744 1756 1766 1787 1790 1792 1806 1815 1823 1839 1840 1842 1845 1860 1883 1888 1901 1911 1940 1963 1967 1979 1983 1991 2009 2019 2044 2063
8,6,CG-MOACO,area_s5_t300,0.40215355805243447,1462.0708299751145,1.8547236990991407,1 36 40 46 52 55 80 85 90 91 98 137 142 148 153 157 168 172 175 178 182 188 196 203 210 255 261 272 275 298 320 336 355 386 391 412 416 432 437 442 457 465 474 486 496 497 500 525 531 532 542 547 562 578 579 593 602 605 613 640 692 723 754 760 765 771 776 854 862 877 894 903 910 915 928 929 946 957 964 975 977 980 995 1000 1020 1026 1039 1042 1062 1070 1089 1091 1105 1117 1129 1143 1145 1151 1185 1188 1199 1222 1254 1264 1295 1315 1334 1370 1378 1383 1399 1412 1419 1423 1428 1435 1440 1456 1461 1483 1488 1493 1504 1509 1529 1540 1544 1565 1568 1578 1591 1616 1629 1643 1645 1652 1673 1674 1709 1718 1726 1747 1756 1779 1789 1793 1815 1823 1845 1924 1962 1963 1976 1983 1989 1991 1994 2008 2010 2014 2036 2038 2049 2052 2057 2063 2071 2082
8,7,CG-MOACO,area_s5_t300,0.38436329588014984,1497.7418304159241,2.3151673805580453,8 24 38 65 78 80 100 124 137 144 165 174 175 176 200 202 204 215 218 234 252 261 278 283 285 313 315 366 371 386 390 398 404 411 440 445 451 454 458 465 466 472 475 479 497 507 532 537 541 544 566 582 592 593 605 609 624 649 651 654 663 699 705 729 741 742 749 760 771 772 776 829 831 847 858 860 889 899 903 911 921 929 936 941 965 980 991 994 1009 1027 1036 1039 1041 1070 1081 1098 1105 1126 1134 1144 1167 1174 1187 1199 1202 1205 1223 1234 1260 1262 1264 1280 1297 1300 1340 1351 1370 1375 1383 1398 1401 1402 1411 1412 1416 1419 1424 1430 1434 1440 1442 1457 1469 1487 1529 1549 1570 1573 1584 1629 1641 1645 1652 1656 1659 1701 1706 1735 1746 1749 1750 1756 1769 1780 1787 1797 1805 1823 1833 1881 1912 1923 1945 1947 1963 1964 1969 1983 1991 2005 2036 2057 2063 2070
8,8,CG-MOACO,area_s5_t300,0.39419475655430714,1491.1765906399862,1.5491933384829668,13 32 68 79 80 83 87 129 136 137 175 176 180 182 189 201 213 215 217 252 261 270 276 309 311 315 317 334 348 386 400 409 411 435 437 440 450 465 486 505 508 515 525 528 533 545 558 562 563 586 593 608 615 630 650 687 700 708 715 719 734 740 745 748 760 766 771 790 795 814 836 862 866 873 875 884 903 910 928 929 947 950 951 956 959 967 976 977 980 1009 1012 1018 1032 1041 1045 1053 1086 1105 1164 1187 1197 1204 1228 1264 1279 1292 1299 1300 1318 1338 1339 1372 1375 1379 1401 1412 1419 1422 1430 1434 1435 1445 1448 1455 1459 1483 1487 1489 1492 1504 1509 1511 1523 1544 1551 1648 1655 1656 1665 1673 1676 1720 1735 1755 1781 1810 1812 1815 1823 1839 1840 1880 1881 1909 1922 1928 1944 1960 1961 1963 1964 1995 2001 2003 2005 2036 2038 2048 2057 2064
8,9,CG-MOACO,area_s5_t300,0.375,1500.521823969082,1.6733200530681511,9 31 36 49 59 78 80 89 91 97 101 148 155 169 175 184 187 194 200 214 215 245 249 256 259 261 270 273 276 324 332 355 378 391 400 417 438 440 452 466 497 499 532 537 541 544 545 562 580 593 608 615 616 629 638 644 651 656 676 698 700 716 725 734 760 771 776 784 802 804 813 829 836 847 857 868 879 889 894 900 905 910 911 916 927 929 931 941 945 955 959 974 982 997 999 1001 1013 1031 1039 1062 1064 1127 1170 1172 1199 1204 1222 1237 1262 1264 1296 1300 1310 1326 1334 1362 1395 1398 1404 1406 1412 1419 1423 1426 1440 1449 1455 1469 1499 1509 1529 1536 1542 1544 1568 1578 1583 1590 1596 1605 1622 1638 1652 1673 1691 1704 1705 1756 1773 1775 1779 1781 1787 1797 1809 1812 1815 1834 1839 1883 1909 1959 1963 1980 1983 1987 1991 2001 2008 2014 2027 2030 2046 2063 2073
8,10,CG-MOACO,area_s5_t300,0.3876404494382022,1499.2925575456325,0.6324555320336759,9 19 36 38 40 49 55 64 80 99 103 115 132 152 170 175 180 184 197 214 220 238 273 284 285 306 308 326 356 369 377 379 392 395 398 415 429 430 438 440 461 495 514 535 555 558 562 591 593 605 613 615 626 637 641 656 663 671 716 719 735 747 762 773 776 782 802 804 807 821 829 840 870 881 910 912 920 941 949 953 972 978 980 986 991 1009 1011 1067 1079 1080 1085 1089 1091 1099 1105 1123 1127 1132 1137 1139 1143 1175 1187 1199 1243 1248 1262 1278 1342 1367 1370 1374 1377 1383 1392 1395 1419 1424 1426 1429 1435 1440 1458 1470 1474 1480 1482 1509 1542 1544 1556 1580 1583 1584 1606 1612 1614 1647 1649 1652 1656 1706 1708 1720 1724 1731 1735 1738 1751 1775 1779 1800 1835 1839 1842 1854 1867 1871 1880 1899 1916 1918 1940 1953 1966 1968 1983 1996 1999 2006 2009 2027 2058 2063 2076
8,11,CG-MOACO,area_s5_t300,0.39840823970037453,1490.5268566879884,1.7204650534085253,3 9 31 80 83 91 99 114 117 120 123 132 137 144 153 157 170 175 178 188 189 191 211 220 228 248 252 260 261 309 317 319 324 334 373 378 411 415 420 438 449 452 507 537 553 559 562 578 583 585 589 613 617 625 654 656 670 676 677 691 700 719 741 760 767 771 773 790 806 815 840 868 869 870 875 885 891 915 929 980 1001 1007 1016 1062 1064 1104 1123 1127 1130 1133 1136 1143 1153 1158 1175 1182 1187 1204 1222 1224 1228 1236 1237 1244 1264 1269 1300 1304 1318 1323 1339 1351 1361 1376 1377 1384 1398 1416 1419 1428 1448 1451 1475 1490 1523 1528 1529 1541 1566 1584 1609 1617 1618 1623 1634 1652 1673 1680 1685 1688 1691 1711 1718 1726 1734 1735 1740 1755 1773 1786 1797 1814 1840 1842 1882 1909 1911 1913 1932 1961 1963 1984 2004 2026 2036 2038 2047 2063 2075
8,12,CG-MOACO,area_s5_t300,0.401685393258427,1469.9805483392013,1.2,26 31 42 102 106 108 109 120 121 129 149 153 155 175 176 180 188 189 227 261 270 277 285 289 304 308 311 312 317 322 367 369 370 378 412 465 469 475 480 488 496 528 533 554 564 571 577 585 593 602 605 612 626 640 648 651 652 656 691 700 708 722 740 760 771 790 802 807 811 818 851 856 862 885 890 903 910 911 917 920 926 939 958 973 999 1020 1024 1026 1037 1041 1062 1064 1104 1128 1153 1158 1159 1171 1175 1215 1221 1237 1243 1256 1266 1294 1296 1297 1310 1322 1336 1339 1352 1376 1383 1391 1394 1406 1412 1423 1455 1461 1469 1480 1483 1484 1496 1499 1583 1596 1609 1616 1638 1650 1652 1673 1674 1675 1697 1706 1724 1735 1739 1752 1756 1768 1796 1805 1808 1809 1811 1823 1839 1840 1842 1882 1885 1901 1924 1937 1944 1948 1983 1991 2014 2034 2044 2074
8,13,CG-MOACO,area_s5_t300,0.3679775280898876,1532.0661679600328,1.4142135623730951,9 12 28 43 78 80 86 105 124 144 148 152 174 175 182 185 189 191 211 215 218 228 236 245 247 251 252 261 262 300 316 319 355 377 400 412 415 448 450 456 461 474 505 510 525 530 537 554 558 562 593 610 612 615 625 648 650 674 685 700 705 708 719 734 741 760 771 776 802 807 809 812 816 862 868 873 885 889 910 911 928 929 955 957 978 1016 1017 1041 1055 1062 1077 1092 1105 1131 1137 1139 1143 1153 1157 1164 1175 1183 1188 1199 1202 1203 1208 1256 1262 1264 1266 1276 1290 1301 1318 1323 1335 1339 1345 1350 1370 1385 1387 1391 1411 1412 1414 1422 1423 1448 1453 1456 1470 1474 1496 1511 1524 1544 1552 1574 1582 1588 1606 1629 1653 1659 1660 1672 1683 1705 1734 1735 1778 1787 1797 1802 1810 1823 1828 1838 1839 1840 1855 1860 1896 1919 1960 1962 1963 1965 1983 1989 1995 2023 2038 2042 2058 2063 2078 2081
8,14,CG-MOACO,area_s5_t300,0.3960674157303371,1497.1991027940207,0.4898979485566356,4 24 28 31 43 68 80 86 89 91 134 137 143 148 152 155 175 176 179 181 185 189 257 261 269 273 285 291 306 311 315 322 373 377 391 415 420 427 429 440 459 465 479 486 496 539 558 562 594 612 615 626 649 654 656 668 670 691 700 719 747 760 767 771 776 786 802 807 813 865 867 868 903 905 909 910 911 913 927 929 941 943 946 948 952 957 961 999 1001 1016 1036 1039 1041 1058 1105 1114 1126 1163 1187 1202 1213 1215 1237 1244 1245 1259 1266 1270 1293 1314 1318 1339 1350 1370 1394 1406 1411 1412 1415 1427 1434 1442 1448 1461 1486 1487 1490 1495 1544 1563 1567 1574 1578 1584 1597 1603 1617 1647 1659 1675 1703 1708 1744 1756 1776 1792 1797 1802 1813 1823 1839 1840 1842 1861 1884 1901 1940 1947 1963 1970 1977 1984 1988 2001 2007 2016 2019 2036 2057 2063 2073 2082
8,15,CG-MOACO,area_s5_t300,0.38998127340823974,1475.5862357908882,2.8284271247461903,4 9 20 41 46 79 83 109 128 142 144 155 158 175 182 188 206 209 247 252 256 264 269 270 273 281 284 285 306 308 311 317 369 378 386 391 398 403 413 439 442 458 467 472 501 530 532 544 545 547 562 564 593 601 605 615 638 651 654 658 671 700 708 716 719 739 741 749 756 776 784 804 831 860 878 889 894 911 916 936 938 941 963 967 971 994 1017 1022 1039 1041 1048 1062 1064 1089 1101 1104 1105 1127 1143 1149 1170 1175 1183 1199 1226 1234 1237 1262 1264 1304 1307 1327 1339 1353 1354 1373 1376 1383 1405 1419 1422 1428 1440 1457 1469 1483 1530 1550 1554 1579 1584 1602 1603 1615 1637 1649 1652 1654 1672 1706 1711 1718 1726 1753 1755 1764 1773 1787 1794 1808 1809 1819 1823 1839 1840 1849 1871 1888 1889 1916 1937 1940 1965 1983 1996 2011 2025 2047 2055 2058
8,16,CG-MOACO,area_s5_t300,0.39559925093632964,1478.2478406525838,2.0976176963403033,3 9 13 19 31 53 57 80 112 116 131 137 152 153 157 168 170 175 176 189 200 211 222 245 251 284 285 310 312 335 351 369 370 379 404 413 429 440 450 457 486 497 502 503 506 509 529 558 562 579 591 593 610 613 626 648 650 731 734 741 745 775 790 799 808 814 818 823 831 878 903 910 911 912 928 929 936 943 945 967 979 980 987 996 1001 1024 1039 1042 1053 1058 1062 1070 1075 1083 1089 1123 1127 1137 1150 1167 1187 1228 1232 1264 1290 1297 1304 1308 1331 1350 1359 1374 1378 1383 1394 1418 1434 1442 1490 1502 1511 1520 1524 1529 1538 1541 1542 1544 1553 1560 1562 1577 1584 1594 1603 1608 1616 1634 1647 1673 1687 1718 1724 1748 1756 1777 1788 1792 1805 1813 1821 1823 1825 1839 1860 1866 1868 1882 1889 1923 1931 1969 1984 1991 1999 2012 2023 2045 2048 2057
8,17,CG-MOACO,area_s5_t300,0.3721910112359551,1504.9569658545731,1.8547236990991407,4 9 31 43 47 55 71 80 91 96 99 105 115 143 157 164 175 181 220 239 247 252 261 268 269 277 285 290 307 308 310 316 324 336 355 358 365 440 443 445 446 466 475 484 547 559 562 564 569 578 593 615 626 644 646 651 654 664 678 681 695 700 708 729 741 760 768 771 776 786 794 802 806 833 844 875 892 908 911 916 917 943 951 977 994 998 1001 1010 1011 1029 1032 1039 1064 1073 1086 1105 1127 1143 1149 1158 1170 1175 1199 1212 1224 1231 1237 1259 1262 1264 1274 1288 1292 1300 1318 1327 1337 1339 1356 1361 1370 1420 1435 1448 1486 1544 1554 1577 1581 1584 1608 1615 1616 1618 1637 1645 1649 1652 1654 1655 1656 1696 1710 1711 1717 1720 1744 1747 1756 1779 1787 1790 1797 1813 1815 1823 1835 1840 1854 1860 1866 1868 1872 1882 1888 1889 1897 1924 1926 1947 1952 1954 1959 1996 2025 2057 2063 2071
8,18,CG-MOACO,area_s5_t300,0.37125468164794007,1520.7668041106626,2.4,31 46 71 78 80 88 91 105 126 134 150 155 158 165 171 175 180 181 189 196 200 220 244 247 249 252 257 261 276 278 288 290 310 317 371 391 398 437 442 449 450 458 465 483 485 518 523 528 537 543 551 560 577 593 605 612 615 650 708 712 740 757 760 766 771 776 790 802 810 828 829 836 840 885 891 892 910 928 929 939 943 957 967 977 1011 1018 1026 1050 1055 1062 1080 1089 1092 1105 1116 1127 1137 1143 1199 1202 1212 1223 1237 1239 1264 1266 1296 1302 1304 1323 1336 1339 1350 1376 1384 1394 1403 1412 1422 1434 1435 1438 1458 1463 1482 1524 1530 1535 1544 1549 1557 1571 1576 1579 1580 1590 1603 1606 1607 1612 1625 1645 1652 1672 1685 1701 1705 1732 1735 1747 1751 1756 1775 1787 1792 1797 1808 1812 1819 1823 1840 1849 1867 1882 1913 1924 1946 1961 1987 1996 2006 2013 2014 2045 2058 2076
8,19,CG-MOACO,area_s5_t300,0.3862359550561798,1500.6788169417778,1.624807680927192,0 40 47 55 59 67 76 87 109 135 141 143 153 175 176 180 182 186 189 204 220 249 257 285 306 308 313 317 330 369 370 386 391 416 450 453 463 465 490 496 501 535 537 541 543 544 562 580 593 605 608 612 626 627 638 676 737 738 749 764 771 774 804 812 825 829 831 856 858 862 910 911 913 925 928 929 930 937 945 949 959 978 980 1028 1036 1055 1060 1070 1082 1085 1105 1127 1139 1149 1159 1171 1173 1187 1199 1205 1223 1237 1259 1263 1264 1266 1276 1292 1296 1297 1318 1323 1345 1361 1368 1394 1401 1411 1412 1418 1430 1434 1441 1448 1482 1487 1519 1529 1554 1572 1584 1608 1609 1629 1645 1650 1674 1718 1721 1735 1739 1750 1753 1756 1773 1780 1793 1797 1809 1839 1842 1845 1850 1860 1882 1888 1921 1957 1960 1963 1966 1968 1983 1991 2023 2029 2036 2044 2054 2058 2063 2073 2082
8,20,CG-MOACO,area_s5_t300,0.36142322097378277,1525.7286535684561,3.521363372331802,9 17 24 38 47 67 80 87 102 132 142 147 165 172 175 180 182 204 215 220 247 248 252 257 261 275 278 289 306 317 333 371 386 391 392 411 449 459 461 475 476 499 507 525 528 537 562 565 566 586 589 593 624 648 700 708 716 722 734 749 760 771 773 775 817 829 878 885 910 911 926 957 982 991 999 1013 1016 1020 1021 1027 1037 1039 1048 1062 1068 1089 1091 1110 1124 1129 1139 1143 1150 1158 1171 1187 1199 1202 1205 1222 1229 1231 1234 1258 1262 1278 1288 1293 1310 1318 1323 1334 1339 1370 1394 1395 1403 1412 1423 1435 1437 1439 1458 1478 1480 1483 1490 1524 1527 1529 1535 1544 1552 1565 1571 1576 1584 1591 1608 1615 1626 1627 1649 1652 1676 1685 1710 1711 1734 1747 1757 1768 1773 1781 1785 1787 1793 1797 1803 1808 1809 1823 1828 1842 1854 1867 1880 1895 1900 1918 1926 1928 1937 1983 2003 2009 2027 2028 2057 2063
8,21,CG-MOACO,area_s5_t300,0.34784644194756553,1557.4998147063181,2.65329983228432,1 5 9 18 67 80 98 113 129 133 137 143 150 157 173 175 176 178 182 189 196 202 208 215 242 252 257 272 277 278 285 291 312 316 348 371 383 386 415 432 444 447 464 489 496 525 537 545 563 583 598 602 605 606 615 622 629 650 656 697 708 719 727 737 740 760 771 776 790 804 811 853 857 862 868 885 887 890 917 920 929 946 955 978 980 1001 1037 1039 1060 1068 1072 1086 1089 1127 1129 1133 1137 1149 1152 1158 1164 1175 1183 1187 1189 1199 1202 1222 1234 1237 1243 1273 1283 1293 1310 1318 1323 1333 1334 1339 1364 1370 1375 1377 1384 1391 1394 1419 1433 1434 1435 1448 1475 1482 1509 1519 1528 1535 1544 1585 1607 1629 1643 1645 1652 1672 1674 1684 1703 1706 1708 1734 1745 1749 1751 1756 1766 1785 1797 1808 1811 1820 1823 1827 1839 1840 1842 1878 1882 1888 1896 1901 1909 1926 1940 1945 1963 1984 2013 2027 2036 2070 2083
8,22,CG-MOACO,area_s5_t300,0.36985018726591756,1533.9656034517263,0.8,5 9 18 23 28 36 80 105 120 121 125 128 137 158 175 178 179 182 199 213 260 261 264 292 313 325 331 343 350 367 369 370 378 395 404 413 423 429 465 485 496 500 501 507 515 525 532 553 554 560 562 593 605 617 618 626 629 654 691 693 700 711 716 719 723 747 766 771 776 806 831 847 860 877 885 895 910 911 915 941 956 957 978 1001 1012 1017 1022 1024 1032 1039 1059 1060 1073 1091 1104 1105 1126 1143 1144 1170 1187 1188 1222 1225 1234 1242 1260 1262 1281 1297 1304 1313 1323 1326 1339 1364 1376 1394 1399 1403 1419 1422 1434 1435 1440 1448 1480 1488 1504 1523 1528 1529 1549 1556 1562 1583 1584 1605 1616 1645 1647 1652 1686 1697 1700 1705 1718 1729 1735 1756 1779 1802 1804 1805 1823 1827 1828 1832 1839 1840 1860 1867 1885 1900 1911 1922 1940 1951 1963 1966 1967 1976 1983 2008 2009 2038 2058 2063
8,23,CG-MOACO,area_s5_t300,0.3609550561797753,1547.0165562379725,0.7483314773547882,18 19 43 65 80 99 102 105 107 110 121 123 175 176 178 179 191 204 237 244 252 257 259 263 270 271 290 314 324 334 336 362 371 379 412 415 429 440 450 456 461 465 475 481 505 508 510 542 555 558 562 564 565 578 594 650 671 675 700 705 708 709 719 722 734 784 793 802 804 815 827 868 879 910 911 913 929 942 944 946 957 960 967 978 982 991 994 1016 1021 1026 1039 1041 1062 1065 1105 1110 1127 1143 1152 1155 1158 1175 1188 1196 1199 1202 1205 1237 1262 1280 1281 1308 1323 1339 1350 1361 1378 1383 1401 1408 1412 1418 1423 1427 1432 1440 1455 1487 1494 1524 1528 1529 1531 1535 1538 1544 1584 1599 1616 1622 1641 1645 1647 1649 1652 1656 1673 1697 1708 1718 1721 1726 1734 1738 1747 1756 1777 1781 1786 1809 1812 1842 1851 1854 1858 1860 1869 1882 1889 1909 1911 1923 1983 1988 1999 2001 2023 2024 2045 2064 2070
8,24,CG-MOACO,area_s5_t300,0.37827715355805247,1515.0767572363786,1.3266499161421599,31 46 54 65 80 87 99 105 107 111 132 137 143 149 175 176 180 194 196 227 236 249 252 257 263 270 285 288 306 311 317 328 335 358 369 379 398 426 450 452 465 484 507 508 528 542 545 562 564 578 579 583 602 613 618 626 649 654 685 687 700 708 756 760 771 787 790 802 806 825 836 860 885 888 890 902 910 911 941 945 948 957 982 999 1018 1023 1036 1038 1041 1055 1062 1065 1077 1105 1115 1150 1158 1174 1186 1191 1195 1199 1223 1234 1237 1259 1264 1268 1276 1279 1300 1304 1339 1368 1378 1384 1392 1395 1404 1405 1412 1415 1422 1427 1433 1434 1435 1440 1448 1518 1524 1544 1599 1601 1605 1612 1642 1652 1654 1693 1701 1705 1718 1735 1738 1745 1747 1756 1764 1775 1787 1793 1808 1815 1819 1833 1859 1882 1884 1888 1922 1924 1959 1978 1983 1991 1995 1997 2004 2014 2038 2057 2063 2083
8,25,CG-MOACO,area_s5_t300,0.36704119850187267,1541.6454796161418,1.2649110640673518,4 9 40 47 55 64 77 80 87 97 108 112 126 137 142 144 153 160 165 175 176 178 181 190 200 206 218 252 261 269 300 315 317 341 354 391 398 424 440 442 449 465 483 488 506 532 537 554 561 562 589 593 620 624 645 648 656 659 666 668 693 700 708 760 771 776 783 790 802 804 809 812 860 867 891 910 911 920 935 941 954 959 980 991 996 1001 1016 1024 1028 1032 1045 1060 1064 1068 1126 1139 1153 1154 1158 1162 1168 1183 1189 1202 1213 1223 1236 1237 1244 1262 1264 1268 1297 1300 1310 1312 1334 1336 1338 1339 1353 1354 1370 1384 1398 1403 1422 1423 1425 1440 1449 1480 1503 1530 1532 1539 1544 1562 1566 1584 1589 1590 1625 1645 1652 1654 1673 1699 1700 1726 1733 1738 1747 1780 1787 1792 1797 1823 1825 1831 1845 1858 1860 1889 1894 1900 1938 1940 1951 1953 1959 1965 1974 1983 1991 2001 2006 2012 2045 2057
8,26,CG-MOACO,area_s5_t300,0.35908239700374533,1550.8497119080878,1.2,1 9 43 47 68 80 84 113 132 137 144 157 166 175 176 178 182 184 189 196 201 215 218 220 241 256 261 284 306 311 316 344 358 369 371 378 403 413 424 440 442 449 450 465 472 507 516 525 532 535 544 550 562 590 593 611 631 654 700 703 708 731 734 741 749 760 766 771 776 790 802 804 807 846 862 868 910 921 939 958 976 977 994 1008 1012 1016 1024 1036 1039 1070 1077 1097 1105 1127 1142 1143 1158 1159 1175 1184 1187 1193 1195 1199 1221 1227 1231 1232 1237 1264 1289 1292 1304 1311 1317 1318 1335 1347 1354 1360 1370 1373 1376 1378 1380 1401 1403 1408 1412 1419 1422 1426 1436 1447 1455 1461 1483 1486 1487 1496 1499 1529 1542 1584 1616 1652 1654 1658 1674 1704 1708 1720 1731 1735 1738 1750 1751 1756 1764 1769 1797 1808 1813 1823 1839 1844 1867 1882 1884 1901 1937 1945 1946 1952 1961 1963 1983 1991 2023 2049 2055 2059 2063
8,27,CG-MOACO,area_s5_t300,0.34503745318352064,1559.3853295655026,2.1354156504062622,1 7 31 48 49 55 80 97 102 106 112 121 137 149 155 165 175 176 178 180 181 184 189 196 214 215 252 261 264 273 355 357 366 370 391 395 413 415 438 440 451 461 504 516 525 541 544 553 566 593 598 602 613 615 648 651 656 675 678 699 700 716 725 734 741 771 775 776 803 808 825 841 847 860 887 896 910 921 929 939 949 967 973 982 1007 1039 1041 1050 1062 1064 1068 1086 1089 1103 1105 1108 1115 1127 1138 1143 1175 1183 1185 1199 1202 1237 1262 1264 1278 1290 1294 1302 1314 1318 1339 1376 1384 1387 1395 1403 1412 1419 1422 1448 1453 1457 1470 1482 1495 1502 1504 1508 1527 1537 1544 1576 1579 1582 1584 1627 1643 1645 1652 1654 1660 1706 1718 1734 1735 1738 1745 1747 1753 1756 1785 1787 1797 1808 1811 1815 1818 1823 1840 1866 1882 1885 1888 1896 1901 1909 1928 1940 1963 1983 1991 1999 2005 2010 2022 2026 2027 2044 2058 2063
8,28,CG-MOACO,area_s5_t300,0.3581460674157303,1532.9326772971542,1.5999999999999999,5 31 38 55 58 78 80 91 118 121 125 129 136 137 144 165 175 176 204 214 215 218 220 252 257 259 261 277 278 285 289 292 308 314 334 371 394 412 415 440 443 450 456 458 461 465 467 477 514 543 547 562 571 580 588 589 593 608 611 648 654 675 677 715 719 723 729 741 749 771 776 796 802 825 847 860 877 899 910 916 930 946 980 992 994 1001 1010 1012 1016 1019 1032 1062 1064 1086 1105 1108 1123 1127 1143 1144 1153 1158 1170 1175 1187 1188 1199 1221 1222 1237 1245 1262 1264 1304 1310 1318 1320 1326 1334 1336 1339 1354 1361 1363 1370 1376 1383 1401 1403 1405 1412 1419 1423 1426 1465 1494 1524 1528 1544 1571 1584 1614 1638 1646 1652 1654 1673 1705 1735 1747 1753 1756 1766 1778 1797 1823 1827 1835 1845 1854 1858 1861 1882 1901 1911 1919 1963 1984 1989 2004 2025 2027 2036 2038 2057 2063 2074 2076 2080
8,29,CG-MOACO,area_s5_t300,0.33661048689138573,1565.0798885447443,1.4966629547095767,9 45 47 55 61 65 80 102 137 142 143 144 153 169 175 176 182 191 204 211 215 218 220 256 261 263 273 284 289 292 308 317 334 336 344 362 398 411 415 427 435 449 450 456 458 461 465 499 503 537 544 562 580 589 593 638 648 654 700 708 725 731 734 741 755 760 771 784 787 790 795 802 804 825 829 840 847 868 879 910 919 920 929 939 949 954 978 982 1001 1016 1020 1026 1028 1060 1064 1086 1092 1105 1118 1127 1139 1143 1153 1158 1187 1188 1199 1202 1221 1228 1237 1260 1264 1270 1278 1310 1323 1328 1334 1339 1350 1353 1361 1370 1376 1384 1387 1403 1408 1412 1419 1423 1429 1435 1440 1469 1483 1490 1495 1499 1520 1528 1534 1574 1584 1590 1599 1645 1647 1649 1652 1656 1686 1697 1723 1734 1738 1761 1774 1777 1779 1784 1787 1797 1820 1823 1839 1860 1868 1874 1882 1888 1889 1922 1938 1940 1961 1963 1967 1983 1991 2015 2023 2038 2057 2063 2069
8,30,CG-MOACO,area_s5_t300,0.3258426966292135,1570.6734363351673,1.8330302779823362,28 38 46 55 71 80 98 102 105 106 118 119 137 139 157 165 175 178 180 182 191 204 215 252 257 260 284 286 288 292 306 314 317 336 350 358 371 379 411 412 415 432 438 464 477 486 499 509 513 525 528 545 560 562 581 583 608 611 613 617 629 650 675 708 719 734 738 740 745 767 771 776 802 806 812 825 859 860 862 910 927 929 955 957 958 965 976 978 980 991 1033 1035 1036 1045 1062 1068 1077 1089 1103 1105 1127 1128 1137 1139 1143 1187 1199 1202 1222 1224 1237 1239 1245 1251 1262 1264 1291 1318 1338 1339 1341 1362 1373 1376 1383 1386 1395 1412 1416 1419 1423 1425 1426 1435 1440 1455 1469 1480 1482 1487 1519 1524 1527 1531 1584 1596 1606 1614 1643 1645 1647 1652 1673 1686 1700 1706 1708 1711 1717 1726 1734 1738 1747 1753 1756 1780 1787 1797 1808 1815 1823 1854 1856 1860 1866 1882 1892 1901 1924 1928 1937 1940 1964 1983 2005 2028 2049 2057 2063
8,31,CG-MOACO,area_s5_t300,0.3398876404494382,1575.8819998856602,1.16619037896906,1 47 68 89 91 102 107 109 114 132 137 142 153 165 174 175 176 180 182 189 191 215 249 252 257 273 276 283 285 316 355 359 370 392 398 412 420 432 440 450 452 461 496 532 537 554 555 560 562 583 593 608 609 617 629 640 641 650 676 677 708 734 737 740 745 760 771 776 790 802 806 812 825 860 862 871 879 907 910 927 929 946 949 957 958 978 982 1008 1016 1020 1024 1035 1036 1056 1062 1070 1086 1105 1114 1124 1127 1128 1143 1160 1162 1173 1185 1199 1202 1212 1223 1237 1260 1264 1278 1296 1300 1308 1310 1318 1323 1324 1336 1339 1341 1350 1361 1366 1378 1383 1404 1408 1412 1419 1423 1425 1429 1455 1469 1478 1487 1493 1529 1539 1544 1565 1576 1599 1645 1652 1659 1674 1711 1720 1734 1735 1739 1744 1747 1749 1756 1793 1797 1808 1840 1842 1854 1858 1874 1884 1891 1901 1911 1924 1935 1940 1984 1987 2016 2018 2036 2038 2055 2057 2063 2082
8,32,CG-MOACO,area_s5_t300,0.35440074906367036,1527.5836025111396,2.244994432064365,1 26 29 31 46 61 79 80 105 107 108 114 132 137 157 175 176 178 180 191 215 219 228 246 252 257 284 285 291 292 311 324 336 355 370 379 398 412 420 432 437 452 456 458 465 472 497 500 507 510 514 533 537 545 554 562 578 608 617 676 705 712 734 740 747 760 762 771 776 790 806 808 812 862 868 873 879 907 910 921 929 957 976 977 980 994 1000 1009 1016 1020 1021 1024 1035 1039 1041 1059 1064 1086 1123 1127 1143 1157 1188 1200 1237 1264 1299 1318 1323 1339 1340 1366 1372 1378 1383 1391 1394 1403 1412 1423 1424 1426 1457 1469 1482 1486 1520 1524 1528 1529 1531 1565 1584 1608 1634 1637 1645 1649 1652 1654 1673 1674 1708 1726 1734 1747 1756 1766 1777 1779 1793 1797 1820 1823 1835 1840 1842 1858 1880 1882 1916 1922 1923 1924 1937 1940 1963 1965 1983 1989 1991 2008 2023 2028 2036 2045 2057 2063
8,33,CG-MOACO,area_s5_t300,0.30430711610486894,1616.5412849404,0.9797958971132712,0 31 47 79 80 91 102 106 110 114 118 142 143 149 165 172 175 178 180 189 190 206 221 247 252 270 275 285 304 306 310 317 371 379 380 391 398 403 413 420 432 440 450 452 465 477 486 494 510 528 536 544 545 547 579 591 593 613 615 626 654 668 676 685 687 701 719 740 747 748 760 771 773 790 802 808 831 868 871 878 885 905 910 911 913 915 918 941 982 1007 1016 1017 1018 1020 1028 1034 1036 1064 1079 1086 1089 1105 1109 1127 1129 1137 1143 1149 1158 1173 1183 1187 1199 1202 1223 1237 1262 1264 1278 1304 1310 1312 1318 1334 1339 1350 1361 1375 1377 1383 1398 1402 1403 1404 1419 1422 1423 1457 1483 1486 1487 1490 1524 1529 1544 1565 1571 1606 1614 1615 1642 1645 1649 1652 1654 1660 1673 1678 1704 1723 1734 1747 1756 1766 1768 1787 1793 1797 1808 1809 1810 1815 1824 1828 1845 1854 1860 1882 1901 1909 1965 1983 2006 2008 2014 2016 2018 2023 2037 2046 2049 2057 2063 2076
8,34,CG-MOACO,area_s5_t300,0.29728464419475653,1630.543929583963,1.019803902718557,1 7 38 42 48 53 78 80 86 90 99 102 132 137 139 155 165 175 176 180 182 189 200 206 215 220 252 257 278 284 285 289 292 311 317 334 362 371 379 391 413 415 440 442 448 461 475 477 481 532 537 543 545 554 558 565 583 586 593 595 613 615 622 627 654 656 700 705 708 719 734 749 760 771 775 776 790 802 828 841 846 859 860 862 885 897 910 920 929 957 958 972 973 978 982 1011 1016 1017 1019 1037 1054 1060 1064 1077 1086 1089 1127 1128 1137 1140 1143 1158 1174 1187 1199 1202 1223 1224 1237 1262 1264 1288 1300 1318 1323 1329 1336 1339 1350 1359 1361 1378 1391 1395 1403 1404 1412 1419 1422 1430 1455 1469 1483 1487 1495 1517 1520 1524 1527 1544 1559 1571 1599 1616 1642 1645 1648 1652 1660 1691 1705 1711 1718 1734 1735 1747 1756 1779 1780 1782 1787 1793 1797 1802 1815 1818 1840 1858 1860 1888 1937 1950 1963 1983 1989 2006 2008 2009 2014 2023 2026 2033 2038 2049 2057 2063 2073
8,35,CG-MOACO,area_s5_t300,0.2752808988764045,1676.9144328596233,0.4,1 9 31 38 55 59 80 86 102 111 114 125 129 137 175 176 180 181 189 200 215 219 220 252 257 259 278 284 286 288 289 292 308 311 334 348 362 379 395 399 411 415 420 432 440 461 480 486 496 508 528 554 562 566 578 583 593 598 602 606 608 613 615 617 637 643 648 654 656 676 685 708 719 740 754 760 771 772 790 802 806 825 853 862 868 910 917 925 929 946 948 958 982 985 991 994 1007 1016 1028 1039 1050 1058 1062 1064 1077 1086 1127 1129 1133 1143 1158 1161 1172 1174 1183 1187 1199 1202 1223 1224 1234 1237 1262 1264 1278 1294 1304 1318 1334 1336 1339 1346 1359 1361 1367 1370 1375 1376 1383 1385 1387 1392 1394 1403 1412 1419 1422 1423 1434 1457 1490 1524 1529 1544 1565 1571 1584 1607 1616 1618 1645 1648 1652 1670 1672 1700 1705 1708 1711 1718 1720 1734 1735 1747 1756 1765 1769 1797 1808 1819 1821 1823 1829 1836 1849 1854 1865 1882 1888 1896 1923 1937 1946 1983 2005 2008 2023 2027 2035 2045 2058 2063 2080 2083
8,36,CG-MOACO,area_s5_t300,0.26217228464419473,1715.1951119413543,2.039607805437114,1 31 55 68 78 80 91 99 114 137 142 143 148 152 157 175 176 191 201 206 215 218 220 226 230 252 257 258 259 269 270 278 283 292 308 311 317 334 359 371 379 386 391 415 419 432 438 440 456 475 480 486 525 528 532 537 539 542 543 545 562 593 605 615 643 656 678 685 693 708 716 734 740 760 766 771 776 790 808 812 825 862 868 872 900 910 911 913 915 917 929 941 946 957 958 959 980 994 1017 1020 1028 1032 1035 1039 1053 1062 1064 1069 1086 1089 1105 1115 1127 1128 1137 1143 1158 1162 1173 1187 1199 1202 1223 1237 1243 1264 1278 1290 1295 1297 1300 1304 1310 1314 1318 1330 1334 1339 1348 1350 1360 1370 1383 1394 1395 1398 1406 1412 1419 1423 1430 1435 1440 1469 1470 1483 1490 1496 1524 1529 1544 1565 1584 1605 1614 1645 1652 1660 1671 1673 1674 1711 1734 1749 1756 1769 1792 1795 1808 1811 1823 1835 1839 1840 1842 1860 1882 1889 1901 1937 1963 1967 1969 1983 1991 2001 2005 2008 2016 2018 2023 2025 2045 2049 2055 2057 2063 2080 2083
8,37,CG-MOACO,area_s5_t300,0.3356741573033708,1560.9906604240884,1.9390719429665317,1 31 80 90 91 102 106 132 142 143 144 157 173 175 176 189 210 218 220 245 249 252 257 260 270 278 292 311 316 319 324 328 334 358 371 379 415 426 432 440 461 465 485 486 515 525 528 532 544 545 565 578 584 593 603 605 606 615 626 638 656 678 685 693 708 745 749 760 771 776 790 802 808 812 825 860 879 885 887 903 910 911 915 929 946 951 971 978 980 999 1012 1020 1029 1034 1036 1039 1064 1086 1105 1115 1127 1129 1133 1143 1152 1175 1187 1199 1211 1215 1221 1222 1234 1237 1264 1292 1294 1296 1302 1334 1336 1346 1353 1370 1373 1375 1383 1402 1403 1412 1419 1423 1435 1450 1469 1482 1486 1487 1518 1524 1529 1565 1573 1599 1645 1649 1652 1654 1660 1672 1687 1697 1705 1718 1720 1724 1735 1738 1750 1756 1780 1809 1823 1836 1840 1842 1851 1860 1868 1877 1882 1909 1937 1960 1963 1983 1991 2016 2023 2027 2035 2045 2058 2063 2074 2083
8,38,CG-MOACO,area_s5_t300,0.2584269662921348,1710.7874125078654,2.280350850198276,1 28 38 80 99 102 105 106 120 121 132 137 149 152 153 156 165 174 175 176 179 182 189 202 206 245 252 257 264 270 284 285 292 308 334 335 344 356 371 379 440 450 458 461 514 528 544 555 558 562 573 593 605 608 615 622 626 650 671 676 685 700 708 716 719 734 741 760 772 776 790 802 807 808 812 814 820 825 829 831 836 851 858 862 868 885 892 903 910 911 915 917 929 941 958 967 978 982 991 1001 1012 1036 1039 1041 1058 1062 1089 1104 1105 1126 1137 1139 1143 1158 1175 1183 1187 1199 1202 1205 1215 1221 1234 1237 1262 1264 1266 1296 1303 1311 1318 1331 1336 1338 1339 1361 1367 1370 1375 1376 1378 1384 1391 1395 1412 1419 1423 1429 1434 1435 1448 1469 1490 1524 1529 1544 1553 1559 1565 1571 1584 1587 1616 1645 1652 1654 1672 1683 1700 1705 1708 1711 1718 1720 1726 1735 1747 1756 1780 1797 1808 1823 1836 1842 1845 1854 1860 1865 1882 1888 1901 1909 1916 1922 1923 1937 1940 1963 1965 1983 2006 2008 2023 2026 2027 2035 2038 2058 2063 2080
8,39,CG-MOACO,area_s5_t300,0.2907303370786517,1626.1656262999659,1.4696938456699067,1 38 47 55 80 86 98 101 102 111 114 125 137 143 156 175 176 182 197 206 219 220 249 252 257 261 278 284 285 289 292 306 308 310 312 317 359 378 391 392 395 415 426 440 450 461 465 475 480 496 508 525 528 543 544 559 562 593 606 611 613 615 618 626 648 650 654 677 700 719 731 747 749 760 771 775 790 802 815 820 825 847 858 868 877 910 911 913 919 929 941 943 963 978 979 982 1001 1012 1016 1037 1039 1058 1060 1086 1089 1127 1137 1143 1149 1150 1154 1156 1158 1173 1183 1187 1199 1202 1223 1237 1244 1264 1278 1296 1304 1318 1320 1323 1339 1360 1370 1376 1385 1394 1398 1403 1412 1419 1422 1435 1439 1456 1458 1469 1470 1480 1490 1518 1524 1528 1529 1544 1553 1615 1645 1649 1652 1654 1660 1673 1677 1683 1718 1720 1731 1735 1743 1756 1766 1787 1789 1797 1802 1806 1808 1813 1823 1839 1840 1845 1860 1901 1922 1937 1963 1967 1976 1983 2008 2014 2018 2023 2025 2038 2047 2049 2055 2057 2063
8,40,CG-MOACO,area_s5_t300,0.29962546816479396,1600.504065937419,2.870540018881465,1 9 31 40 55 68 80 91 102 105 106 114 132 153 157 172 175 179 181 189 200 206 214 245 247 252 257 265 285 289 300 307 308 317 319 334 344 348 379 398 403 415 420 432 440 450 456 458 461 474 486 514 517 528 537 544 545 579 593 613 626 629 638 675 685 701 708 734 740 754 771 772 776 787 802 812 853 860 862 907 910 913 917 929 936 943 961 971 973 978 980 1001 1012 1017 1024 1028 1035 1039 1045 1064 1089 1105 1127 1137 1143 1158 1164 1173 1183 1187 1199 1202 1205 1221 1223 1224 1237 1244 1256 1262 1264 1278 1290 1304 1318 1324 1331 1334 1339 1340 1347 1375 1378 1393 1395 1403 1404 1412 1418 1423 1426 1434 1435 1469 1480 1483 1486 1487 1490 1502 1520 1524 1565 1576 1582 1594 1631 1645 1652 1654 1673 1708 1711 1718 1720 1734 1756 1777 1782 1787 1793 1797 1809 1811 1812 1815 1839 1842 1845 1854 1860 1865 1882 1883 1923 1937 1940 1957 1960 1963 1967 1989 2005 2036 2037 2045 2063
8,41,CG-MOACO,area_s5_t300,0.34925093632958804,1535.8677665908554,1.624807680927192,3 9 38 43 55 80 86 98 102 105 106 114 129 137 148 152 155 159 173 175 176 178 180 182 189 202 251 252 257 270 292 306 312 326 369 377 379 386 412 415 420 440 442 448 464 467 469 480 485 494 496 545 554 558 562 593 602 606 608 626 638 650 654 675 700 705 716 719 722 747 776 807 808 825 842 858 868 875 878 887 910 913 917 978 982 1007 1020 1024 1037 1039 1041 1062 1070 1086 1104 1123 1127 1128 1139 1143 1158 1175 1199 1204 1205 1221 1227 1231 1237 1264 1266 1288 1318 1323 1327 1334 1339 1344 1353 1361 1370 1383 1392 1394 1419 1422 1423 1455 1457 1482 1524 1528 1529 1571 1573 1583 1584 1594 1602 1603 1605 1615 1645 1647 1649 1652 1654 1672 1700 1711 1718 1720 1756 1779 1785 1787 1806 1823 1839 1840 1854 1860 1865 1866 1877 1888 1919 1923 1959 1961 1963 1966 1967 1984 2005 2009 2026 2028 2032 2038 2049 2058 2063
8,42,CG-MOACO,area_s5_t300,0.30805243445692887,1613.4137664197685,0.8944271909999159,1 19 31 47 59 80 86 94 99 102 110 112 120 129 133 137 155 166 172 175 176 180 181 186 191 196 220 236 249 252 257 278 308 311 336 355 362 371 379 395 415 440 449 450 490 495 508 515 525 553 554 559 562 565 578 593 613 626 638 648 650 654 677 691 700 734 740 747 750 760 766 771 790 802 804 806 815 825 840 842 862 867 868 875 885 900 910 917 941 948 954 958 982 1008 1016 1024 1028 1036 1039 1056 1060 1070 1081 1086 1105 1127 1128 1137 1143 1158 1175 1184 1189 1199 1202 1205 1237 1244 1259 1264 1278 1296 1318 1323 1336 1339 1359 1364 1367 1375 1376 1383 1398 1403 1404 1412 1419 1422 1424 1426 1430 1434 1440 1457 1469 1524 1529 1544 1565 1568 1605 1637 1645 1648 1650 1652 1700 1708 1710 1711 1718 1720 1723 1738 1747 1749 1756 1777 1797 1815 1825 1878 1888 1893 1928 1940 1944 1952 1962 1963 1964 1976 1983 1986 1989 1991 2001 2006 2018 2025 2037 2039 2057 2063 2082
8,43,CG-MOACO,area_s5_t300,0.2780898876404494,1663.31636280971,1.7435595774162693,1 19 31 38 47 78 80 90 97 99 102 105 107 132 137 143 157 159 170 175 178 179 187 191 215 220 252 261 278 284 285 289 292 311 317 334 336 371 386 392 403 413 415 450 458 461 465 475 485 486 495 500 501 504 508 528 558 560 562 578 580 586 591 593 605 611 612 641 648 654 676 677 685 700 708 719 722 734 741 771 860 862 885 905 910 929 943 946 955 978 980 1001 1017 1019 1024 1026 1039 1062 1064 1070 1073 1077 1086 1089 1105 1129 1143 1158 1164 1170 1187 1188 1199 1202 1212 1221 1223 1234 1237 1259 1262 1264 1274 1279 1292 1300 1304 1314 1318 1339 1361 1370 1377 1384 1403 1416 1419 1422 1434 1435 1440 1458 1469 1480 1483 1490 1524 1529 1544 1551 1565 1571 1590 1599 1614 1616 1618 1641 1645 1652 1654 1658 1685 1718 1734 1747 1756 1780 1782 1789 1792 1793 1797 1808 1813 1815 1818 1823 1827 1845 1854 1882 1888 1897 1901 1926 1928 1940 1963 1983 1987 1989 2006 2008 2018 2026 2027 2036 2037 2045 2058 2063 2073
8,44,CG-MOACO,area_s5_t300,0.28043071161048694,1661.2228311779074,0.4,9 24 31 59 78 86 91 98 102 109 115 129 132 137 148 152 153 157 165 175 176 200 218 220 226 230 232 252 256 261 265 270 290 307 311 317 334 338 362 365 370 424 440 450 453 465 477 485 489 510 528 537 543 554 584 589 605 607 615 626 648 659 694 708 735 740 749 760 762 764 771 773 775 776 790 796 802 808 812 815 825 831 847 860 871 885 910 911 917 936 941 943 973 978 980 987 1001 1012 1037 1056 1062 1064 1068 1070 1077 1089 1107 1108 1127 1129 1137 1143 1158 1170 1183 1187 1199 1202 1221 1222 1234 1237 1262 1264 1278 1294 1296 1299 1304 1318 1330 1336 1339 1354 1360 1375 1376 1378 1383 1397 1412 1419 1423 1426 1434 1435 1440 1449 1453 1469 1478 1483 1518 1524 1529 1531 1544 1565 1576 1584 1645 1652 1654 1670 1672 1708 1718 1734 1747 1756 1766 1787 1797 1808 1813 1815 1818 1823 1840 1842 1845 1849 1852 1854 1856 1860 1867 1882 1883 1901 1928 1937 1940 1983 1989 2005 2018 2023 2037 2045 2058 2063 2080 2083
8,45,CG-MOACO,area_s5_t300,0.2823033707865169,1644.245079945408,1.4966629547095767,1 7 31 38 42 47 55 71 78 80 91 98 99 114 132 137 143 153 175 176 178 180 220 251 252 285 289 292 300 306 311 314 317 333 338 369 379 391 395 404 413 415 432 437 440 450 458 464 475 481 504 544 560 562 593 601 604 605 611 615 626 648 654 676 677 691 705 708 719 734 740 745 749 760 771 776 790 802 815 825 860 862 897 910 913 917 929 956 958 977 980 994 996 1021 1036 1039 1062 1064 1077 1086 1089 1096 1104 1122 1127 1137 1143 1168 1174 1183 1184 1187 1189 1199 1204 1205 1222 1224 1236 1258 1262 1264 1278 1297 1310 1318 1323 1334 1339 1361 1367 1370 1375 1383 1385 1392 1394 1398 1403 1411 1412 1419 1423 1434 1440 1457 1461 1480 1483 1490 1529 1544 1559 1584 1618 1645 1649 1652 1654 1670 1672 1708 1711 1720 1734 1736 1755 1769 1773 1779 1787 1789 1797 1823 1839 1840 1842 1845 1857 1860 1867 1868 1878 1882 1932 1938 1953 1963 1967 1983 1989 2006 2008 2018 2023 2026 2027 2036 2037 2045 2058 2063
8,46,CG-MOACO,area_s5_t300,0.30945692883895126,1596.0763668699908,2.0591260281974,1 15 19 31 38 46 78 80 91 102 114 143 152 153 155 170 175 176 178 180 189 196 252 257 260 270 285 290 292 311 317 334 335 359 362 371 379 380 393 398 426 438 440 457 480 486 536 558 559 562 578 593 615 626 638 648 650 654 656 658 676 685 692 700 708 716 719 734 740 766 771 802 806 821 825 831 860 862 885 902 905 907 911 917 925 958 978 982 991 1012 1016 1022 1026 1032 1036 1039 1041 1051 1062 1086 1089 1127 1128 1136 1137 1143 1150 1158 1167 1172 1187 1199 1202 1223 1228 1244 1258 1264 1279 1296 1299 1300 1318 1320 1339 1354 1359 1361 1369 1375 1376 1384 1387 1391 1394 1412 1419 1434 1435 1448 1455 1524 1529 1531 1544 1559 1571 1584 1596 1614 1616 1645 1652 1654 1673 1710 1711 1718 1720 1745 1747 1752 1756 1766 1779 1787 1797 1800 1809 1811 1818 1823 1835 1842 1845 1854 1860 1882 1896 1909 1911 1919 1926 1928 1937 1963 1983 1995 2036 2037 2049 2057 2063
8,47,CG-MOACO,area_s5_t300,0.32069288389513106,1560.4585196914927,2.449489742783178,1 9 31 38 47 78 80 91 98 101 102 129 132 137 142 150 153 175 176 178 252 257 270 289 310 316 331 348 355 362 371 379 386 403 412 420 449 450 465 467 475 477 484 495 500 528 529 533 537 579 589 593 606 632 644 648 675 687 700 719 735 740 747 766 771 775 776 807 808 812 825 862 885 894 905 910 917 929 946 978 982 995 1001 1016 1017 1019 1020 1021 1024 1026 1039 1041 1060 1064 1068 1070 1086 1089 1105 1127 1129 1133 1143 1164 1175 1189 1199 1221 1231 1237 1259 1262 1264 1266 1274 1276 1278 1296 1297 1304 1339 1340 1353 1360 1385 1403 1404 1412 1415 1434 1435 1440 1456 1469 1480 1490 1496 1524 1529 1534 1565 1571 1582 1608 1614 1616 1645 1652 1659 1701 1708 1717 1733 1744 1756 1775 1777 1792 1797 1802 1808 1815 1820 1839 1842 1845 1860 1883 1889 1901 1924 1928 1937 1940 1954 1959 1962 1963 1967 1976 1983 2006 2008 2018 2023 2045 2046 2055 2057 2063
8,48,CG-MOACO,area_s5_t300,0.2485955056179775,1762.0651030991153,2.3151673805580453,1 9 19 38 47 68 71 77 78 80 91 99 102 105 106 111 132 137 143 174 175 176 182 191 219 252 257 260 270 278 285 292 306 308 310 324 336 337 356 369 379 395 398 411 415 420 429 440 449 450 456 458 465 475 477 480 497 528 532 537 544 562 578 589 593 603 605 613 626 648 650 654 671 676 678 700 716 719 734 741 747 760 776 784 790 797 802 804 808 833 851 853 862 868 879 894 910 913 915 917 929 936 941 952 958 971 978 982 994 1017 1018 1020 1024 1032 1039 1041 1056 1062 1105 1107 1126 1128 1143 1170 1187 1199 1221 1223 1237 1262 1264 1280 1291 1296 1308 1323 1334 1339 1346 1350 1364 1375 1383 1385 1403 1404 1412 1419 1422 1423 1429 1434 1435 1440 1469 1482 1490 1496 1524 1528 1529 1544 1549 1565 1580 1599 1603 1645 1648 1652 1660 1671 1689 1708 1718 1734 1747 1749 1756 1777 1787 1793 1797 1808 1813 1815 1818 1829 1835 1840 1854 1860 1882 1888 1889 1901 1902 1922 1924 1940 1959 1963 1965 1976 1999 2008 2018 2023 2025 2038 2046 2055 2058 2063 2076 2083
8,49,CG-MOACO,area_s5_t300,0.2640449438202247,1697.15602184602,3.6110940170535577,1 9 17 38 40 47 55 59 65 80 91 102 106 137 148 172 175 176 179 182 200 219 220 252 257 270 278 285 306 307 308 311 317 325 331 336 348 369 379 391 395 398 403 432 438 440 450 456 461 477 480 488 503 525 528 533 537 543 562 593 605 608 626 648 650 654 710 712 734 740 747 760 771 772 775 790 802 829 836 842 858 860 862 910 911 913 917 928 929 957 959 966 967 978 980 999 1001 1012 1018 1021 1024 1028 1036 1045 1060 1070 1086 1089 1091 1105 1123 1127 1137 1143 1164 1173 1187 1199 1204 1205 1223 1224 1278 1296 1300 1304 1323 1334 1339 1350 1370 1372 1376 1383 1385 1403 1411 1412 1419 1423 1434 1440 1453 1457 1469 1478 1483 1490 1496 1524 1526 1528 1529 1544 1565 1571 1576 1599 1612 1645 1652 1654 1672 1711 1718 1726 1734 1738 1756 1781 1792 1797 1808 1815 1818 1823 1827 1839 1840 1842 1845 1854 1858 1860 1882 1888 1901 1909 1926 1928 1959 1963 1965 1967 1969 1983 1987 1988 2016 2018 2027 2037 2040 2045 2058 2063 2080
8,50,CG-MOACO,area_s5_t300,0.25795880149812733,1723.1198901826513,1.3564659966250538,1 9 28 38 42 55 71 78 80 91 98 102 106 111 132 137 143 153 175 176 178 182 189 190 219 230 242 252 257 258 285 292 310 316 331 334 348 391 398 403 415 420 440 450 458 464 465 467 475 480 483 503 506 528 537 544 562 578 589 593 605 606 607 613 615 626 650 654 678 708 716 719 741 760 771 772 784 790 796 802 804 808 825 858 860 862 910 911 928 929 941 943 958 977 982 994 1001 1018 1020 1036 1039 1041 1053 1058 1062 1070 1073 1086 1089 1091 1104 1105 1126 1137 1143 1149 1162 1183 1187 1199 1202 1204 1205 1223 1228 1258 1262 1264 1266 1299 1320 1323 1334 1339 1361 1370 1376 1378 1385 1394 1395 1398 1401 1403 1412 1419 1422 1423 1426 1434 1436 1455 1457 1479 1520 1526 1529 1535 1544 1554 1559 1565 1577 1584 1590 1605 1645 1649 1652 1670 1708 1717 1720 1733 1746 1747 1756 1787 1797 1802 1808 1811 1812 1835 1840 1845 1860 1865 1878 1882 1888 1901 1916 1924 1940 1942 1954 1963 1966 1983 2006 2018 2023 2027 2037 2039 2045 2046 2058 2063 2082 2083
8,51,CG-MOACO,area_s5_t300,0.25468164794007486,1734.2435646114598,2.8284271247461903,1 9 49 55 59 65 77 78 80 86 91 99 102 106 129 137 141 152 165 172 175 176 180 182 189 215 220 252 257 259 264 270 273 275 281 285 290 308 317 334 358 370 379 413 415 420 432 438 440 450 461 479 528 543 545 554 593 605 613 615 676 685 691 708 715 716 719 727 734 740 745 760 762 765 771 776 790 802 808 812 815 857 858 860 862 902 910 911 919 929 958 978 982 999 1017 1020 1026 1028 1036 1039 1048 1062 1070 1078 1086 1089 1104 1105 1117 1127 1137 1139 1173 1183 1187 1199 1202 1205 1221 1223 1234 1237 1262 1264 1292 1296 1299 1304 1323 1334 1336 1338 1339 1350 1361 1369 1370 1375 1376 1378 1383 1386 1389 1402 1408 1412 1419 1423 1434 1435 1442 1469 1483 1487 1490 1493 1529 1544 1554 1565 1574 1584 1606 1612 1645 1652 1654 1670 1671 1673 1697 1708 1718 1720 1726 1747 1756 1780 1787 1789 1797 1808 1815 1820 1823 1840 1842 1854 1860 1882 1884 1901 1918 1923 1928 1937 1940 1963 1983 2001 2008 2018 2023 2037 2045 2047 2049 2057 2063 2080
8,52,CG-MOACO,area_s5_t300,0.31835205992509363,1577.720115676186,1.624807680927192,9 19 55 64 80 89 98 105 112 115 132 137 153 155 167 175 176 178 179 184 187 189 191 206 215 252 273 275 284 317 322 326 334 341 370 379 391 404 412 415 437 440 465 475 484 496 497 508 525 537 544 554 560 583 591 593 606 613 622 629 648 650 651 700 701 705 708 716 719 731 760 771 772 790 802 812 814 858 860 867 878 902 910 911 915 928 929 978 982 994 1001 1017 1024 1036 1039 1062 1068 1070 1077 1086 1090 1091 1105 1127 1137 1139 1143 1154 1162 1175 1183 1187 1199 1202 1205 1222 1224 1243 1262 1264 1278 1288 1297 1318 1323 1330 1334 1336 1338 1367 1370 1376 1378 1384 1394 1402 1403 1412 1415 1419 1422 1423 1435 1448 1455 1482 1504 1528 1529 1544 1554 1565 1626 1645 1648 1652 1672 1701 1705 1718 1720 1735 1750 1756 1773 1777 1787 1797 1808 1812 1823 1839 1854 1866 1882 1901 1909 1923 1937 1962 1963 1964 1983 2006 2014 2023 2025 2036 2038 2039 2058 2063
8,53,CG-MOACO,area_s5_t300,0.33099250936329583,1565.433807640905,1.3564659966250538,7 9 19 47 55 80 87 99 102 105 106 110 118 132 139 148 153 175 180 182 191 200 220 241 247 252 260 292 308 310 317 326 334 356 371 376 379 393 398 414 426 440 445 449 450 475 497 509 510 525 528 530 536 544 562 578 589 593 613 625 637 648 654 687 700 708 731 734 740 749 760 772 775 790 802 829 853 857 860 867 875 896 910 917 929 941 946 949 967 980 1016 1017 1024 1032 1039 1054 1062 1086 1091 1105 1109 1126 1134 1143 1164 1175 1199 1202 1221 1222 1228 1264 1310 1318 1323 1334 1350 1383 1385 1391 1395 1403 1404 1411 1412 1418 1423 1427 1430 1434 1435 1440 1469 1483 1490 1502 1520 1524 1529 1544 1559 1567 1580 1607 1616 1645 1649 1652 1654 1672 1693 1700 1708 1710 1711 1720 1734 1745 1750 1756 1797 1809 1815 1825 1827 1835 1840 1842 1845 1860 1882 1888 1923 1932 1937 1940 1954 1962 1963 1964 1991 2005 2015 2027 2028 2058 2063
8,54,CG-MOACO,area_s5_t300,0.3216292134831461,1571.6564468704453,1.7888543819998317,1 9 55 59 68 77 78 80 98 99 102 129 152 153 165 173 175 179 182 191 219 220 245 252 257 270 284 289 306 307 308 311 315 336 356 362 370 379 398 412 432 440 443 458 461 465 486 504 561 580 583 594 605 606 611 612 615 626 632 638 641 648 656 671 693 712 716 747 760 773 775 776 790 802 806 807 825 841 858 860 862 877 902 910 911 917 929 948 958 961 967 973 980 999 1001 1017 1039 1056 1062 1064 1105 1117 1127 1144 1149 1158 1170 1175 1187 1198 1202 1205 1224 1228 1237 1243 1262 1264 1290 1304 1318 1336 1339 1359 1367 1372 1383 1385 1391 1406 1411 1412 1416 1423 1434 1440 1455 1457 1483 1496 1524 1529 1531 1544 1565 1578 1599 1608 1616 1645 1652 1700 1706 1720 1735 1747 1749 1756 1757 1775 1779 1780 1782 1793 1797 1806 1809 1811 1815 1823 1842 1854 1860 1882 1888 1896 1937 1945 1954 1963 1983 2006 2008 2014 2026 2044 2049 2057 2063 2076
8,55,CG-MOACO,area_s5_t300,0.28464419475655434,1640.5055884615083,2.6076809620810595,1 23 38 42 47 55 65 80 91 99 102 106 111 114 132 137 175 176 179 182 186 191 200 214 215 219 220 245 252 257 278 288 289 292 308 355 379 391 398 411 415 432 440 443 450 458 464 465 480 486 525 537 544 545 562 588 593 612 615 638 643 675 691 716 719 723 747 771 772 776 802 807 808 825 829 858 860 878 897 900 910 911 917 929 941 943 946 954 967 978 980 994 1017 1028 1039 1062 1064 1073 1086 1089 1105 1127 1128 1137 1143 1149 1154 1158 1162 1170 1175 1199 1202 1204 1205 1228 1237 1259 1262 1264 1297 1314 1335 1339 1350 1370 1375 1376 1383 1391 1394 1395 1401 1403 1411 1412 1419 1422 1424 1434 1440 1453 1469 1483 1487 1490 1520 1524 1528 1529 1544 1559 1584 1605 1614 1616 1645 1648 1652 1658 1718 1732 1738 1751 1756 1779 1797 1818 1823 1827 1834 1835 1839 1840 1851 1854 1860 1866 1882 1884 1888 1922 1926 1961 1967 1976 1983 1995 1999 2001 2006 2008 2018 2023 2027 2037 2045 2058 2063 2080
8,56,CG-MOACO,area_s5_t300,0.26357677902621723,1706.1663232844494,2.3151673805580453,9 19 31 38 47 80 86 99 102 105 114 132 137 152 153 170 175 176 178 196 206 215 218 220 226 230 252 257 258 261 264 284 285 290 292 305 311 317 334 344 348 362 371 395 415 440 449 450 458 461 472 480 508 523 525 528 537 543 554 560 562 589 591 593 602 605 613 638 641 648 654 700 708 719 734 741 760 771 775 790 795 797 802 806 815 862 868 871 910 911 913 917 925 946 978 982 994 1001 1007 1020 1024 1062 1064 1081 1086 1089 1104 1105 1127 1137 1143 1158 1162 1164 1175 1187 1188 1199 1202 1205 1222 1224 1234 1237 1243 1245 1259 1262 1264 1278 1304 1311 1318 1330 1339 1354 1370 1376 1378 1383 1385 1398 1412 1414 1419 1422 1426 1434 1437 1440 1457 1483 1490 1518 1520 1524 1526 1529 1544 1601 1614 1645 1648 1652 1708 1711 1718 1720 1734 1738 1756 1784 1792 1797 1800 1808 1812 1815 1823 1829 1836 1839 1840 1845 1854 1865 1882 1888 1896 1909 1923 1928 1937 1940 1953 1963 1967 1983 1988 1995 2006 2008 2023 2027 2028 2045 2057 2063 2083
8,57,CG-MOACO,area_s5_t300,0.2949438202247191,1608.8239174889034,2.1540659228538015,1 46 55 59 78 80 98 99 102 111 114 118 129 137 152 175 176 178 180 182 186 187 214 219 252 257 270 278 284 285 292 310 317 324 334 362 370 379 386 412 415 445 458 464 465 484 500 507 508 513 528 541 555 558 559 562 593 602 607 613 617 626 659 675 678 699 700 719 729 734 740 771 775 806 812 825 841 842 847 858 860 910 929 967 978 982 991 994 1016 1018 1024 1039 1041 1056 1062 1064 1068 1086 1089 1127 1128 1137 1143 1158 1162 1172 1183 1185 1187 1189 1191 1199 1202 1205 1223 1224 1237 1264 1276 1278 1288 1289 1296 1318 1323 1339 1347 1361 1370 1372 1373 1385 1398 1412 1422 1426 1440 1448 1455 1457 1469 1483 1524 1528 1529 1559 1565 1571 1584 1587 1608 1645 1649 1652 1654 1658 1660 1683 1700 1705 1708 1718 1720 1734 1735 1756 1769 1774 1793 1797 1802 1805 1808 1813 1823 1827 1829 1835 1839 1845 1882 1888 1901 1922 1924 1963 1964 1983 1989 2008 2023 2025 2027 2045 2058 2063 2073
8,58,CG-MOACO,area_s5_t300,0.33520599250936334,1576.7926899705847,1.0954451150103321,9 31 38 47 59 80 91 102 120 129 132 152 158 165 172 175 180 189 210 219 247 252 257 275 278 290 307 308 316 324 334 358 379 392 398 410 414 415 450 456 458 472 477 497 503 515 528 555 558 562 580 593 605 608 611 613 617 654 676 677 685 700 708 734 741 745 749 760 783 790 802 806 853 860 862 879 905 910 919 927 929 941 943 958 978 980 1012 1024 1036 1039 1041 1056 1062 1064 1073 1086 1126 1128 1139 1143 1152 1172 1187 1202 1204 1223 1228 1237 1244 1264 1268 1278 1300 1310 1318 1320 1323 1334 1335 1339 1361 1370 1378 1385 1392 1401 1412 1423 1430 1434 1436 1482 1524 1529 1534 1544 1559 1566 1571 1584 1590 1599 1608 1618 1645 1647 1649 1652 1660 1672 1674 1685 1704 1711 1734 1747 1756 1769 1773 1780 1789 1797 1802 1809 1811 1823 1827 1842 1845 1860 1882 1888 1896 1937 1960 1962 1963 1983 1989 2023 2027 2036 2044 2058 2063
8,59,CG-MOACO,area_s5_t300,0.28558052434456926,1653.7556041881314,0.7483314773547882,1 19 26 31 38 47 55 80 99 102 106 113 114 129 134 172 175 176 178 180 189 202 215 219 248 251 252 257 270 275 278 284 285 289 306 317 354 369 379 398 411 415 438 449 450 461 467 474 480 532 537 554 559 562 566 578 580 589 592 593 602 615 617 643 648 654 675 700 705 716 719 734 741 747 771 776 784 802 804 806 811 825 840 857 862 910 915 917 929 980 1007 1016 1017 1020 1034 1039 1060 1064 1070 1081 1086 1089 1105 1117 1123 1127 1129 1137 1139 1143 1158 1162 1164 1171 1175 1188 1199 1205 1222 1224 1236 1237 1261 1264 1304 1318 1323 1326 1334 1336 1339 1347 1350 1370 1376 1383 1385 1394 1395 1399 1403 1411 1412 1416 1419 1423 1426 1434 1457 1469 1482 1490 1511 1524 1528 1529 1544 1571 1605 1645 1649 1673 1701 1708 1711 1717 1720 1738 1747 1756 1775 1787 1797 1808 1809 1810 1812 1823 1842 1845 1854 1860 1882 1894 1901 1940 1963 1983 1987 1996 2005 2008 2025 2027 2028 2045 2057 2063 2065 2076 2083
8,60,CG-MOACO,area_s5_t300,0.2640449438202247,1699.8008320820281,3.006659275674582,1 5 19 26 38 46 55 71 80 83 87 102 105 106 137 143 153 157 172 175 176 182 190 196 215 218 226 230 252 257 258 260 270 277 308 317 334 336 341 350 359 371 379 398 415 420 438 442 449 450 475 484 495 497 508 510 528 537 543 544 560 562 583 589 593 605 613 648 654 676 685 700 708 719 734 741 760 762 771 790 802 825 829 840 842 862 868 902 910 917 925 929 939 978 980 991 1001 1007 1024 1036 1039 1041 1060 1064 1070 1077 1086 1089 1104 1105 1117 1127 1137 1139 1143 1158 1164 1174 1183 1187 1199 1202 1221 1223 1224 1228 1234 1237 1243 1264 1292 1304 1318 1323 1334 1339 1353 1367 1370 1385 1390 1395 1399 1403 1412 1422 1423 1427 1429 1434 1440 1448 1455 1457 1480 1483 1495 1541 1544 1554 1566 1606 1615 1616 1645 1649 1652 1691 1705 1708 1718 1720 1735 1738 1756 1775 1777 1782 1787 1793 1797 1802 1806 1808 1812 1815 1823 1836 1839 1860 1882 1888 1896 1901 1928 1937 1940 1959 1962 1963 1983 1988 2005 2008 2023 2038 2057 2063
8,61,CG-MOACO,area_s5_t300,0.26170411985018727,1719.3720446734778,1.6733200530681511,1 9 31 47 77 80 83 86 98 102 105 114 120 131 132 137 141 153 165 167 175 178 181 191 206 220 227 236 248 252 257 265 285 292 307 311 317 319 334 336 362 379 420 440 442 449 458 480 489 497 508 527 528 537 560 571 589 593 606 613 615 626 632 650 654 678 700 708 754 760 771 772 775 786 790 802 806 807 808 815 825 831 860 878 885 910 911 928 929 934 936 942 954 957 967 973 978 980 1001 1017 1028 1039 1054 1060 1070 1089 1091 1104 1105 1107 1115 1127 1137 1143 1175 1183 1187 1191 1199 1202 1205 1228 1234 1262 1264 1266 1290 1292 1297 1304 1314 1318 1323 1339 1367 1370 1375 1376 1394 1403 1412 1414 1419 1423 1434 1435 1440 1448 1458 1487 1490 1502 1520 1524 1528 1529 1544 1553 1565 1580 1584 1616 1618 1645 1649 1652 1654 1660 1670 1711 1718 1734 1738 1743 1747 1753 1756 1769 1797 1802 1808 1818 1823 1827 1836 1842 1845 1860 1888 1896 1901 1937 1959 1963 1983 1986 1989 2005 2008 2009 2018 2023 2026 2027 2037 2045 2057 2061 2063 2083
8,62,CG-MOACO,area_s5_t300,0.2963483146067416,1623.0885014565308,1.3564659966250538,9 31 38 42 47 71 80 94 98 101 119 132 137 143 152 155 174 175 176 184 188 189 191 196 220 240 252 257 260 270 285 317 328 334 338 348 371 379 395 413 415 420 440 448 464 465 475 479 496 527 528 537 543 558 561 562 593 612 615 616 626 648 656 675 685 700 708 716 734 749 771 772 776 802 806 814 827 846 860 862 890 897 910 911 920 928 929 936 957 982 991 999 1001 1037 1039 1055 1068 1085 1086 1089 1104 1127 1137 1139 1143 1150 1164 1173 1183 1187 1202 1205 1223 1224 1234 1236 1237 1245 1254 1256 1258 1259 1262 1264 1278 1308 1318 1323 1336 1339 1340 1378 1385 1392 1404 1405 1412 1418 1422 1425 1435 1448 1483 1486 1490 1496 1524 1529 1535 1549 1565 1571 1580 1587 1617 1650 1652 1660 1703 1708 1718 1734 1753 1756 1773 1780 1785 1787 1792 1793 1797 1808 1815 1818 1836 1839 1845 1882 1884 1888 1896 1901 1928 1937 1940 1963 1965 1967 1980 1983 1991 2023 2027 2036 2045 2046 2058 2063
8,63,CG-MOACO,area_s5_t300,0.3061797752808989,1604.282144392747,2.6832815729997477,1 38 47 78 80 90 91 98 99 102 106 114 121 129 142 143 155 165 175 178 180 182 189 191 196 202 219 247 251 252 265 270 278 285 292 310 334 379 411 415 420 437 440 449 458 464 475 501 504 532 545 559 562 593 626 627 641 654 676 698 700 734 741 745 750 771 773 776 802 806 807 825 829 862 868 871 885 910 913 929 938 941 958 976 978 1016 1018 1024 1028 1032 1037 1042 1054 1062 1064 1077 1089 1108 1122 1123 1126 1128 1137 1143 1156 1162 1168 1173 1183 1199 1229 1230 1237 1262 1264 1266 1279 1288 1296 1316 1318 1323 1334 1339 1361 1376 1384 1387 1398 1403 1404 1411 1419 1423 1435 1448 1453 1469 1490 1524 1529 1544 1559 1562 1565 1571 1602 1606 1615 1618 1645 1648 1652 1660 1672 1689 1703 1708 1711 1718 1720 1726 1734 1747 1756 1769 1777 1787 1797 1808 1835 1840 1842 1845 1860 1882 1888 1900 1911 1932 1935 1954 1963 1983 1989 1991 1999 2006 2008 2023 2026 2038 2058 2063 2080
8,64,CG-MOACO,area_s5_t300,0.32677902621722843,1587.679065290236,1.4142135623730951,9 31 47 55 61 68 80 86 99 102 106 110 114 137 142 153 165 174 175 176 179 200 215 252 260 261 270 273 284 285 292 308 317 324 332 356 411 440 445 450 452 458 461 480 486 528 532 537 544 545 560 562 566 580 593 606 608 613 615 629 650 664 671 676 678 712 747 749 760 772 775 776 790 796 802 812 825 841 847 868 902 907 910 917 921 929 952 967 982 990 1001 1012 1016 1019 1026 1032 1036 1052 1062 1068 1089 1105 1115 1123 1127 1137 1139 1143 1175 1199 1221 1222 1237 1256 1262 1264 1278 1318 1331 1337 1339 1350 1361 1372 1375 1376 1383 1394 1403 1408 1412 1422 1423 1434 1435 1440 1465 1480 1482 1487 1490 1529 1531 1544 1565 1571 1584 1615 1645 1647 1649 1652 1660 1700 1708 1711 1717 1744 1747 1756 1797 1805 1808 1811 1823 1827 1835 1845 1860 1888 1896 1900 1922 1924 1937 1940 1963 1984 1989 1991 2008 2009 2026 2027 2028 2038 2057 2063 2073 2083
8,65,CG-MOACO,area_s5_t300,0.27855805243445697,1668.9670383963708,0.9797958971132712,1 9 38 40 42 47 61 80 91 98 99 101 102 114 137 148 152 158 175 176 178 182 188 189 190 196 206 252 257 264 270 278 285 292 311 316 355 362 371 379 391 395 415 419 429 449 461 465 475 490 496 500 504 510 528 532 544 562 580 583 589 593 605 613 626 637 648 650 676 678 700 708 734 740 745 760 767 771 772 776 790 807 846 853 854 860 862 885 892 905 910 929 941 946 947 952 954 958 967 978 980 1001 1007 1024 1036 1039 1052 1062 1068 1070 1089 1126 1129 1137 1143 1175 1182 1183 1199 1225 1231 1234 1237 1243 1259 1262 1264 1278 1304 1306 1320 1323 1339 1343 1347 1360 1361 1370 1376 1385 1386 1392 1412 1419 1422 1425 1426 1448 1457 1482 1524 1528 1529 1534 1544 1565 1571 1582 1584 1618 1645 1647 1649 1652 1677 1708 1717 1756 1792 1797 1808 1815 1819 1827 1839 1882 1888 1896 1902 1923 1928 1940 1951 1959 1963 1965 1967 1983 1987 1989 1991 2006 2008 2016 2018 2025 2036 2037 2045 2046 2047 2058 2063 2083
8,66,CG-MOACO,area_s5_t300,0.26919475655430714,1691.3322422973486,1.4142135623730951,1 9 15 38 55 68 71 78 80 87 99 102 105 106 125 132 137 144 170 175 176 178 182 191 196 218 220 252 257 259 270 278 311 315 317 334 344 348 371 379 398 411 412 415 440 442 449 450 458 461 465 475 480 514 525 528 537 543 562 571 579 593 613 615 626 643 648 685 700 708 716 719 734 740 750 760 771 772 776 790 802 806 808 812 825 858 868 878 889 910 917 957 966 967 980 1009 1019 1026 1028 1036 1062 1064 1069 1070 1086 1089 1092 1105 1108 1117 1127 1128 1137 1158 1173 1183 1184 1187 1199 1202 1205 1223 1236 1237 1258 1259 1262 1264 1268 1292 1296 1299 1304 1319 1323 1336 1339 1362 1367 1375 1376 1385 1395 1401 1403 1404 1406 1412 1419 1426 1434 1436 1440 1448 1457 1482 1495 1524 1544 1549 1582 1605 1612 1645 1652 1658 1660 1670 1718 1734 1756 1768 1769 1781 1787 1797 1802 1808 1811 1835 1839 1842 1866 1882 1888 1896 1901 1937 1961 1965 1967 1983 1995 2001 2006 2008 2023 2037 2045 2046 2047 2049 2058 2063 2080
8,67,CG-MOACO,area_s5_t300,0.2640449438202247,1701.2334828712376,1.4966629547095767,9 19 31 38 47 55 59 78 80 91 97 99 102 106 114 132 137 148 152 153 156 175 176 178 180 215 219 220 232 252 257 261 263 270 285 307 311 317 333 344 369 395 398 412 420 440 448 450 458 465 466 497 506 528 532 537 543 544 545 550 554 558 562 591 593 605 608 613 615 624 638 654 676 700 708 729 734 740 745 760 771 772 775 776 802 825 840 868 877 896 910 913 929 946 978 982 1012 1026 1039 1062 1064 1070 1077 1086 1089 1104 1105 1107 1108 1115 1117 1127 1128 1133 1137 1143 1170 1175 1183 1187 1199 1204 1213 1221 1222 1237 1262 1264 1278 1297 1304 1318 1323 1330 1334 1339 1340 1361 1370 1376 1378 1384 1394 1398 1416 1419 1423 1425 1435 1440 1448 1469 1483 1490 1524 1528 1529 1562 1565 1582 1584 1618 1638 1645 1652 1654 1656 1673 1683 1700 1718 1720 1734 1756 1782 1792 1797 1808 1813 1823 1827 1839 1840 1842 1845 1854 1860 1865 1882 1883 1889 1909 1916 1923 1951 1963 1967 1971 1983 2001 2006 2008 2023 2026 2045 2054 2057 2063
8,68,CG-MOACO,area_s5_t300,0.27340823970037453,1693.5393700828788,1.16619037896906,9 20 28 38 68 77 80 102 111 114 117 120 129 132 136 137 143 148 175 176 178 182 191 219 220 226 230 249 252 257 259 270 278 284 285 311 315 317 334 362 378 415 420 437 440 449 450 456 458 465 480 497 514 537 543 571 584 589 593 603 605 615 617 626 648 650 676 678 700 708 716 734 737 740 760 762 771 776 790 802 808 812 825 858 860 862 877 885 890 908 910 911 918 929 941 973 978 980 991 1001 1020 1021 1037 1039 1062 1068 1078 1086 1089 1097 1114 1126 1137 1158 1162 1164 1175 1183 1187 1189 1199 1202 1205 1221 1231 1237 1259 1262 1264 1296 1304 1318 1323 1336 1360 1361 1370 1376 1378 1383 1385 1394 1395 1398 1403 1412 1415 1419 1434 1436 1437 1440 1469 1480 1483 1490 1528 1529 1544 1554 1565 1588 1605 1645 1648 1652 1656 1658 1671 1704 1718 1733 1735 1750 1751 1756 1766 1797 1813 1823 1827 1839 1842 1845 1868 1882 1883 1888 1901 1937 1940 1952 1963 1983 1991 2001 2008 2016 2023 2027 2058 2063 2069 2080 2082 2083
8,69,CG-MOACO,area_s5_t300,0.24250936329588013,1796.3931864958085,1.7888543819998317,0 9 47 55 59 67 80 102 106 111 118 132 137 147 152 158 165 175 176 178 182 189 191 215 218 226 230 252 257 263 264 270 278 284 285 292 311 313 326 334 344 370 379 395 415 440 449 450 458 464 465 467 477 503 530 562 580 583 589 593 603 608 617 630 637 643 648 678 698 700 708 716 719 731 734 741 749 760 771 772 777 784 790 802 804 806 807 814 825 842 853 857 862 868 910 919 925 957 958 967 978 980 994 1001 1016 1018 1024 1028 1036 1039 1042 1060 1064 1086 1089 1105 1127 1129 1137 1143 1158 1173 1183 1199 1202 1205 1224 1234 1237 1264 1268 1281 1290 1310 1318 1323 1327 1334 1336 1339 1352 1354 1370 1374 1375 1376 1378 1384 1392 1419 1423 1426 1434 1436 1448 1449 1483 1492 1495 1502 1524 1544 1559 1562 1584 1602 1606 1616 1645 1647 1649 1652 1654 1672 1701 1708 1735 1738 1747 1756 1757 1776 1779 1787 1797 1815 1818 1823 1835 1842 1854 1860 1882 1884 1888 1922 1924 1926 1928 1940 1944 1953 1963 1983 1999 2006 2016 2023 2025 2027 2038 2044 2058 2063 2083
8,70,CG-MOACO,area_s5_t300,0.25,1741.6260192187292,2.33238075793812,1 9 46 55 80 98 102 105 108 114 129 132 137 153 156 175 176 178 182 188 189 196 215 218 220 227 230 252 257 270 284 311 317 334 358 362 364 370 379 398 412 415 440 449 450 456 464 467 475 477 480 496 503 528 537 554 562 571 578 580 589 593 613 625 643 648 654 700 708 716 719 731 734 749 760 762 771 784 790 802 804 806 808 835 862 868 910 911 913 917 920 929 944 954 958 978 985 1016 1024 1026 1028 1032 1039 1059 1062 1064 1070 1077 1086 1089 1092 1117 1127 1128 1137 1143 1154 1158 1170 1172 1174 1183 1187 1199 1202 1223 1227 1237 1262 1264 1268 1278 1296 1299 1318 1320 1323 1330 1334 1339 1370 1375 1378 1385 1394 1395 1403 1412 1419 1422 1423 1424 1426 1434 1435 1441 1448 1469 1483 1524 1527 1529 1544 1559 1566 1584 1606 1616 1645 1647 1649 1652 1654 1660 1670 1672 1683 1697 1708 1711 1718 1734 1747 1756 1766 1773 1787 1797 1802 1808 1813 1818 1820 1823 1851 1882 1888 1901 1937 1961 1963 1965 1983 2006 2008 2023 2027 2037 2045 2058 2063 2065
8,71,CG-MOACO,area_s5_t300,0.32490636704119846,1590.5759694030953,1.019803902718557,1 7 31 38 46 59 80 99 102 106 114 122 148 157 170 175 178 180 186 187 196 200 214 220 247 257 260 278 288 290 292 310 317 334 371 379 415 440 450 465 469 496 497 508 528 562 586 591 593 604 605 613 618 641 648 650 654 676 694 700 708 716 740 749 760 771 773 790 797 802 807 808 815 823 829 846 868 878 879 894 898 905 907 910 911 929 941 943 956 959 967 977 980 1012 1018 1024 1039 1056 1060 1086 1097 1102 1105 1127 1143 1157 1173 1187 1199 1221 1237 1243 1257 1259 1262 1264 1274 1278 1296 1308 1336 1342 1350 1375 1378 1384 1403 1404 1412 1419 1422 1424 1434 1440 1453 1457 1469 1483 1490 1529 1544 1554 1559 1565 1599 1616 1642 1645 1647 1652 1658 1670 1700 1718 1720 1734 1750 1752 1756 1775 1777 1787 1793 1797 1808 1813 1815 1819 1839 1840 1867 1882 1924 1946 1959 1983 1991 2004 2005 2014 2017 2018 2025 2036 2037 2046 2058 2063
8,72,CG-MOACO,area_s5_t300,0.300561797752809,1628.0046134287254,1.0954451150103321,28 31 47 49 71 78 80 86 91 102 105 106 111 126 137 149 152 165 174 175 176 178 179 184 200 219 252 257 260 261 270 285 290 310 331 356 358 370 395 413 415 432 437 440 450 458 475 484 490 495 528 544 545 579 591 593 602 613 621 626 629 650 654 676 692 701 708 719 731 734 741 760 766 776 790 802 808 860 862 875 895 910 911 917 926 929 955 973 980 990 1001 1007 1017 1024 1026 1039 1054 1060 1078 1086 1104 1105 1127 1133 1137 1143 1164 1175 1187 1199 1202 1221 1222 1231 1234 1237 1242 1256 1257 1259 1262 1264 1290 1300 1304 1308 1316 1323 1336 1339 1353 1363 1373 1375 1376 1384 1393 1404 1405 1422 1440 1483 1496 1524 1528 1565 1577 1581 1582 1612 1615 1629 1645 1648 1649 1652 1656 1701 1717 1720 1747 1756 1775 1784 1787 1797 1806 1808 1812 1815 1831 1835 1854 1860 1866 1882 1888 1889 1901 1924 1928 1940 1963 1980 1983 1999 2006 2023 2025 2036 2038 2046 2049 2058 2063
8,73,CG-MOACO,area_s5_t300,0.25749063670411987,1735.1191348453006,2.1354156504062622,1 31 40 47 55 80 91 99 102 114 121 129 132 137 141 143 157 165 175 176 180 184 186 189 197 219 220 233 252 257 265 270 278 285 306 307 308 311 317 362 370 379 386 403 415 432 440 458 480 486 497 503 506 523 528 545 562 564 579 593 605 613 615 617 626 650 656 676 734 738 741 747 749 760 771 775 790 797 806 807 812 825 841 853 860 862 890 907 910 925 929 936 958 978 980 1012 1020 1028 1036 1039 1052 1062 1068 1089 1105 1107 1115 1117 1127 1137 1143 1155 1158 1168 1175 1183 1184 1187 1188 1199 1202 1205 1224 1237 1239 1262 1264 1279 1283 1288 1292 1296 1297 1300 1311 1318 1336 1338 1339 1366 1369 1370 1378 1380 1394 1395 1401 1412 1423 1430 1457 1482 1487 1490 1495 1524 1527 1544 1553 1584 1608 1614 1643 1645 1652 1654 1658 1660 1709 1711 1718 1725 1734 1738 1747 1756 1769 1787 1792 1793 1797 1802 1808 1818 1823 1836 1842 1845 1860 1882 1888 1896 1901 1937 1959 1963 1969 1983 1986 1989 1995 2006 2023 2025 2045 2049 2058 2063 2083
8,74,CG-MOACO,area_s5_t300,0.30243445692883897,1635.9546557193532,0.8944271909999159,1 9 31 47 59 80 83 102 120 132 137 152 153 175 176 185 189 191 218 220 221 226 231 252 257 270 292 307 308 311 316 325 334 348 362 370 379 391 398 409 432 440 450 477 484 486 490 496 508 528 533 537 544 545 562 580 591 593 611 615 622 626 638 641 654 668 681 693 708 716 740 749 760 771 775 790 802 807 808 825 840 862 885 910 915 927 929 936 954 967 980 1001 1017 1018 1026 1036 1039 1056 1060 1064 1070 1080 1086 1089 1091 1105 1129 1137 1143 1149 1158 1164 1175 1187 1189 1199 1202 1227 1236 1262 1264 1278 1289 1300 1318 1347 1350 1366 1370 1375 1383 1392 1394 1401 1411 1412 1419 1422 1426 1434 1455 1478 1483 1487 1496 1511 1528 1529 1532 1544 1551 1566 1576 1589 1618 1645 1654 1660 1673 1701 1704 1711 1718 1750 1753 1756 1769 1774 1777 1781 1797 1808 1818 1823 1835 1839 1849 1854 1860 1866 1874 1882 1952 1959 1965 1969 1983 2001 2023 2028 2057 2063 2076 2080 2083
8,75,CG-MOACO,area_s5_t300,0.28979400749063666,1651.9460635706919,0.6324555320336759,9 19 38 47 80 98 99 102 106 132 137 148 153 175 176 178 180 182 189 191 200 202 220 237 252 257 270 273 284 292 311 316 326 334 348 379 391 393 395 411 415 420 440 450 457 459 461 465 477 479 495 496 504 510 532 545 562 578 593 603 618 626 650 654 676 678 700 708 715 719 731 734 740 749 760 771 772 776 802 804 825 842 853 858 862 868 877 879 885 900 905 910 913 917 920 941 946 951 957 967 978 982 1024 1034 1036 1039 1073 1086 1105 1127 1143 1158 1164 1170 1173 1187 1196 1199 1205 1223 1237 1245 1264 1279 1318 1323 1339 1361 1364 1376 1383 1390 1394 1395 1403 1412 1419 1422 1423 1425 1426 1446 1453 1457 1469 1480 1483 1486 1487 1490 1527 1529 1531 1544 1554 1565 1606 1645 1648 1652 1673 1718 1726 1734 1747 1756 1768 1769 1777 1789 1797 1808 1812 1823 1829 1835 1840 1854 1858 1860 1866 1882 1901 1922 1926 1937 1961 1964 1983 1989 2006 2018 2023 2029 2037 2057 2063 2073 2080 2083
8,76,CG-MOACO,area_s5_t300,0.27996254681647936,1658.5466191589107,1.2,1 9 19 31 41 55 59 80 91 106 153 158 173 175 204 210 218 220 227 230 247 248 252 260 270 272 285 290 292 307 308 311 317 334 336 356 364 379 386 398 403 415 440 449 450 464 465 479 496 503 528 537 554 562 566 580 583 589 593 613 617 626 648 650 664 685 700 708 731 734 740 745 760 772 787 790 806 807 812 825 860 867 877 897 910 911 917 928 939 943 945 946 954 957 980 994 999 1001 1012 1017 1020 1029 1036 1039 1054 1062 1068 1086 1089 1091 1105 1109 1137 1143 1175 1183 1187 1199 1202 1211 1224 1260 1262 1264 1274 1280 1297 1318 1339 1350 1354 1361 1375 1376 1378 1383 1385 1391 1394 1403 1412 1414 1419 1422 1423 1434 1435 1440 1490 1529 1531 1544 1559 1567 1584 1616 1645 1649 1652 1654 1658 1691 1706 1718 1720 1734 1735 1745 1756 1769 1797 1805 1808 1809 1818 1821 1823 1827 1836 1839 1854 1860 1882 1888 1896 1901 1911 1926 1937 1963 1967 1978 1983 2006 2008 2015 2027 2036 2044 2058 2063 2083
8,77,CG-MOACO,area_s5_t300,0.31367041198501877,1582.3587258236907,2.870540018881465,31 38 46 59 78 80 90 98 99 102 106 114 132 152 153 174 175 180 191 220 221 247 252 257 261 270 273 284 285 292 308 310 317 325 334 336 344 395 398 410 413 426 429 432 440 458 465 480 486 497 537 543 545 553 579 593 613 615 617 626 632 650 654 659 708 716 719 731 734 760 771 775 776 790 795 797 802 806 808 831 860 862 877 890 907 910 911 913 921 929 941 943 957 958 967 973 977 980 994 1016 1032 1034 1039 1062 1086 1089 1105 1126 1129 1137 1143 1158 1173 1183 1187 1188 1199 1202 1223 1234 1237 1259 1264 1280 1299 1304 1308 1318 1339 1340 1376 1384 1399 1401 1404 1411 1412 1419 1430 1434 1440 1446 1448 1482 1490 1527 1529 1532 1541 1550 1565 1586 1645 1649 1652 1656 1667 1700 1718 1725 1734 1756 1775 1779 1787 1792 1797 1815 1835 1839 1842 1845 1854 1858 1860 1867 1889 1909 1924 1944 1963 1967 1983 1987 2008 2009 2014 2026 2046 2049 2057 2063
8,78,CG-MOACO,area_s5_t300,0.30383895131086147,1619.6267888329064,0.8944271909999159,1 24 38 47 59 68 78 90 102 106 109 114 117 132 159 165 175 179 182 191 196 200 220 247 249 252 270 278 284 285 288 310 317 334 371 379 391 395 415 440 445 450 456 458 464 465 477 495 510 555 558 559 563 593 595 613 615 617 626 631 637 650 654 676 700 708 719 734 741 749 760 771 775 776 790 802 807 825 840 846 860 862 885 905 910 920 928 929 946 954 957 978 980 985 1001 1016 1032 1036 1039 1055 1062 1086 1089 1105 1127 1129 1137 1164 1175 1183 1187 1199 1202 1224 1234 1237 1244 1264 1280 1297 1310 1318 1323 1327 1334 1339 1341 1350 1361 1377 1383 1385 1390 1391 1402 1404 1411 1419 1423 1425 1435 1440 1482 1490 1509 1524 1528 1529 1541 1544 1565 1571 1577 1580 1645 1649 1652 1674 1708 1739 1746 1747 1756 1779 1789 1792 1793 1797 1835 1840 1842 1845 1849 1854 1860 1882 1902 1916 1924 1926 1932 1940 1983 1989 2006 2018 2023 2025 2033 2037 2045 2046 2058 2063 2073
8,79,CG-MOACO,area_s5_t300,0.2710674157303371,1675.4018946383328,2.4819347291981715,1 9 26 31 39 47 65 78 80 91 98 99 102 129 132 137 142 143 153 175 176 179 188 191 204 214 252 257 270 285 289 292 308 310 317 334 336 348 362 370 379 398 403 413 420 437 450 458 465 485 486 507 527 528 537 541 558 559 562 593 605 608 612 626 629 638 648 700 706 712 716 734 738 740 760 766 771 776 790 802 808 812 825 827 857 862 868 885 905 910 911 929 941 943 946 954 978 980 985 999 1028 1032 1039 1060 1064 1068 1070 1073 1077 1086 1089 1092 1105 1126 1137 1143 1158 1164 1174 1187 1189 1199 1202 1221 1223 1237 1264 1266 1292 1296 1297 1304 1314 1336 1339 1340 1346 1361 1376 1384 1394 1403 1411 1412 1419 1422 1423 1434 1435 1440 1448 1453 1469 1480 1483 1490 1524 1526 1528 1529 1531 1534 1565 1571 1614 1616 1618 1645 1652 1660 1672 1674 1708 1718 1723 1734 1756 1774 1780 1792 1797 1808 1823 1827 1839 1840 1845 1851 1882 1888 1959 1963 1967 1983 1991 2005 2017 2018 2023 2027 2036 2037 2045 2058 2063 2080
8,80,CG-MOACO,area_s5_t300,0.2668539325842697,1692.1969427074193,2.1540659228538015,1 9 55 68 77 91 98 99 101 102 106 109 114 142 152 157 165 175 176 182 189 191 200 206 219 252 270 278 285 306 307 308 311 317 322 324 370 379 391 395 398 437 440 449 450 456 464 465 496 528 532 562 583 589 593 605 606 608 613 615 626 627 629 654 658 676 681 692 700 710 740 747 760 771 772 776 790 798 802 825 831 836 858 860 866 878 910 911 913 915 917 929 946 957 967 977 980 986 1036 1053 1056 1062 1064 1086 1089 1105 1117 1127 1129 1137 1143 1158 1162 1170 1175 1183 1187 1199 1202 1205 1222 1224 1234 1262 1264 1266 1279 1296 1297 1314 1316 1318 1323 1334 1339 1361 1370 1374 1375 1376 1378 1380 1384 1387 1394 1395 1412 1419 1423 1429 1434 1436 1457 1469 1483 1490 1528 1544 1559 1565 1571 1584 1616 1645 1647 1649 1652 1653 1672 1691 1705 1718 1734 1735 1739 1747 1756 1797 1808 1809 1818 1820 1823 1835 1840 1842 1851 1854 1860 1882 1888 1901 1926 1932 1937 1963 1965 1983 1989 2008 2015 2023 2025 2036 2045 2058 2063 2083
8,81,CG-MOACO,area_s5_t300,0.25655430711610483,1728.8798578322367,3.7202150475476548,1 5 9 31 38 47 59 61 80 91 98 99 102 106 111 114 120 125 129 137 143 148 153 175 176 191 204 218 226 230 232 252 257 258 270 277 285 290 291 292 300 308 311 317 334 336 379 398 415 440 449 458 465 467 497 503 506 528 537 547 562 578 580 589 591 593 606 611 613 617 626 648 674 685 700 708 716 719 741 760 771 772 790 802 808 812 825 862 868 885 900 905 910 911 929 941 943 958 978 980 999 1001 1017 1018 1032 1036 1039 1041 1062 1064 1068 1073 1077 1086 1091 1104 1105 1127 1137 1143 1170 1174 1183 1187 1199 1202 1204 1221 1223 1256 1258 1262 1264 1266 1279 1291 1292 1297 1301 1318 1320 1323 1334 1336 1339 1361 1370 1375 1376 1383 1385 1395 1403 1411 1412 1416 1422 1423 1435 1440 1469 1480 1483 1490 1524 1544 1571 1580 1605 1616 1645 1649 1652 1654 1672 1710 1718 1734 1737 1738 1747 1756 1797 1808 1813 1815 1818 1823 1827 1854 1860 1866 1882 1888 1901 1922 1926 1937 1959 1963 1983 1986 1995 2005 2008 2014 2018 2025 2027 2037 2058 2064
8,82,CG-MOACO,area_s5_t300,0.3146067415730337,1593.610084843282,0.9797958971132712,1 46 59 78 80 91 102 110 134 137 141 152 153 175 176 179 182 200 201 215 220 252 257 270 285 290 292 308 311 323 331 336 355 362 371 379 395 413 440 450 465 472 480 486 504 506 528 533 558 562 578 585 593 615 638 643 648 654 675 678 685 687 691 700 708 716 719 740 771 772 776 794 802 806 808 815 831 847 857 858 868 910 911 925 929 946 956 957 967 978 980 985 991 994 1001 1007 1012 1016 1026 1028 1036 1039 1062 1064 1089 1105 1127 1129 1137 1143 1173 1199 1205 1234 1237 1239 1259 1262 1264 1293 1299 1302 1304 1314 1324 1336 1339 1360 1361 1363 1373 1375 1383 1395 1398 1404 1411 1419 1422 1430 1434 1440 1524 1529 1562 1567 1571 1605 1614 1637 1645 1652 1654 1683 1697 1718 1734 1747 1756 1777 1793 1797 1808 1811 1815 1820 1835 1854 1860 1868 1884 1886 1896 1911 1922 1923 1924 1963 1983 1999 2006 2008 2014 2018 2023 2025 2029 2037 2046 2057 2063
8,83,CG-MOACO,area_s5_t300,0.2654494382022472,1695.1229998478677,1.9595917942265424,1 9 19 38 40 42 55 71 80 91 98 99 102 106 137 156 172 175 176 178 180 182 200 202 220 232 245 257 270 278 285 311 317 334 344 356 358 371 379 411 415 440 449 450 461 465 477 479 485 510 525 528 536 540 544 559 565 578 589 593 605 608 622 626 661 685 692 700 708 719 734 749 760 790 802 808 812 814 825 829 842 858 860 862 908 910 911 913 915 929 958 973 978 982 991 1007 1012 1024 1026 1039 1062 1064 1072 1086 1089 1092 1105 1107 1115 1117 1127 1128 1137 1143 1158 1175 1183 1187 1199 1202 1205 1221 1222 1237 1258 1264 1278 1296 1299 1318 1323 1334 1339 1364 1367 1370 1375 1383 1385 1399 1403 1412 1419 1423 1426 1434 1440 1455 1469 1480 1483 1524 1544 1559 1560 1565 1571 1584 1616 1618 1645 1647 1649 1652 1658 1662 1708 1709 1718 1734 1747 1753 1756 1777 1787 1793 1797 1806 1808 1813 1815 1823 1833 1835 1842 1845 1854 1860 1882 1888 1901 1922 1924 1928 1937 1940 1963 1983 2006 2008 2023 2026 2036 2039 2045 2058 2063 2076
8,84,CG-MOACO,area_s5_t300,0.33895131086142327,1554.3552971811075,2.6832815729997477,1 15 28 38 55 59 79 80 91 102 137 144 149 152 155 174 175 176 178 182 184 187 189 190 219 245 252 256 259 270 285 307 334 344 362 379 412 432 440 458 461 465 477 484 494 504 506 517 523 528 544 545 562 578 593 608 611 613 626 641 650 675 685 708 712 734 771 776 802 825 828 840 862 868 879 892 910 943 948 951 958 967 977 982 1001 1024 1026 1032 1036 1039 1062 1070 1078 1086 1104 1105 1117 1127 1139 1143 1158 1162 1175 1189 1199 1221 1222 1228 1231 1234 1237 1264 1288 1296 1300 1310 1318 1323 1327 1334 1337 1338 1339 1350 1380 1391 1395 1404 1415 1418 1423 1435 1455 1482 1487 1524 1529 1535 1538 1541 1544 1559 1562 1565 1602 1606 1608 1615 1619 1645 1652 1672 1674 1701 1706 1747 1768 1781 1787 1797 1803 1805 1808 1840 1842 1854 1866 1867 1901 1909 1926 1983 1999 2003 2005 2008 2009 2014 2025 2028 2046 2049 2058 2063 2070
8,85,CG-MOACO,area_s5_t300,0.2556179775280899,1745.584072432659,2.1354156504062622,1 5 9 19 26 42 55 61 78 80 87 95 102 106 132 137 153 155 172 175 176 178 179 182 196 220 252 257 259 261 270 275 285 300 307 310 317 334 336 370 391 393 398 412 415 450 458 461 465 475 479 486 509 525 528 532 545 558 562 578 593 611 613 615 616 622 626 641 650 652 700 708 731 734 740 760 771 775 776 790 802 812 825 860 862 907 910 911 918 925 927 929 941 948 957 958 963 982 1001 1011 1036 1039 1062 1070 1078 1086 1089 1091 1104 1105 1108 1115 1117 1127 1137 1143 1158 1174 1183 1184 1199 1202 1212 1223 1234 1262 1264 1280 1281 1290 1304 1318 1334 1336 1339 1370 1375 1376 1378 1383 1401 1403 1406 1416 1419 1422 1423 1435 1440 1456 1469 1482 1487 1490 1496 1524 1528 1529 1544 1562 1565 1584 1602 1603 1614 1615 1645 1647 1649 1652 1672 1683 1705 1708 1718 1725 1734 1735 1747 1756 1780 1787 1797 1808 1813 1815 1823 1840 1854 1860 1866 1888 1901 1928 1937 1940 1963 1983 1989 2006 2008 2015 2016 2023 2026 2038 2047 2049 2058 2063 2082
8,86,CG-MOACO,area_s5_t300,0.31413857677902624,1603.3134316351923,0.8,9 19 38 43 55 80 87 89 99 102 114 118 132 142 144 155 159 175 182 189 191 206 215 218 220 247 252 263 273 289 308 311 317 332 334 379 392 411 412 415 438 442 449 450 464 515 528 536 545 559 562 579 583 586 593 608 613 615 643 664 676 685 694 700 708 731 734 740 749 750 760 771 790 802 807 823 862 868 873 877 890 892 910 920 946 954 958 967 978 982 994 1001 1036 1039 1052 1062 1064 1073 1086 1089 1104 1105 1137 1143 1175 1187 1189 1199 1202 1204 1205 1221 1228 1237 1264 1276 1281 1297 1318 1323 1334 1336 1339 1354 1359 1361 1370 1375 1376 1378 1383 1403 1419 1422 1423 1434 1457 1469 1482 1487 1490 1493 1529 1544 1552 1554 1562 1565 1606 1643 1645 1648 1652 1660 1673 1674 1678 1701 1706 1711 1718 1725 1733 1738 1756 1769 1797 1800 1808 1809 1823 1835 1839 1848 1860 1866 1882 1901 1959 1963 1967 1983 1991 2006 2008 2016 2018 2025 2027 2037 2057 2063
8,87,CG-MOACO,area_s5_t300,0.31132958801498123,1579.2444551504834,4.5431266766402185,1 38 47 78 80 91 99 102 106 132 137 152 153 165 175 176 178 180 182 184 186 191 197 200 206 214 215 219 220 252 257 270 289 307 316 334 336 379 391 395 398 440 449 450 465 472 497 499 504 514 525 533 553 554 562 583 589 593 624 648 654 675 685 691 700 708 716 722 734 771 773 776 803 807 831 858 862 868 870 894 910 911 917 929 955 957 958 978 982 991 1016 1024 1028 1039 1056 1060 1064 1077 1089 1104 1105 1117 1127 1128 1139 1141 1143 1158 1170 1175 1183 1187 1199 1204 1205 1224 1237 1239 1262 1264 1268 1278 1296 1300 1320 1334 1364 1370 1376 1384 1399 1412 1419 1423 1425 1440 1457 1469 1483 1495 1524 1542 1544 1549 1559 1576 1578 1584 1615 1618 1652 1673 1691 1703 1718 1720 1734 1747 1756 1777 1787 1797 1808 1811 1815 1820 1823 1835 1842 1854 1860 1872 1882 1901 1919 1922 1924 1928 1937 1962 1963 1983 2001 2006 2025 2036 2038 2047 2057 2063 2082 2083
8,88,CG-MOACO,area_s5_t300,0.28745318352059923,1637.7154176538356,0.8944271909999159,1 15 19 24 31 38 47 71 78 80 89 102 105 134 137 152 155 175 176 179 188 217 252 257 265 270 278 285 288 289 292 317 334 336 344 350 362 371 379 398 412 415 440 450 458 464 465 503 517 528 537 543 544 545 554 559 562 580 591 593 605 608 613 615 626 650 651 676 685 700 708 716 734 740 760 771 773 790 802 808 812 825 840 860 862 871 875 885 910 929 941 943 952 982 996 1001 1012 1027 1032 1036 1041 1053 1054 1060 1070 1073 1077 1108 1126 1129 1137 1139 1143 1164 1168 1170 1187 1199 1202 1223 1234 1237 1259 1262 1264 1278 1318 1323 1339 1350 1360 1361 1364 1370 1383 1392 1394 1395 1398 1412 1419 1422 1425 1435 1440 1455 1483 1487 1509 1524 1529 1544 1565 1571 1580 1605 1615 1645 1649 1652 1654 1660 1708 1720 1734 1744 1745 1749 1756 1757 1787 1793 1797 1808 1823 1824 1836 1839 1849 1882 1888 1896 1897 1901 1920 1940 1952 1967 1984 1986 1991 2006 2008 2023 2026 2029 2037 2049 2057 2063
8,89,CG-MOACO,area_s5_t300,0.2682584269662921,1676.245046238098,1.624807680927192,1 8 19 31 46 55 78 80 83 86 91 102 105 110 132 137 152 157 175 176 186 191 196 215 218 220 226 230 252 263 270 278 292 308 311 317 325 336 344 362 371 379 393 412 415 420 440 445 449 465 467 475 477 497 502 528 532 537 544 560 562 565 589 593 605 611 613 615 648 650 664 700 708 734 738 740 745 760 771 772 775 776 790 802 812 825 853 860 862 892 910 917 925 928 929 936 941 946 967 977 980 994 1001 1032 1036 1039 1053 1055 1068 1070 1086 1089 1091 1105 1115 1126 1129 1137 1143 1164 1173 1183 1199 1202 1221 1223 1234 1262 1264 1278 1288 1290 1296 1304 1310 1318 1323 1334 1338 1360 1364 1370 1376 1383 1385 1389 1395 1412 1419 1423 1429 1455 1469 1482 1486 1502 1524 1528 1529 1536 1544 1615 1643 1645 1647 1652 1671 1672 1700 1705 1708 1725 1732 1735 1756 1797 1808 1813 1815 1823 1835 1839 1840 1842 1860 1865 1878 1882 1888 1901 1928 1940 1959 1963 1983 1989 1991 1995 2023 2025 2038 2049 2058 2063 2078 2080 2082
8,90,CG-MOACO,area_s5_t300,0.2724719101123596,1669.5479233182748,2.449489742783178,1 24 47 80 91 94 98 102 111 134 137 142 152 153 155 172 174 175 176 180 182 189 196 219 220 252 256 260 270 285 310 317 334 358 362 370 379 395 398 412 415 420 432 440 450 452 456 458 461 465 469 475 480 494 506 528 532 537 555 562 578 593 602 611 613 615 626 650 654 676 708 716 719 734 740 760 771 776 790 802 806 808 825 858 862 885 889 900 903 910 911 929 941 946 957 958 978 999 1016 1028 1033 1036 1039 1054 1060 1077 1086 1089 1104 1105 1108 1127 1128 1137 1143 1162 1171 1173 1187 1199 1202 1205 1223 1237 1262 1264 1280 1296 1304 1310 1318 1323 1334 1336 1339 1341 1360 1370 1375 1376 1384 1393 1395 1401 1411 1412 1419 1423 1434 1435 1469 1482 1490 1496 1524 1528 1544 1565 1571 1580 1584 1605 1607 1645 1647 1649 1652 1654 1673 1708 1726 1738 1747 1756 1766 1775 1780 1797 1808 1811 1823 1840 1842 1845 1854 1860 1878 1882 1901 1922 1940 1963 1965 1984 2006 2008 2015 2016 2023 2028 2045 2049 2057 2063 2076
8,91,CG-MOACO,area_s5_t300,0.29400749063670417,1640.2394376704556,0.4898979485566356,13 19 38 40 47 59 65 80 91 98 102 106 108 129 137 139 175 176 180 182 186 187 191 219 220 245 252 257 277 278 285 292 306 308 311 325 369 379 380 412 420 423 440 442 449 450 457 461 476 495 496 504 560 562 589 593 605 613 626 638 648 676 678 681 699 700 716 734 740 747 760 762 771 790 802 806 808 812 825 853 860 878 910 929 943 949 950 967 978 982 991 1024 1026 1028 1032 1036 1039 1062 1064 1086 1105 1107 1118 1123 1127 1128 1143 1144 1170 1173 1184 1187 1188 1199 1204 1223 1231 1237 1264 1283 1304 1308 1323 1334 1336 1339 1343 1370 1373 1378 1384 1403 1412 1422 1423 1429 1434 1440 1446 1448 1475 1479 1482 1490 1495 1520 1528 1535 1541 1565 1580 1582 1584 1599 1608 1645 1649 1652 1656 1672 1680 1711 1718 1729 1734 1735 1756 1766 1779 1780 1787 1797 1806 1812 1815 1823 1836 1839 1845 1865 1882 1888 1896 1922 1928 1937 1963 1983 1991 2008 2023 2036 2039 2045 2049 2058 2063 2082
8,92,CG-MOACO,area_s5_t300,0.2780898876404494,1644.4650811195231,2.0591260281974,1 9 38 47 59 77 78 80 91 102 106 132 137 141 148 155 159 165 174 175 176 178 182 200 218 226 230 249 252 257 278 285 290 292 317 334 336 338 341 344 371 379 395 398 415 426 440 449 450 457 461 465 503 525 544 562 565 579 589 593 605 606 613 615 626 629 638 648 650 654 685 692 700 708 716 719 740 745 760 771 790 797 802 808 825 836 853 862 868 877 879 902 910 925 927 929 941 952 967 978 982 990 1001 1012 1017 1036 1039 1060 1086 1092 1105 1126 1139 1143 1164 1175 1187 1189 1199 1202 1221 1222 1237 1248 1256 1258 1264 1266 1278 1283 1308 1318 1323 1336 1339 1364 1370 1373 1375 1376 1383 1385 1403 1422 1423 1434 1440 1453 1455 1457 1469 1482 1520 1529 1553 1559 1562 1565 1576 1615 1645 1652 1654 1673 1718 1720 1726 1747 1753 1756 1779 1784 1787 1797 1811 1815 1818 1823 1835 1845 1854 1860 1882 1909 1919 1922 1926 1928 1963 1983 2001 2004 2006 2026 2028 2036 2038 2049 2057 2063 2080 2083
8,93,CG-MOACO,area_s5_t300,0.27481273408239704,1710.8795112238981,0.7483314773547882,1 19 31 46 78 102 105 106 109 111 118 121 132 137 143 153 155 175 176 178 186 204 215 217 220 230 232 242 252 270 285 300 306 311 317 358 369 370 391 393 411 415 426 440 448 450 458 464 465 467 477 495 503 545 558 559 562 578 580 583 592 593 608 611 617 650 654 666 685 700 705 716 719 734 741 747 760 771 777 790 802 825 835 853 862 867 868 885 910 918 920 929 941 946 957 978 982 985 1001 1012 1016 1022 1036 1060 1070 1077 1086 1089 1091 1105 1123 1126 1137 1158 1164 1170 1175 1183 1187 1197 1199 1205 1222 1228 1258 1264 1280 1292 1310 1318 1323 1334 1336 1339 1350 1361 1364 1375 1376 1384 1395 1403 1404 1412 1419 1422 1423 1434 1440 1455 1457 1482 1495 1504 1524 1535 1544 1549 1565 1571 1582 1605 1607 1627 1645 1652 1670 1673 1705 1708 1714 1734 1735 1739 1747 1756 1766 1797 1808 1811 1812 1815 1835 1854 1860 1865 1880 1882 1896 1901 1909 1926 1937 1940 1963 1965 2006 2008 2023 2025 2045 2046 2057 2063 2080 2083
8,94,CG-MOACO,area_s5_t300,0.30992509363295884,1623.1970675009388,0.6324555320336759,7 9 19 31 42 80 83 86 98 111 132 137 153 154 155 172 174 175 176 179 181 191 210 215 220 252 260 261 276 300 317 332 334 336 358 370 390 393 412 415 440 450 452 464 465 467 472 490 495 496 533 543 555 558 562 583 593 615 620 649 654 678 691 700 705 708 710 719 734 760 771 776 790 795 802 804 815 820 840 860 862 910 919 920 927 929 936 948 957 967 982 985 991 1001 1018 1026 1036 1062 1070 1086 1089 1104 1105 1115 1117 1127 1137 1143 1164 1175 1183 1187 1199 1202 1222 1228 1234 1237 1259 1262 1264 1278 1297 1318 1328 1339 1366 1370 1375 1378 1383 1385 1392 1401 1403 1412 1419 1434 1435 1440 1449 1482 1490 1502 1519 1524 1529 1544 1565 1571 1601 1605 1614 1645 1652 1654 1670 1708 1720 1726 1749 1756 1769 1773 1777 1779 1780 1787 1793 1797 1823 1839 1842 1854 1860 1868 1888 1892 1923 1937 1945 1962 1963 1983 1989 2006 2008 2009 2016 2018 2023 2037 2045 2057 2063
8,95,CG-MOACO,area_s5_t300,0.30009363295880154,1615.8773406702398,1.4142135623730951,1 9 31 38 71 80 91 102 105 106 120 137 156 165 175 176 178 180 196 252 261 270 278 285 290 292 306 311 312 317 333 335 371 375 391 395 398 411 412 415 432 440 442 464 465 475 477 486 503 525 528 537 543 545 565 586 593 605 613 615 622 632 643 654 656 678 708 716 719 722 734 740 760 771 772 775 790 802 808 853 860 875 885 907 910 913 918 929 939 943 957 967 973 978 982 1012 1026 1037 1039 1041 1058 1060 1064 1073 1086 1092 1127 1128 1143 1150 1158 1187 1199 1202 1213 1223 1237 1264 1292 1299 1302 1318 1331 1334 1339 1350 1370 1375 1378 1394 1399 1403 1412 1419 1422 1423 1434 1435 1440 1448 1487 1504 1509 1524 1529 1544 1549 1571 1584 1587 1616 1618 1645 1652 1658 1660 1673 1674 1718 1725 1734 1747 1756 1766 1769 1797 1802 1806 1808 1811 1820 1823 1827 1835 1840 1845 1860 1882 1896 1901 1952 1954 1959 1963 1969 1983 2008 2018 2023 2025 2027 2029 2037 2063 2080
8,96,CG-MOACO,area_s5_t300,0.2851123595505618,1655.8751781047679,1.16619037896906,1 5 9 19 31 55 59 67 78 80 99 102 106 122 137 153 156 175 176 178 180 184 191 200 215 236 252 270 275 277 283 285 300 307 355 356 358 370 379 391 395 415 437 440 445 449 458 461 477 495 508 515 525 529 560 562 586 589 591 593 605 608 612 615 617 629 637 641 648 656 698 700 723 741 747 760 790 802 829 840 862 868 870 910 917 929 943 946 956 958 967 978 982 991 1036 1039 1062 1064 1068 1086 1089 1104 1105 1117 1127 1137 1143 1149 1155 1158 1162 1170 1183 1199 1205 1222 1224 1234 1237 1243 1254 1262 1264 1278 1288 1289 1304 1318 1339 1370 1376 1384 1394 1403 1419 1422 1436 1440 1457 1480 1490 1495 1504 1518 1524 1528 1544 1562 1565 1568 1584 1590 1614 1616 1618 1643 1645 1648 1649 1652 1673 1705 1708 1711 1717 1734 1735 1745 1751 1756 1769 1779 1792 1797 1805 1813 1818 1823 1827 1835 1839 1845 1854 1860 1882 1924 1926 1937 1963 1976 1983 1989 2006 2008 2023 2026 2027 2036 2045 2057 2063
8,97,CG-MOACO,area_s5_t300,0.29260299625468167,1648.6439473767225,0.7483314773547882,1 26 31 36 55 59 78 80 97 99 102 121 129 132 137 143 153 175 178 179 191 196 220 227 251 257 265 284 285 292 311 317 334 336 338 359 370 379 392 411 415 420 442 449 458 477 483 485 489 508 528 545 559 578 583 584 593 612 615 626 634 654 674 676 700 708 716 725 734 740 750 760 766 771 775 790 802 825 829 840 846 851 862 868 879 892 910 916 917 929 941 943 951 954 958 980 1001 1016 1020 1032 1036 1039 1045 1052 1060 1064 1070 1105 1126 1129 1143 1170 1184 1187 1199 1221 1223 1228 1234 1237 1262 1264 1289 1292 1297 1323 1336 1339 1360 1370 1375 1383 1392 1394 1402 1403 1406 1411 1412 1419 1422 1434 1435 1440 1483 1487 1490 1496 1509 1524 1528 1529 1544 1571 1580 1616 1643 1645 1649 1652 1673 1683 1691 1705 1708 1711 1718 1734 1735 1747 1756 1769 1775 1781 1787 1797 1808 1823 1833 1836 1840 1860 1877 1882 1896 1901 1909 1963 1965 1983 1991 2006 2008 2023 2025 2038 2049 2057 2063
8,98,CG-MOACO,area_s5_t300,0.2851123595505618,1634.0972769050982,1.9390719429665317,1 19 41 59 65 68 78 80 91 99 102 117 129 132 137 143 175 176 180 182 186 189 215 220 252 257 259 278 285 292 308 311 317 334 371 379 392 395 411 415 440 449 450 458 461 515 528 551 560 562 580 583 586 589 593 613 615 654 671 676 677 678 685 691 700 708 719 734 740 745 749 760 772 776 790 802 840 858 862 867 868 885 905 910 913 917 929 954 958 978 982 1012 1016 1017 1020 1026 1028 1039 1059 1064 1070 1089 1105 1115 1127 1128 1137 1143 1170 1183 1187 1199 1202 1205 1221 1223 1230 1237 1262 1264 1274 1278 1299 1304 1310 1314 1334 1339 1341 1360 1361 1370 1373 1375 1385 1392 1394 1395 1398 1408 1412 1419 1423 1429 1434 1458 1480 1483 1486 1490 1524 1529 1571 1584 1590 1614 1645 1649 1652 1660 1673 1691 1708 1711 1723 1734 1756 1780 1782 1787 1793 1797 1802 1808 1823 1839 1842 1860 1882 1889 1901 1940 1963 1967 1971 1984 1989 1995 2006 2008 2018 2026 2032 2036 2038 2047 2049 2055 2057 2063 2083
8,99,CG-MOACO,area_s5_t300,0.2654494382022472,1718.9169879371761,1.019803902718557,1 9 15 19 31 41 43 47 78 80 95 98 102 106 108 122 132 137 142 157 175 176 180 220 252 257 263 270 299 300 306 308 311 315 316 336 344 348 369 370 379 412 415 420 424 440 450 465 486 497 504 507 508 535 554 558 562 578 583 592 593 605 607 613 615 617 626 648 654 676 700 705 719 734 741 747 754 760 771 772 790 802 804 825 860 862 885 905 910 911 927 929 954 957 971 978 980 999 1007 1012 1020 1036 1039 1052 1062 1064 1086 1089 1104 1105 1107 1123 1127 1137 1145 1158 1164 1183 1184 1191 1199 1223 1224 1231 1237 1262 1264 1278 1296 1304 1311 1318 1336 1338 1339 1364 1367 1375 1376 1384 1394 1398 1403 1419 1422 1434 1440 1455 1457 1469 1480 1483 1496 1523 1529 1544 1565 1571 1590 1602 1606 1612 1614 1615 1618 1645 1652 1654 1672 1697 1703 1708 1718 1720 1726 1734 1747 1756 1769 1797 1808 1823 1833 1836 1840 1854 1860 1882 1888 1901 1922 1926 1954 1959 1962 1963 1964 1970 1983 1988 2006 2008 2023 2038 2058 2063 2071 2080
9,0,CG-MOACO,area_s5_t300,0.40496254681647936,1472.005675901207,2.1354156504062622,1 17 20 26 31 42 79 80 85 87 102 114 118 125 129 143 149 175 183 184 189 213 214 215 221 230 247 252 257 276 329 334 364 390 392 394 450 458 463 469 478 497 508 517 524 527 553 562 566 578 580 583 599 611 615 637 643 648 653 669 675 693 708 712 716 723 728 802 815 852 856 862 867 868 875 918 925 948 960 981 990 1001 1013 1016 1105 1124 1127 1137 1143 1153 1164 1168 1179 1185 1187 1199 1202 1222 1237 1239 1244 1261 1299 1311 1318 1334 1338 1371 1372 1379 1385 1394 1399 1403 1410 1412 1422 1423 1428 1449 1454 1483 1486 1544 1566 1589 1590 1604 1629 1645 1653 1667 1673 1680 1711 1718 1726 1734 1735 1745 1747 1767 1776 1779 1792 1823 1849 1857 1868 1882 1884 1918 1923 1959 1965 1984 2001 2006 2010 2013 2022 2027 2044 2057 2063 2081
9,1,CG-MOACO,area_s5_t300,0.36282771535580527,1552.6256908874254,0.6324555320336759,9 26 31 47 54 58 66 68 76 80 89 102 113 120 122 129 144 148 154 165 218 247 252 261 288 306 308 311 315 319 336 348 356 371 398 411 412 420 429 442 450 478 497 503 510 512 516 527 554 562 570 593 602 605 608 648 669 708 709 712 717 734 737 740 750 760 768 773 791 796 802 804 807 847 860 867 870 877 908 910 911 926 929 934 952 980 997 1001 1008 1020 1024 1031 1037 1039 1042 1066 1078 1089 1091 1127 1132 1137 1141 1173 1187 1199 1202 1229 1257 1259 1262 1264 1297 1304 1308 1336 1339 1361 1363 1367 1383 1386 1392 1403 1404 1412 1434 1453 1480 1482 1486 1524 1528 1529 1537 1544 1556 1576 1608 1612 1614 1645 1648 1652 1659 1660 1670 1711 1718 1732 1747 1756 1758 1797 1804 1808 1840 1842 1844 1847 1849 1852 1873 1884 1900 1918 1940 1957 1959 1965 1983 1991 1999 2010 2023 2028 2045 2058 2060 2063
9,2,CG-MOACO,area_s5_t300,0.3932584269662921,1477.6451476697466,2.785677655436824,5 9 25 31 42 43 47 55 80 89 114 124 137 144 151 157 165 171 174 176 187 189 211 215 218 231 252 261 270 277 284 306 307 308 315 316 324 335 386 415 434 465 484 490 496 500 561 562 592 593 607 613 616 652 671 680 705 721 740 747 760 775 776 787 790 806 807 809 828 829 843 847 865 867 868 879 905 910 911 916 925 929 938 941 965 981 991 1001 1011 1020 1024 1042 1062 1073 1102 1105 1126 1139 1149 1189 1202 1212 1226 1237 1264 1272 1274 1278 1300 1334 1344 1352 1386 1393 1406 1419 1422 1423 1425 1480 1483 1484 1487 1504 1518 1525 1537 1556 1576 1584 1589 1602 1614 1615 1617 1652 1658 1718 1719 1722 1724 1750 1756 1785 1787 1789 1794 1800 1802 1808 1823 1849 1858 1866 1867 1882 1889 1901 1922 1933 1964 1969 1983 1989 2010 2032 2038 2055 2058 2059 2074
9,3,CG-MOACO,area_s5_t300,0.3792134831460674,1508.7818843315777,2.449489742783178,9 54 55 66 68 98 109 114 132 135 137 157 170 175 176 182 183 187 198 215 220 221 229 231 251 252 254 261 262 284 286 288 306 311 317 348 382 406 412 440 450 465 486 495 508 534 535 541 558 560 562 564 578 581 583 611 650 654 671 675 677 700 705 711 721 730 734 738 772 802 804 806 809 816 862 868 877 879 910 911 919 929 930 957 978 999 1001 1005 1010 1011 1016 1017 1021 1031 1039 1058 1062 1070 1104 1105 1127 1133 1141 1158 1163 1164 1202 1204 1208 1237 1261 1264 1274 1280 1310 1313 1327 1336 1339 1361 1369 1376 1384 1392 1404 1408 1419 1425 1452 1455 1462 1495 1524 1549 1563 1593 1602 1614 1617 1627 1641 1648 1652 1670 1676 1677 1697 1701 1738 1739 1744 1747 1752 1756 1765 1779 1797 1815 1840 1857 1878 1884 1907 1976 1983 1991 2001 2005 2009 2018 2024 2037 2045 2057 2082
9,4,CG-MOACO,area_s5_t300,0.34644194756554303,1577.0235721498402,0.4898979485566356,5 9 42 47 49 64 77 80 95 102 137 175 176 184 188 196 207 212 219 230 260 270 277 284 291 306 316 321 338 358 360 362 369 376 393 395 401 415 437 440 449 450 458 485 507 512 528 532 546 559 562 564 570 583 585 591 593 602 611 626 629 638 641 648 676 700 708 719 744 750 760 776 790 806 840 846 858 868 905 910 916 925 929 946 954 985 1001 1016 1024 1026 1036 1039 1055 1062 1065 1068 1071 1086 1090 1104 1105 1111 1159 1162 1175 1187 1199 1204 1205 1231 1237 1244 1245 1262 1264 1278 1300 1314 1318 1336 1339 1344 1359 1363 1370 1374 1378 1385 1393 1399 1405 1412 1419 1423 1440 1483 1499 1504 1509 1524 1553 1565 1571 1578 1597 1618 1629 1634 1645 1658 1673 1694 1697 1714 1718 1733 1756 1766 1775 1792 1793 1797 1802 1808 1812 1815 1823 1828 1839 1840 1842 1848 1874 1882 1896 1951 1953 1963 1979 1983 1986 2005 2018 2023 2037 2045 2063
9,5,CG-MOACO,area_s5_t300,0.39840823970037453,1465.6813670746553,2.4819347291981715,7 9 19 31 38 72 79 80 96 102 132 137 141 157 166 173 175 176 180 181 203 206 217 223 252 261 284 285 311 316 327 328 332 362 367 371 383 391 415 437 440 459 470 503 507 524 528 538 545 573 593 602 605 608 613 621 626 637 653 659 719 721 734 747 750 760 771 796 802 807 827 830 845 860 870 885 890 910 911 927 940 943 957 973 980 999 1037 1062 1065 1070 1078 1097 1128 1151 1162 1175 1187 1202 1207 1232 1237 1239 1244 1256 1261 1297 1301 1318 1337 1339 1344 1361 1374 1383 1412 1434 1440 1467 1473 1478 1480 1503 1513 1517 1520 1526 1529 1541 1563 1566 1571 1606 1614 1652 1658 1687 1691 1711 1735 1740 1744 1748 1756 1768 1787 1797 1815 1818 1823 1835 1839 1842 1854 1857 1860 1882 1888 1898 1912 1926 1953 1969 1979 2023 2025 2027 2038 2072 2074
9,6,CG-MOACO,area_s5_t300,0.35720973782771537,1561.0014214528364,1.019803902718557,1 7 25 38 48 64 72 80 85 86 98 114 119 137 175 189 197 200 206 215 219 235 251 252 284 288 292 306 317 337 352 369 379 391 396 404 413 415 426 450 458 460 465 483 508 510 516 525 546 562 578 586 593 603 606 612 615 618 655 678 700 708 719 721 739 741 749 771 784 786 790 802 804 808 820 847 853 857 868 876 910 913 919 929 938 941 943 967 978 994 1001 1002 1012 1016 1036 1039 1042 1052 1060 1064 1091 1093 1097 1122 1127 1139 1143 1158 1182 1187 1198 1256 1264 1285 1297 1302 1308 1311 1331 1334 1338 1377 1391 1403 1408 1418 1422 1423 1424 1434 1435 1480 1487 1495 1504 1511 1526 1541 1544 1561 1565 1573 1590 1616 1643 1645 1654 1658 1660 1673 1691 1701 1718 1721 1747 1774 1787 1789 1791 1797 1800 1802 1808 1815 1823 1835 1840 1860 1882 1884 1901 1922 1940 1954 1961 1983 2012 2023 2024 2033 2038 2081
9,7,CG-MOACO,area_s5_t300,0.39981273408239704,1475.1834743604873,1.6733200530681511,31 40 42 79 80 86 98 99 112 125 137 141 152 166 176 178 189 194 202 211 223 261 272 285 313 317 337 343 350 367 371 406 415 432 440 446 450 465 486 490 523 536 559 562 565 594 601 611 615 626 671 692 708 711 719 731 735 737 738 749 760 775 790 795 803 809 812 825 845 885 900 909 910 911 913 920 929 939 941 945 946 957 981 1001 1002 1027 1036 1039 1052 1058 1060 1070 1078 1091 1130 1143 1166 1175 1189 1202 1222 1234 1241 1258 1260 1262 1297 1301 1318 1338 1343 1361 1369 1380 1385 1411 1416 1419 1434 1435 1460 1490 1495 1511 1526 1540 1542 1544 1551 1562 1616 1618 1636 1643 1654 1660 1665 1687 1697 1705 1717 1721 1726 1735 1744 1750 1756 1792 1797 1802 1805 1815 1823 1824 1839 1842 1847 1867 1869 1917 1921 1924 1934 1963 1969 1983 2009 2057 2064 2083
9,8,CG-MOACO,area_s5_t300,0.41526217228464424,1427.648647349833,1.9390719429665317,9 17 33 49 63 80 120 129 132 135 143 147 157 165 167 169 175 180 182 201 222 247 252 261 273 284 292 308 311 369 370 383 387 395 413 438 442 445 449 450 514 517 525 528 533 537 538 615 626 647 650 660 662 664 685 700 708 712 764 771 772 776 795 806 809 847 854 867 875 910 918 941 945 951 955 973 1033 1042 1045 1053 1057 1068 1072 1113 1126 1143 1151 1155 1166 1168 1187 1199 1222 1230 1237 1239 1243 1262 1282 1308 1318 1327 1336 1344 1391 1403 1404 1406 1409 1412 1428 1429 1433 1440 1442 1448 1453 1463 1487 1513 1517 1536 1556 1558 1571 1582 1599 1616 1645 1660 1706 1707 1718 1721 1735 1738 1743 1750 1751 1756 1781 1797 1809 1815 1818 1838 1860 1866 1888 1891 1901 1909 1937 1957 1966 1983 1991 1995 2008 2009 2011 2014 2044 2058
9,9,CG-MOACO,area_s5_t300,0.3806179775280899,1487.1058822835284,1.7204650534085253,1 9 19 31 38 47 59 61 77 80 81 101 102 112 117 122 129 132 137 147 157 159 166 176 178 235 252 261 285 310 315 325 334 336 358 362 371 411 415 430 438 439 449 464 479 510 517 525 543 553 562 566 605 606 613 626 637 648 662 685 700 708 719 740 771 776 795 806 812 815 821 825 826 862 872 885 894 910 913 925 929 934 946 974 980 1001 1002 1012 1024 1027 1062 1064 1070 1084 1089 1091 1109 1142 1153 1156 1158 1164 1171 1175 1205 1218 1222 1248 1258 1262 1288 1296 1301 1323 1326 1339 1341 1379 1423 1424 1426 1437 1446 1448 1463 1467 1469 1480 1511 1531 1544 1560 1562 1563 1573 1594 1602 1617 1638 1655 1673 1687 1700 1711 1717 1753 1756 1758 1792 1794 1802 1808 1815 1819 1839 1842 1847 1882 1891 1919 1921 1924 1929 1932 1963 1966 1980 1983 1999 2023 2036 2037 2045 2064
9,10,CG-MOACO,area_s5_t300,0.39279026217228463,1477.9587250866844,1.3564659966250538,1 9 31 36 41 80 86 88 91 102 137 140 152 153 173 184 188 205 227 241 261 263 264 281 285 307 311 334 337 344 356 360 367 370 378 417 420 440 445 463 466 470 475 483 528 533 537 554 562 573 575 593 612 615 620 629 648 655 656 666 671 729 734 760 776 802 804 811 814 846 860 872 881 903 911 912 914 925 928 950 966 990 1001 1036 1053 1062 1072 1079 1097 1101 1105 1123 1127 1144 1150 1162 1173 1187 1188 1223 1243 1262 1264 1296 1297 1308 1313 1339 1360 1361 1365 1384 1386 1401 1404 1405 1408 1411 1412 1425 1429 1435 1440 1441 1469 1483 1490 1517 1535 1565 1571 1578 1600 1645 1652 1655 1672 1687 1693 1711 1718 1726 1735 1738 1781 1787 1792 1794 1796 1808 1815 1839 1840 1842 1852 1854 1866 1871 1888 1901 1909 1926 1963 1964 1983 1987 2008 2045 2052 2055 2058 2080
9,11,CG-MOACO,area_s5_t300,0.4157303370786517,1450.18459873746,1.5999999999999999,14 16 31 47 65 72 79 90 102 118 126 137 144 152 165 175 176 181 190 201 204 206 218 231 238 240 252 257 261 307 319 344 360 362 402 442 453 457 474 477 495 497 508 515 543 560 562 579 599 610 621 626 656 676 723 735 750 760 767 770 771 786 796 809 812 815 862 884 897 910 911 915 929 934 948 958 959 966 977 982 1016 1041 1077 1089 1097 1105 1117 1123 1127 1132 1137 1140 1154 1155 1158 1170 1175 1183 1237 1264 1268 1276 1300 1336 1339 1349 1361 1365 1371 1384 1412 1419 1420 1423 1425 1430 1440 1446 1448 1456 1480 1489 1513 1535 1541 1544 1553 1596 1607 1617 1633 1652 1653 1673 1704 1711 1718 1735 1747 1749 1756 1781 1787 1797 1823 1856 1892 1912 1920 1937 1946 1952 1961 1984 1993 1997 2005 2007 2013 2023 2044 2064 2080 2083
9,12,CG-MOACO,area_s5_t300,0.40215355805243447,1488.7467561287458,1.019803902718557,29 31 38 43 89 91 102 105 106 131 132 148 162 165 170 175 176 187 200 209 214 249 261 262 273 285 308 316 326 332 336 369 383 406 424 426 430 465 466 475 497 517 536 562 580 594 605 606 616 618 621 624 626 629 650 654 700 711 735 737 741 760 771 784 804 811 825 827 844 846 875 894 903 908 911 913 915 937 940 941 957 975 998 1001 1012 1023 1038 1054 1058 1062 1075 1077 1091 1108 1164 1173 1187 1199 1225 1233 1253 1276 1299 1301 1308 1323 1339 1369 1375 1376 1378 1393 1397 1406 1410 1412 1419 1434 1435 1440 1446 1449 1527 1531 1541 1544 1549 1552 1604 1606 1619 1627 1652 1659 1672 1701 1710 1714 1720 1735 1747 1764 1779 1787 1797 1809 1812 1815 1823 1829 1842 1919 1928 1947 1955 1963 1983 1991 1996 2027 2044 2053 2058 2065 2066 2073 2078 2083
9,13,CG-MOACO,area_s5_t300,0.3918539325842697,1488.1730602840476,1.3564659966250538,9 36 80 85 86 107 122 137 141 148 175 182 194 197 218 226 230 256 258 261 262 270 271 276 278 285 288 292 311 316 332 355 371 410 435 440 449 465 478 480 483 490 496 497 512 514 516 533 535 545 548 554 562 570 578 606 624 626 650 675 686 708 735 738 750 776 804 825 839 883 884 900 939 951 957 959 968 991 1011 1021 1024 1037 1039 1053 1061 1073 1077 1089 1115 1118 1127 1143 1147 1160 1183 1213 1219 1223 1228 1237 1239 1261 1264 1274 1280 1296 1297 1300 1333 1344 1366 1376 1384 1403 1412 1419 1423 1424 1428 1440 1448 1457 1469 1482 1524 1543 1553 1556 1565 1587 1603 1614 1617 1638 1648 1673 1676 1697 1701 1705 1718 1735 1745 1747 1753 1756 1768 1797 1818 1823 1825 1829 1835 1842 1848 1856 1860 1882 1921 1922 1959 1984 2005 2013 2015 2023 2027 2038 2054 2057 2063 2083
9,14,CG-MOACO,area_s5_t300,0.35720973782771537,1540.13075551719,2.785677655436824,9 20 43 59 63 80 98 102 106 114 118 125 129 137 165 175 176 178 182 189 191 200 215 226 231 252 259 270 284 292 312 332 334 370 398 401 403 415 426 436 440 450 464 476 509 517 562 594 618 627 648 650 653 670 679 700 708 719 734 739 740 768 771 772 775 783 795 802 806 821 825 830 840 859 862 866 870 885 905 917 929 948 958 960 980 983 993 995 1008 1016 1042 1086 1090 1105 1127 1139 1143 1156 1187 1202 1205 1222 1224 1241 1250 1260 1264 1278 1300 1318 1323 1327 1336 1339 1370 1372 1375 1376 1383 1385 1392 1394 1403 1406 1412 1419 1423 1434 1449 1458 1483 1486 1496 1528 1536 1544 1553 1556 1568 1584 1592 1597 1622 1641 1645 1692 1698 1711 1718 1738 1747 1751 1756 1776 1777 1779 1797 1811 1857 1867 1868 1876 1882 1890 1896 1922 1944 1957 1963 1984 1989 2001 2006 2013 2018 2025 2037 2058 2063 2082 2083
9,15,CG-MOACO,area_s5_t300,0.36329588014981273,1538.4826957535843,1.0954451150103321,9 38 40 47 55 62 67 80 102 119 129 136 137 139 148 150 152 165 175 176 178 180 182 189 190 196 219 244 261 307 316 332 334 362 380 386 412 420 429 434 438 475 479 492 497 504 508 583 594 611 615 622 626 636 637 641 650 656 661 680 693 700 708 716 737 760 771 775 790 795 806 812 815 857 860 862 879 894 911 917 925 942 954 967 968 978 980 987 1028 1039 1045 1055 1060 1084 1101 1127 1139 1143 1152 1154 1156 1163 1180 1188 1199 1237 1243 1245 1258 1262 1264 1268 1270 1293 1300 1335 1339 1359 1361 1364 1373 1376 1410 1412 1419 1422 1425 1456 1462 1483 1495 1511 1517 1520 1525 1532 1535 1540 1566 1590 1616 1637 1645 1673 1685 1711 1718 1729 1734 1736 1738 1747 1766 1779 1784 1787 1792 1797 1803 1806 1818 1823 1840 1854 1858 1860 1866 1874 1897 1913 1926 1963 1983 1987 2001 2003 2014 2037 2045 2057
9,16,CG-MOACO,area_s5_t300,0.3651685393258427,1524.5364771811376,1.3564659966250538,4 13 42 48 64 71 83 109 134 137 152 153 155 163 165 175 176 178 180 181 189 202 209 231 252 256 261 264 269 284 285 306 311 317 369 391 398 401 414 424 439 449 450 452 465 475 487 497 504 506 525 536 545 562 593 611 615 616 708 716 719 722 734 737 738 740 750 760 765 767 790 803 807 831 837 847 857 858 885 905 910 911 925 929 935 946 957 967 978 991 995 1011 1030 1039 1042 1043 1062 1064 1069 1070 1104 1105 1127 1143 1155 1158 1186 1228 1243 1264 1297 1302 1318 1339 1344 1363 1368 1376 1392 1394 1400 1411 1412 1422 1434 1446 1447 1463 1482 1484 1523 1565 1583 1604 1614 1617 1619 1627 1638 1648 1650 1652 1655 1673 1677 1718 1719 1726 1734 1738 1739 1743 1747 1765 1779 1792 1797 1803 1818 1854 1858 1861 1866 1884 1919 1926 1928 1963 1965 1980 1983 1987 2003 2016 2028 2045 2046 2063
9,17,CG-MOACO,area_s5_t300,0.36282771535580527,1522.028386702756,3.8157568056677826,31 40 47 49 55 66 67 76 80 98 102 105 106 114 137 149 167 172 175 176 200 206 219 230 235 252 258 261 270 284 306 307 308 317 319 325 335 350 356 358 364 386 426 437 508 550 553 564 578 585 593 595 605 613 615 626 648 671 676 687 693 696 700 726 740 750 770 790 806 812 825 829 831 851 870 889 903 910 911 917 941 945 957 978 982 1001 1011 1036 1042 1060 1070 1079 1089 1105 1117 1137 1139 1143 1153 1158 1171 1199 1202 1204 1213 1237 1241 1264 1280 1287 1288 1297 1300 1311 1323 1336 1338 1341 1367 1377 1384 1387 1395 1399 1419 1423 1430 1436 1440 1446 1457 1465 1492 1495 1524 1527 1541 1544 1553 1556 1573 1590 1645 1672 1676 1686 1718 1738 1750 1756 1765 1776 1779 1787 1789 1792 1797 1815 1822 1823 1842 1852 1854 1861 1867 1882 1898 1928 1979 1983 2023 2024 2037 2045 2058 2063 2074 2080 2082
9,18,CG-MOACO,area_s5_t300,0.37546816479400746,1510.751591210094,2.85657137141714,7 47 56 60 80 87 89 106 110 114 129 134 165 175 182 190 197 199 207 211 215 230 247 266 270 286 308 324 334 336 356 371 395 410 445 452 496 497 508 545 562 575 593 612 644 650 658 676 692 708 728 734 739 743 750 760 763 775 790 796 802 806 807 809 825 831 862 868 899 902 910 911 913 936 946 950 951 954 958 966 977 993 1020 1024 1026 1037 1042 1055 1062 1066 1086 1089 1096 1127 1143 1158 1183 1187 1192 1230 1234 1237 1258 1261 1264 1268 1280 1295 1297 1301 1304 1318 1339 1367 1379 1384 1403 1408 1412 1419 1423 1424 1434 1440 1456 1504 1531 1544 1554 1566 1604 1617 1648 1652 1655 1660 1672 1684 1711 1718 1747 1756 1764 1768 1770 1779 1789 1809 1811 1815 1818 1821 1823 1831 1840 1848 1857 1866 1888 1896 1919 1928 1937 1953 1983 1991 2009 2018 2023 2027 2037 2045 2058 2063
9,19,CG-MOACO,area_s5_t300,0.37031835205992514,1516.3288363270722,2.756809750418044,9 29 31 38 59 72 78 80 101 129 132 137 165 167 173 175 176 189 191 200 201 204 215 219 220 228 240 251 252 257 261 278 288 292 306 316 326 352 440 450 465 466 472 508 510 554 555 562 593 598 607 634 636 676 685 692 693 723 731 737 760 766 770 771 796 806 807 808 811 836 878 890 897 911 912 925 929 956 974 978 994 999 1001 1002 1039 1068 1083 1089 1127 1137 1143 1158 1162 1173 1182 1199 1201 1202 1204 1205 1207 1219 1237 1239 1259 1262 1264 1266 1295 1297 1304 1318 1323 1333 1339 1361 1363 1370 1373 1377 1383 1385 1391 1409 1422 1434 1454 1455 1463 1469 1483 1486 1529 1554 1584 1604 1606 1616 1643 1645 1652 1654 1678 1680 1700 1706 1718 1747 1752 1756 1779 1784 1787 1793 1797 1821 1823 1830 1834 1838 1866 1867 1922 1923 1964 1984 1986 1991 1995 2009 2018 2037 2057 2063 2083
9,20,CG-MOACO,area_s5_t300,0.36704119850187267,1516.4123436344485,1.019803902718557,1 31 62 63 80 105 121 132 157 173 175 176 180 181 194 200 206 214 215 240 252 278 283 285 292 308 317 334 336 348 371 379 391 399 405 411 415 431 445 449 450 464 466 491 515 518 530 560 565 598 607 613 647 657 664 666 671 676 700 708 719 729 731 734 760 772 775 776 782 802 825 834 841 853 855 857 862 885 894 905 910 915 917 929 941 946 956 958 975 980 991 1006 1024 1039 1089 1127 1128 1141 1143 1150 1158 1167 1171 1182 1199 1222 1239 1244 1253 1262 1264 1289 1292 1297 1300 1331 1336 1339 1344 1360 1370 1378 1393 1394 1406 1412 1434 1440 1441 1455 1456 1482 1496 1524 1560 1584 1591 1600 1638 1642 1645 1652 1711 1718 1756 1765 1775 1785 1797 1800 1802 1808 1809 1812 1819 1822 1823 1839 1842 1867 1884 1894 1896 1920 1937 1940 1946 1963 1965 1967 1983 2009 2023 2037 2045 2057 2064
9,21,CG-MOACO,area_s5_t300,0.3651685393258427,1520.5301550439954,3.006659275674582,1 31 36 58 80 86 88 102 110 118 122 137 149 153 155 165 175 178 191 196 209 214 220 230 238 242 257 277 292 317 322 334 366 371 374 386 423 430 432 458 465 514 523 525 555 562 593 606 615 624 638 643 658 675 694 698 708 721 736 740 749 762 771 776 806 807 812 825 857 860 862 867 879 885 908 911 920 929 956 957 958 960 961 967 982 1001 1016 1039 1063 1068 1105 1124 1127 1136 1143 1152 1158 1188 1199 1202 1236 1237 1262 1274 1292 1296 1299 1300 1314 1318 1327 1334 1335 1338 1339 1376 1403 1406 1412 1415 1419 1422 1423 1426 1437 1440 1448 1458 1469 1483 1494 1524 1544 1559 1571 1584 1591 1614 1618 1629 1645 1652 1653 1659 1660 1672 1686 1718 1735 1747 1765 1787 1792 1797 1803 1813 1818 1823 1840 1845 1873 1879 1947 1953 1960 1963 1983 1991 1995 2019 2027 2036 2044 2058 2063 2070 2073 2083
9,22,CG-MOACO,area_s5_t300,0.3707865168539326,1511.443043568032,0.8,7 9 13 19 39 47 61 64 78 80 100 103 119 132 137 162 175 176 179 194 197 198 201 204 220 223 252 261 284 285 288 306 310 316 350 386 412 415 429 449 457 470 497 500 504 532 542 544 562 578 579 590 594 599 606 621 626 654 656 659 675 697 708 719 741 748 771 776 784 804 808 814 857 858 862 872 910 911 920 929 941 972 975 1012 1020 1028 1039 1057 1059 1060 1064 1079 1097 1105 1127 1141 1143 1159 1164 1171 1173 1187 1199 1203 1221 1223 1228 1259 1264 1302 1308 1318 1326 1339 1350 1361 1374 1404 1405 1409 1410 1412 1419 1425 1429 1432 1435 1439 1487 1528 1529 1532 1544 1564 1594 1599 1604 1627 1645 1649 1652 1654 1656 1660 1670 1680 1736 1747 1753 1756 1788 1791 1793 1795 1802 1808 1815 1818 1842 1901 1910 1928 1937 1980 1983 1989 2005 2008 2011 2023 2035 2045 2046 2053 2058 2063 2078
9,23,CG-MOACO,area_s5_t300,0.3595505617977528,1547.4135997809212,2.244994432064365,1 31 40 47 55 58 80 98 102 105 127 132 137 144 148 152 166 168 170 175 176 184 206 218 235 246 252 261 278 285 287 311 317 319 325 334 341 344 367 371 415 423 450 464 465 496 504 516 523 528 532 562 578 593 602 605 613 625 648 650 651 700 708 734 738 740 745 771 790 802 806 809 828 829 836 843 847 890 914 918 929 957 978 981 982 1017 1019 1020 1024 1028 1032 1055 1062 1070 1083 1089 1097 1105 1117 1126 1128 1137 1143 1173 1187 1202 1223 1230 1239 1260 1264 1280 1289 1300 1318 1323 1336 1339 1345 1361 1370 1384 1393 1395 1412 1419 1425 1435 1440 1504 1506 1519 1528 1582 1584 1599 1603 1605 1609 1616 1629 1642 1645 1647 1659 1685 1703 1734 1756 1780 1787 1790 1795 1804 1808 1812 1823 1836 1860 1896 1901 1913 1923 1940 1945 1959 1965 1967 1977 1983 1991 1993 1996 2023 2024 2038 2057 2063
9,24,CG-MOACO,area_s5_t300,0.34597378277153557,1546.7722679055464,2.5768197453450252,4 9 14 47 72 76 80 98 101 102 114 118 122 143 165 175 182 189 196 201 215 219 220 241 247 251 252 261 270 276 278 288 292 306 316 323 369 370 395 411 496 502 503 516 525 528 542 562 579 593 605 616 618 624 625 654 665 700 708 711 716 725 738 740 749 760 771 774 775 790 806 809 820 867 868 872 878 887 894 897 905 911 920 929 957 1001 1020 1024 1039 1062 1078 1089 1110 1127 1143 1150 1158 1166 1175 1183 1187 1192 1199 1201 1205 1219 1222 1237 1239 1259 1264 1268 1279 1281 1296 1297 1304 1308 1323 1324 1336 1343 1360 1370 1384 1386 1394 1399 1403 1409 1412 1422 1434 1437 1441 1457 1483 1524 1541 1544 1571 1584 1608 1616 1627 1645 1652 1655 1656 1658 1671 1686 1701 1711 1718 1721 1747 1756 1783 1787 1792 1793 1795 1823 1825 1830 1845 1846 1867 1882 1895 1900 1919 1928 1959 1983 1991 2023 2041 2045 2058 2063 2073
9,25,CG-MOACO,area_s5_t300,0.33380149812734083,1564.0411987239697,1.7888543819998317,31 38 47 59 66 80 97 99 101 114 117 119 120 129 137 143 156 165 175 176 184 202 252 288 289 306 308 311 317 336 346 356 371 403 421 429 430 440 445 450 461 465 536 559 562 570 593 602 605 607 611 615 617 618 626 648 650 676 687 694 700 708 719 734 737 740 773 775 790 802 806 807 812 842 853 862 868 877 890 897 900 915 929 941 952 966 1001 1032 1042 1053 1069 1070 1084 1086 1089 1117 1127 1129 1137 1143 1164 1173 1183 1184 1187 1199 1202 1234 1237 1243 1244 1278 1296 1304 1307 1308 1332 1334 1336 1339 1343 1344 1360 1361 1379 1384 1386 1398 1403 1404 1412 1418 1422 1423 1435 1440 1463 1469 1483 1485 1524 1529 1565 1571 1614 1629 1638 1645 1652 1673 1676 1718 1731 1738 1747 1756 1777 1779 1792 1793 1815 1840 1845 1854 1859 1882 1923 1924 1928 1932 1959 1983 1989 2008 2010 2018 2023 2026 2037 2045 2046 2047 2057 2063 2074
9,26,CG-MOACO,area_s5_t300,0.36142322097378277,1534.2433339837273,3.847076812334269,1 5 10 15 19 31 38 47 59 61 80 89 98 102 119 137 148 172 175 176 187 204 230 257 258 261 276 277 284 288 290 311 314 316 336 341 355 371 386 391 392 410 415 420 457 469 484 496 497 508 529 547 562 571 583 594 605 607 611 626 638 708 711 719 722 734 740 760 771 773 790 796 807 812 825 862 868 879 885 902 927 934 937 957 967 975 977 980 1001 1011 1019 1027 1042 1060 1069 1070 1088 1136 1143 1153 1158 1164 1166 1199 1202 1230 1237 1253 1262 1264 1276 1278 1288 1301 1318 1323 1328 1339 1341 1361 1373 1376 1377 1383 1430 1455 1463 1480 1524 1537 1549 1552 1560 1579 1591 1599 1605 1616 1645 1647 1652 1658 1692 1711 1745 1749 1756 1768 1779 1787 1792 1797 1813 1815 1818 1823 1838 1839 1840 1842 1852 1854 1873 1882 1884 1888 1891 1911 1919 1924 1926 1928 1945 1967 1983 2001 2006 2037 2063 2083
9,27,CG-MOACO,area_s5_t300,0.34035580524344566,1553.282995818143,2.0,9 31 55 77 80 85 98 117 132 137 147 152 157 170 175 176 189 196 198 200 215 219 222 252 257 278 284 292 307 311 334 337 351 370 379 395 404 406 440 443 458 465 475 508 545 554 562 578 581 591 593 602 605 615 618 621 640 654 656 694 700 708 734 740 760 771 773 775 790 802 806 808 814 818 820 825 846 860 862 867 892 897 911 919 929 941 945 957 966 978 980 991 999 1001 1008 1045 1062 1078 1082 1091 1105 1126 1140 1143 1144 1158 1161 1174 1177 1187 1199 1201 1202 1223 1245 1254 1262 1264 1274 1288 1292 1296 1302 1304 1318 1327 1335 1338 1341 1353 1360 1361 1373 1383 1394 1412 1456 1463 1482 1487 1488 1523 1529 1554 1645 1652 1654 1670 1671 1673 1718 1720 1747 1756 1769 1777 1779 1781 1787 1793 1797 1818 1823 1845 1854 1872 1878 1892 1909 1924 1926 1946 1963 1966 1983 2006 2008 2016 2018 2025 2037 2045 2057 2063 2083
9,28,CG-MOACO,area_s5_t300,0.3426966292134831,1549.0238702913407,1.4696938456699067,1 19 31 46 79 80 98 102 106 129 137 167 175 176 178 180 189 200 209 210 219 222 246 251 252 257 270 284 285 289 292 311 313 317 319 334 379 413 419 434 440 465 517 536 559 562 575 583 591 593 602 613 615 626 648 650 659 675 678 687 695 699 700 708 719 734 766 771 773 782 806 825 862 870 895 900 910 918 938 939 941 943 955 958 974 978 980 990 1041 1059 1062 1070 1081 1089 1105 1127 1129 1137 1143 1153 1175 1185 1187 1199 1202 1203 1209 1229 1234 1243 1258 1259 1262 1264 1278 1288 1301 1304 1308 1315 1323 1335 1339 1361 1370 1376 1392 1393 1410 1412 1446 1463 1480 1483 1524 1527 1544 1561 1582 1594 1615 1637 1638 1643 1645 1648 1652 1660 1706 1718 1726 1734 1743 1752 1756 1768 1777 1787 1797 1802 1805 1808 1815 1823 1833 1839 1842 1860 1866 1888 1892 1900 1924 1937 1983 2005 2009 2010 2014 2018 2037 2057 2063 2067
9,29,CG-MOACO,area_s5_t300,0.3637640449438202,1534.763589303266,3.0724582991474434,1 9 14 26 31 38 47 49 80 98 106 121 137 143 148 165 175 176 179 189 191 202 215 220 232 241 252 261 276 284 285 292 311 317 323 331 334 371 382 411 424 449 456 487 500 504 508 518 525 562 581 592 599 638 656 665 675 700 705 708 716 719 740 748 771 774 775 806 808 810 825 826 845 862 883 884 897 910 917 928 929 938 941 943 949 957 958 966 982 1001 1018 1024 1055 1062 1078 1079 1089 1105 1129 1137 1143 1150 1171 1173 1187 1202 1212 1223 1237 1244 1266 1279 1288 1297 1318 1327 1331 1339 1355 1363 1385 1386 1394 1403 1406 1412 1419 1423 1446 1448 1456 1458 1461 1482 1490 1495 1511 1513 1520 1531 1541 1544 1584 1617 1660 1673 1708 1718 1721 1729 1747 1756 1777 1787 1797 1802 1808 1817 1818 1823 1829 1840 1849 1866 1896 1921 1979 1983 1995 2001 2008 2023 2028 2038 2057 2066 2073
9,30,CG-MOACO,area_s5_t300,0.2907303370786517,1654.0554177127808,0.7483314773547882,38 47 79 80 85 95 102 117 122 132 137 148 157 166 169 175 176 179 182 186 191 196 219 222 245 252 257 261 263 265 270 276 277 292 307 310 317 334 344 362 393 429 440 449 450 458 465 475 485 504 514 516 562 578 593 605 626 640 648 697 700 705 708 716 721 726 734 740 749 750 771 775 776 802 806 812 814 818 821 827 845 847 868 885 892 910 911 913 920 929 938 941 946 951 957 967 977 980 987 999 1001 1024 1037 1039 1058 1062 1064 1089 1091 1104 1143 1158 1173 1183 1187 1189 1199 1204 1212 1223 1258 1262 1280 1281 1297 1302 1304 1314 1318 1323 1329 1342 1360 1361 1370 1385 1392 1395 1403 1412 1418 1423 1434 1440 1448 1449 1453 1480 1495 1524 1535 1537 1544 1553 1571 1608 1616 1645 1647 1652 1656 1660 1672 1683 1700 1718 1734 1735 1747 1756 1780 1792 1797 1802 1808 1815 1819 1823 1827 1859 1882 1884 1888 1898 1900 1919 1928 1963 1979 1983 2006 2008 2023 2027 2045 2058 2063 2080 2083
9,31,CG-MOACO,area_s5_t300,0.32537453183520604,1585.3559863449573,0.8944271909999159,38 40 47 55 64 80 82 96 102 106 114 118 134 137 142 143 160 165 175 176 179 181 189 220 252 257 261 278 284 292 306 308 311 317 323 356 371 395 411 428 440 448 450 464 470 501 508 526 560 562 580 588 593 598 602 605 607 615 622 626 637 650 654 671 678 693 708 712 716 737 777 783 796 802 806 809 818 825 847 860 870 872 900 903 910 911 915 927 929 941 957 978 1001 1018 1028 1035 1036 1039 1045 1060 1078 1089 1105 1137 1143 1173 1180 1183 1187 1202 1223 1231 1237 1239 1244 1259 1261 1264 1279 1295 1297 1301 1323 1339 1343 1370 1377 1403 1409 1410 1419 1422 1425 1435 1448 1449 1469 1483 1484 1495 1505 1518 1524 1544 1552 1566 1582 1589 1606 1645 1648 1652 1660 1711 1718 1719 1735 1737 1738 1747 1756 1776 1779 1787 1789 1793 1797 1811 1815 1823 1867 1878 1924 1953 1963 1966 1983 1991 2008 2009 2010 2014 2023 2027 2033 2038 2044 2047 2057 2063
9,32,CG-MOACO,area_s5_t300,0.33941947565543074,1571.019902644381,1.3266499161421599,7 26 31 39 47 78 86 98 102 109 118 132 153 155 175 178 180 196 204 210 220 247 252 257 261 265 270 284 285 310 314 317 323 334 336 362 366 370 412 415 426 429 432 450 458 464 467 474 480 500 516 536 541 562 578 580 593 603 605 606 620 626 648 650 654 678 716 719 739 741 771 777 804 806 809 853 868 870 890 910 920 929 934 946 957 978 982 1020 1037 1039 1089 1097 1127 1128 1143 1151 1158 1175 1183 1187 1189 1199 1202 1205 1208 1213 1228 1232 1237 1243 1245 1254 1260 1264 1280 1300 1308 1318 1323 1339 1342 1370 1375 1379 1393 1399 1401 1403 1412 1413 1416 1419 1434 1437 1441 1453 1482 1486 1506 1527 1541 1544 1570 1584 1606 1633 1637 1658 1711 1718 1734 1735 1739 1747 1756 1776 1779 1781 1793 1813 1815 1823 1842 1854 1857 1874 1888 1909 1919 1923 1928 1963 1976 1983 1986 1994 2024 2025 2030 2038 2044 2058 2063 2073
9,33,CG-MOACO,area_s5_t300,0.29868913857677903,1669.5006750993155,0.4,1 9 31 38 43 47 55 76 80 83 86 102 106 129 137 152 154 158 159 165 175 176 179 181 202 220 222 233 252 257 284 292 300 308 311 317 334 338 379 412 440 449 450 459 464 465 514 525 546 554 562 565 593 602 626 637 648 650 652 694 700 705 708 716 719 734 736 740 750 760 771 775 802 806 807 809 812 816 820 825 831 836 846 857 862 868 870 900 905 911 917 920 937 939 941 945 948 950 954 958 998 1001 1020 1024 1036 1039 1062 1086 1105 1127 1137 1143 1158 1162 1183 1187 1189 1199 1202 1237 1262 1264 1297 1300 1314 1318 1320 1327 1331 1339 1346 1353 1377 1385 1392 1394 1399 1400 1419 1423 1425 1440 1446 1453 1456 1457 1483 1490 1495 1516 1524 1531 1544 1565 1571 1590 1610 1645 1652 1667 1673 1718 1747 1777 1779 1784 1787 1792 1797 1803 1811 1823 1829 1835 1840 1842 1854 1860 1866 1924 1928 1937 1944 1954 1963 1966 1981 1983 2003 2008 2016 2018 2023 2025 2037 2047 2057 2063 2082
9,34,CG-MOACO,area_s5_t300,0.33614232209737827,1561.3189861939275,1.5999999999999999,1 7 9 31 47 60 78 80 85 91 98 114 132 137 156 175 176 179 189 197 200 203 206 215 252 263 278 285 289 292 316 334 344 352 371 379 404 449 450 453 458 464 465 517 533 536 562 583 593 602 641 648 650 664 676 678 695 700 708 723 731 741 750 760 771 772 782 790 802 806 807 811 820 825 842 846 853 868 885 905 913 917 929 934 955 982 1001 1039 1042 1062 1065 1069 1070 1077 1086 1089 1097 1105 1127 1137 1143 1149 1158 1167 1173 1183 1187 1191 1199 1202 1205 1231 1243 1259 1264 1278 1297 1302 1318 1323 1327 1340 1370 1375 1376 1384 1392 1393 1403 1406 1412 1419 1434 1435 1438 1458 1482 1496 1528 1554 1565 1582 1618 1638 1645 1650 1652 1686 1701 1717 1756 1775 1777 1779 1787 1797 1815 1839 1840 1842 1852 1866 1872 1882 1888 1902 1924 1928 1940 1946 1959 1983 1987 1991 2006 2008 2025 2036 2038 2044 2046 2058 2063 2083
9,35,CG-MOACO,area_s5_t300,0.2514044943820225,1744.6782435669525,2.727636339397171,1 9 20 31 38 47 55 76 78 80 83 98 102 106 114 121 141 157 174 175 178 197 206 215 220 221 226 230 247 249 252 257 258 265 270 278 284 285 292 306 317 336 348 369 371 409 415 440 445 450 458 465 480 485 491 508 546 554 562 578 589 593 605 612 615 621 625 637 648 654 685 700 705 719 721 734 738 740 747 760 771 790 802 806 809 828 836 860 862 870 899 900 910 915 918 929 937 941 955 957 958 978 980 994 1001 1019 1028 1039 1062 1064 1077 1089 1091 1105 1106 1123 1139 1143 1151 1173 1183 1187 1189 1199 1205 1223 1228 1239 1258 1262 1264 1279 1296 1297 1300 1304 1311 1314 1318 1338 1339 1370 1372 1376 1379 1385 1399 1401 1403 1412 1413 1419 1423 1434 1435 1441 1448 1483 1511 1524 1526 1529 1544 1553 1565 1571 1584 1612 1614 1616 1629 1643 1645 1673 1714 1718 1743 1747 1756 1766 1775 1779 1785 1792 1794 1815 1823 1840 1842 1845 1852 1854 1860 1882 1898 1924 1928 1963 1965 1979 1981 1983 1989 2010 2023 2027 2035 2037 2045 2057 2076 2083
9,36,CG-MOACO,area_s5_t300,0.25936329588014984,1731.348940714922,1.2649110640673518,1 9 19 26 29 31 39 40 47 67 77 79 102 105 106 109 112 132 137 175 176 178 179 191 200 206 210 221 249 252 257 284 285 306 311 317 336 356 369 370 379 391 415 424 429 434 437 445 450 465 467 480 497 516 532 560 562 564 571 592 593 607 613 626 629 637 648 671 675 700 705 708 716 719 729 734 740 776 802 809 812 829 860 862 877 890 900 902 910 919 920 929 941 946 957 958 967 976 978 980 994 1001 1016 1024 1039 1052 1064 1068 1070 1089 1105 1127 1137 1140 1143 1156 1158 1175 1183 1187 1199 1222 1237 1239 1262 1264 1292 1297 1304 1308 1311 1318 1323 1336 1338 1339 1341 1361 1370 1373 1378 1383 1385 1394 1412 1414 1418 1423 1434 1436 1463 1482 1486 1490 1520 1524 1528 1529 1553 1571 1584 1594 1604 1630 1643 1645 1652 1654 1660 1673 1718 1739 1756 1763 1781 1792 1793 1797 1808 1813 1818 1823 1835 1839 1840 1842 1845 1854 1860 1882 1909 1924 1928 1937 1940 1963 1967 1983 2006 2008 2016 2018 2023 2025 2036 2037 2045 2057 2063 2076
9,37,CG-MOACO,area_s5_t300,0.29119850187265917,1653.1655849020494,0.9797958971132712,9 31 38 59 66 78 80 89 99 102 106 114 124 132 143 152 165 170 172 173 180 190 196 236 247 252 261 270 278 284 285 306 308 311 316 336 348 371 398 420 440 445 450 458 464 465 478 486 490 527 533 543 545 558 559 562 574 605 606 612 626 650 654 664 700 708 712 717 738 740 760 771 775 776 790 795 806 809 825 827 853 862 868 892 910 925 929 941 946 957 977 980 987 1020 1024 1028 1036 1039 1053 1060 1073 1086 1089 1105 1115 1117 1127 1137 1143 1156 1158 1164 1173 1183 1187 1189 1199 1202 1223 1228 1237 1256 1262 1264 1268 1280 1292 1296 1297 1308 1336 1339 1341 1344 1346 1361 1370 1375 1378 1384 1394 1412 1418 1430 1433 1434 1435 1440 1453 1469 1517 1524 1565 1571 1573 1614 1616 1634 1645 1652 1660 1673 1708 1718 1743 1747 1756 1779 1789 1797 1809 1813 1823 1830 1840 1842 1845 1847 1860 1882 1884 1900 1916 1937 1940 1954 1963 1983 1986 1991 2006 2016 2018 2023 2037 2045 2057 2063 2083
9,38,CG-MOACO,area_s5_t300,0.30149812734082393,1609.7783101895757,2.6076809620810595,1 31 47 78 80 102 111 132 137 149 166 176 179 189 197 206 215 219 220 235 252 257 261 270 276 278 284 285 292 311 316 334 341 362 370 391 398 411 415 424 440 448 450 464 465 475 481 504 516 525 532 544 545 562 578 591 593 613 641 650 675 705 708 716 719 734 741 763 771 775 776 796 802 808 812 825 829 836 857 862 867 868 885 910 911 917 925 929 934 946 967 978 980 985 999 1001 1024 1028 1037 1039 1060 1068 1070 1089 1127 1132 1137 1141 1143 1158 1164 1173 1183 1187 1189 1199 1202 1205 1223 1237 1259 1262 1264 1268 1293 1297 1318 1323 1324 1337 1339 1363 1370 1373 1375 1384 1391 1394 1399 1403 1412 1419 1434 1441 1448 1480 1524 1529 1571 1589 1616 1618 1622 1645 1652 1670 1677 1683 1708 1718 1719 1734 1747 1756 1793 1797 1808 1811 1823 1830 1842 1847 1857 1860 1866 1882 1884 1888 1896 1901 1923 1937 1940 1963 1965 1984 2006 2008 2013 2023 2024 2037 2045 2057 2063
9,39,CG-MOACO,area_s5_t300,0.28745318352059923,1635.116095723532,2.449489742783178,1 31 38 41 47 55 59 78 80 90 101 102 129 132 137 152 157 175 176 178 185 187 189 200 215 219 220 223 236 252 257 265 270 275 278 284 285 307 317 334 362 379 415 440 449 450 458 461 465 477 484 508 528 533 554 562 583 589 593 607 615 621 642 648 650 659 675 700 708 717 734 740 749 771 775 787 802 806 809 812 825 847 853 868 900 910 925 929 936 941 950 955 972 978 980 991 993 1001 1039 1062 1070 1077 1089 1105 1107 1117 1118 1129 1137 1139 1143 1158 1175 1187 1188 1199 1202 1205 1222 1234 1237 1251 1259 1262 1264 1280 1296 1304 1318 1327 1339 1341 1353 1360 1362 1363 1373 1385 1395 1412 1418 1434 1441 1453 1455 1463 1469 1524 1540 1565 1584 1599 1616 1643 1645 1652 1653 1660 1714 1718 1743 1745 1756 1787 1792 1797 1802 1808 1813 1815 1818 1823 1835 1839 1852 1866 1873 1882 1888 1901 1919 1921 1924 1928 1953 1963 1967 1979 1983 2006 2008 2018 2023 2027 2037 2039 2045 2057 2063 2083
9,40,CG-MOACO,area_s5_t300,0.327247191011236,1567.8017161207024,3.555277766926235,1 14 31 61 79 98 102 106 109 110 114 137 148 152 157 175 176 180 191 206 209 252 257 270 283 308 311 314 317 334 336 343 371 379 380 391 398 409 433 440 448 450 457 459 464 465 480 503 525 558 562 593 605 611 613 625 629 648 650 671 685 687 700 708 716 734 738 740 760 772 802 820 846 862 868 883 885 900 905 910 917 929 938 941 943 946 950 978 980 985 991 1000 1024 1039 1058 1069 1070 1078 1089 1091 1105 1127 1129 1137 1143 1158 1173 1183 1187 1199 1202 1205 1223 1228 1234 1244 1259 1264 1278 1297 1302 1318 1323 1330 1336 1339 1344 1352 1370 1374 1383 1385 1386 1392 1394 1412 1419 1430 1434 1486 1496 1524 1526 1529 1559 1571 1584 1616 1618 1638 1645 1654 1659 1660 1697 1718 1734 1739 1756 1761 1769 1792 1794 1797 1800 1823 1836 1839 1842 1852 1860 1869 1884 1896 1900 1937 1961 1963 1967 1983 1991 2005 2023 2036 2037 2045 2057
9,41,CG-MOACO,area_s5_t300,0.33099250936329583,1548.5178657752356,2.280350850198276,1 9 14 19 31 38 41 47 78 80 98 102 114 129 132 167 175 181 184 201 215 218 226 230 247 251 252 276 284 285 300 311 317 334 356 362 379 381 409 415 437 440 449 450 458 465 478 480 523 528 533 536 540 554 562 578 585 593 615 617 625 648 650 654 675 700 708 736 741 750 772 802 806 828 860 862 879 894 911 917 920 929 972 975 980 1000 1032 1039 1042 1057 1062 1086 1104 1105 1117 1143 1149 1158 1162 1187 1199 1201 1204 1222 1224 1228 1237 1244 1257 1259 1264 1280 1300 1308 1311 1323 1329 1336 1339 1341 1361 1376 1384 1392 1394 1411 1412 1419 1428 1430 1440 1441 1446 1448 1479 1490 1495 1524 1544 1552 1565 1571 1599 1643 1645 1660 1718 1726 1734 1747 1756 1765 1777 1787 1792 1797 1808 1823 1824 1842 1851 1857 1860 1866 1882 1888 1901 1932 1937 1946 1963 1965 1983 1989 1991 2008 2018 2023 2026 2036 2037 2045 2057 2063 2080
9,42,CG-MOACO,area_s5_t300,0.3033707865168539,1612.6292023634219,2.0976176963403033,9 31 38 40 47 68 76 80 86 98 102 106 114 119 142 148 175 179 191 198 219 220 232 247 252 257 284 292 307 311 316 323 334 336 379 403 412 415 420 438 440 445 449 450 456 489 517 528 533 536 554 562 593 615 626 648 650 665 675 700 708 716 729 740 750 771 772 775 787 802 806 807 812 825 846 860 862 885 902 910 911 917 929 946 951 954 957 978 980 991 999 1016 1020 1021 1034 1037 1039 1060 1076 1086 1089 1118 1127 1129 1143 1151 1158 1170 1175 1183 1187 1205 1224 1234 1237 1245 1262 1264 1280 1313 1318 1323 1336 1339 1361 1376 1387 1394 1403 1411 1412 1414 1419 1422 1423 1426 1434 1435 1440 1446 1453 1482 1490 1492 1495 1520 1524 1526 1528 1531 1559 1565 1571 1617 1618 1652 1654 1660 1673 1711 1718 1738 1756 1777 1792 1797 1802 1808 1818 1823 1836 1839 1845 1851 1852 1860 1882 1896 1901 1909 1937 1961 1963 1965 1967 1983 2008 2018 2023 2026 2037 2045 2053 2057 2063
9,43,CG-MOACO,area_s5_t300,0.32958801498127344,1570.9284680263515,2.8000000000000003,1 9 47 68 80 98 101 102 129 132 137 148 152 156 165 175 178 182 196 200 201 205 215 220 252 257 261 278 285 315 316 319 334 336 366 371 420 438 440 449 450 453 464 466 495 508 516 537 541 562 579 583 589 593 602 605 637 648 671 676 685 700 716 723 739 741 760 773 802 806 807 809 812 815 825 842 860 885 905 910 915 917 929 941 954 967 976 978 982 1001 1024 1028 1031 1032 1039 1056 1062 1064 1068 1070 1073 1089 1105 1126 1137 1156 1158 1168 1170 1175 1187 1199 1202 1213 1237 1239 1264 1268 1278 1296 1300 1318 1323 1336 1338 1339 1360 1361 1364 1367 1376 1384 1394 1412 1422 1434 1435 1438 1440 1463 1482 1519 1523 1535 1544 1554 1565 1584 1599 1606 1618 1645 1647 1652 1655 1672 1677 1691 1700 1704 1711 1718 1721 1733 1747 1756 1777 1779 1787 1797 1804 1813 1823 1867 1940 1964 1983 1991 1993 2005 2018 2023 2025 2054 2055 2058 2063 2082
9,44,CG-MOACO,area_s5_t300,0.28464419475655434,1643.6717871391618,1.16619037896906,7 9 19 47 79 80 86 98 102 105 106 110 132 137 143 148 172 175 176 180 182 189 206 209 220 232 252 256 261 263 270 273 284 285 290 306 308 311 316 332 344 395 440 448 450 458 465 477 495 497 528 532 543 545 558 562 583 593 613 621 626 650 654 675 700 708 712 734 738 740 749 771 775 776 795 802 806 809 818 820 825 827 853 860 862 867 895 900 913 917 920 929 939 941 957 978 993 1012 1016 1017 1020 1024 1028 1039 1086 1105 1117 1127 1137 1143 1164 1170 1173 1183 1187 1188 1199 1201 1202 1203 1223 1262 1264 1281 1296 1303 1308 1311 1323 1327 1338 1361 1373 1376 1378 1383 1394 1403 1408 1412 1418 1423 1430 1434 1435 1463 1469 1483 1486 1487 1490 1529 1531 1534 1566 1571 1616 1631 1643 1645 1650 1652 1672 1678 1687 1700 1708 1714 1750 1756 1769 1787 1792 1797 1808 1813 1823 1831 1839 1840 1860 1888 1901 1923 1953 1963 1983 1986 1989 1991 2006 2023 2024 2025 2027 2037 2045 2058 2063 2078 2083
9,45,CG-MOACO,area_s5_t300,0.2879213483146067,1630.5051057250423,2.7129319932501077,1 5 19 31 38 47 80 98 99 102 137 150 153 175 176 189 197 200 201 206 218 220 226 230 246 252 257 261 270 284 307 308 310 317 326 334 356 362 365 391 417 440 442 450 464 465 474 483 485 496 504 524 525 528 536 543 547 554 555 558 593 626 671 675 685 700 701 708 716 734 740 749 772 795 802 812 860 862 870 872 900 910 911 912 929 941 943 957 958 978 982 991 994 1001 1007 1012 1016 1024 1028 1039 1059 1064 1089 1097 1105 1127 1137 1143 1158 1173 1183 1187 1199 1202 1205 1223 1231 1237 1239 1244 1257 1259 1262 1264 1297 1300 1308 1314 1323 1327 1339 1344 1370 1375 1376 1379 1383 1385 1392 1400 1403 1412 1419 1422 1430 1434 1457 1482 1486 1490 1496 1529 1554 1559 1565 1584 1638 1645 1647 1652 1654 1717 1753 1756 1781 1787 1808 1818 1835 1839 1845 1854 1860 1882 1888 1889 1896 1901 1909 1916 1922 1924 1926 1937 1942 1961 1963 1965 1983 2006 2018 2023 2036 2038 2046 2049 2055 2058 2064
9,46,CG-MOACO,area_s5_t300,0.3089887640449438,1592.3413207264414,2.4979991993593593,1 9 14 47 61 72 77 80 86 95 98 132 141 165 167 175 178 182 191 194 202 206 215 218 226 230 247 252 257 258 270 278 288 292 307 311 336 355 356 379 391 395 412 415 420 440 450 458 464 475 508 528 554 560 562 583 589 615 622 629 637 644 648 650 654 666 671 676 693 700 708 716 731 734 741 760 775 790 802 825 847 867 868 870 877 900 910 917 929 939 941 943 957 968 976 978 980 1020 1031 1037 1039 1060 1073 1089 1127 1137 1143 1151 1158 1173 1183 1189 1194 1199 1202 1223 1237 1254 1257 1264 1280 1296 1308 1318 1323 1336 1339 1360 1370 1380 1385 1403 1411 1412 1419 1423 1425 1435 1440 1446 1469 1490 1524 1528 1544 1553 1565 1568 1584 1589 1619 1638 1643 1645 1648 1653 1658 1673 1711 1718 1722 1726 1735 1738 1747 1756 1766 1769 1775 1787 1790 1797 1802 1808 1811 1819 1823 1835 1842 1860 1909 1937 1959 1965 1983 2023 2025 2038 2044 2049 2063 2080
9,47,CG-MOACO,area_s5_t300,0.31086142322097376,1581.8276974325715,2.5768197453450252,1 14 19 47 56 58 72 80 98 102 110 114 118 132 137 143 149 152 175 176 179 182 191 196 206 219 220 252 257 261 278 284 285 306 307 308 310 316 336 391 415 440 464 465 477 485 486 496 508 517 525 528 537 544 562 578 583 612 621 638 650 708 711 734 736 740 760 771 775 790 796 802 812 825 826 853 858 860 862 875 877 910 929 946 952 958 965 978 982 991 994 996 1001 1016 1024 1036 1060 1068 1070 1091 1127 1137 1143 1153 1168 1173 1187 1189 1199 1202 1204 1205 1223 1224 1230 1239 1244 1264 1279 1289 1316 1318 1336 1339 1359 1366 1370 1385 1394 1408 1412 1419 1434 1435 1440 1448 1455 1469 1482 1496 1520 1524 1528 1529 1544 1565 1571 1584 1587 1589 1599 1614 1618 1645 1647 1654 1660 1673 1678 1701 1714 1718 1747 1749 1752 1753 1756 1777 1792 1793 1797 1802 1808 1818 1823 1842 1860 1882 1919 1924 1928 1963 1965 1983 1989 2010 2023 2026 2037 2045 2057 2063
9,48,CG-MOACO,area_s5_t300,0.2696629213483146,1688.1232079374136,2.154065922853802,1 7 9 31 38 47 78 80 86 97 99 102 106 113 114 129 132 137 141 143 148 153 175 176 181 202 207 215 219 220 230 251 252 257 258 285 292 308 311 317 334 348 356 413 415 440 449 450 458 461 465 467 475 477 481 495 532 541 562 564 575 583 589 593 605 607 615 648 658 671 685 700 705 719 734 741 760 772 776 790 802 806 812 825 847 868 877 885 903 910 911 917 929 945 946 956 968 982 996 1012 1020 1026 1032 1036 1039 1057 1060 1064 1068 1089 1137 1143 1168 1173 1183 1187 1199 1202 1204 1215 1225 1231 1236 1237 1262 1264 1278 1304 1318 1323 1338 1339 1344 1374 1375 1376 1405 1409 1412 1419 1423 1430 1434 1435 1440 1469 1480 1518 1520 1524 1529 1551 1553 1565 1582 1584 1607 1618 1627 1637 1645 1652 1654 1680 1700 1718 1725 1735 1745 1775 1777 1797 1803 1808 1811 1819 1839 1840 1842 1854 1860 1882 1888 1922 1928 1937 1957 1959 1963 1966 1967 1983 1989 2001 2003 2006 2008 2010 2018 2023 2036 2045 2055 2058 2063 2076 2080
9,49,CG-MOACO,area_s5_t300,0.3230337078651685,1603.1039651862995,0.7483314773547882,1 9 26 29 47 59 78 98 102 106 109 133 137 141 167 175 176 180 182 220 252 256 265 270 278 284 285 317 319 334 336 338 352 371 379 381 391 398 412 415 429 430 449 450 458 465 477 495 497 510 516 525 536 541 544 554 562 578 602 615 626 644 648 650 675 685 698 700 719 734 740 750 771 802 808 812 862 867 868 885 900 905 917 920 941 954 961 968 978 998 1016 1017 1019 1020 1028 1032 1039 1068 1084 1089 1127 1137 1139 1141 1151 1158 1183 1187 1189 1199 1202 1223 1237 1262 1296 1297 1300 1304 1316 1318 1323 1327 1333 1334 1336 1339 1363 1369 1385 1399 1404 1412 1423 1434 1449 1463 1469 1486 1490 1544 1554 1561 1590 1594 1606 1616 1645 1647 1649 1652 1653 1673 1676 1677 1683 1700 1718 1726 1747 1751 1756 1779 1787 1793 1797 1811 1821 1831 1842 1845 1854 1856 1860 1878 1882 1900 1922 1928 1963 1983 2008 2018 2023 2025 2037 2045 2046 2057 2063
9,50,CG-MOACO,area_s5_t300,0.33333333333333337,1569.3088808216216,1.3564659966250538,1 40 55 59 61 80 86 98 102 106 129 134 144 148 162 178 182 218 247 249 252 257 278 285 290 292 311 319 336 355 356 371 379 402 409 415 426 440 449 450 458 464 485 508 510 517 525 528 545 554 562 583 593 612 617 629 637 650 654 671 675 700 708 719 734 741 750 772 775 777 802 806 825 847 867 900 911 919 929 939 941 955 965 974 978 980 994 1001 1024 1028 1036 1039 1062 1078 1089 1102 1127 1136 1137 1143 1151 1158 1171 1173 1182 1199 1202 1223 1228 1230 1237 1239 1264 1299 1318 1327 1331 1334 1336 1339 1369 1373 1384 1404 1411 1412 1423 1426 1434 1440 1441 1446 1448 1457 1477 1483 1490 1520 1524 1529 1548 1566 1569 1577 1594 1608 1618 1638 1645 1659 1671 1672 1687 1693 1708 1711 1718 1756 1787 1792 1797 1839 1840 1842 1854 1860 1866 1896 1933 1940 1960 1963 1967 1983 1986 1989 1999 2016 2023 2025 2028 2045 2047 2058 2064 2082 2083
9,51,CG-MOACO,area_s5_t300,0.25468164794007486,1737.792081335918,1.16619037896906,1 31 47 78 80 94 98 99 102 105 118 132 137 152 153 155 175 176 180 186 191 196 200 206 214 219 220 245 251 252 257 261 270 285 292 310 317 334 352 358 362 370 377 391 415 440 445 450 458 461 465 480 494 508 528 560 562 566 586 593 613 615 618 650 676 678 700 708 711 716 719 731 734 741 749 760 771 775 790 802 807 809 812 815 820 835 846 862 868 870 890 897 900 910 911 915 917 929 941 946 956 957 982 994 1016 1039 1062 1070 1077 1086 1089 1104 1105 1109 1127 1137 1143 1158 1164 1170 1173 1187 1202 1205 1234 1237 1258 1262 1264 1280 1289 1296 1302 1304 1308 1318 1323 1327 1336 1339 1360 1370 1373 1375 1376 1378 1385 1391 1393 1394 1412 1419 1422 1424 1440 1457 1469 1524 1538 1565 1615 1616 1617 1627 1631 1649 1652 1654 1660 1672 1718 1756 1776 1781 1797 1802 1808 1811 1818 1823 1835 1839 1840 1849 1852 1860 1882 1888 1901 1909 1911 1919 1928 1937 1952 1953 1966 1967 1983 2006 2008 2015 2018 2023 2025 2027 2029 2037 2058 2063 2083
9,52,CG-MOACO,area_s5_t300,0.25093632958801493,1758.8061316151732,1.16619037896906,1 9 20 38 47 56 64 78 80 99 102 105 114 137 148 152 155 165 175 176 178 196 200 206 219 226 230 251 252 257 258 265 270 278 284 285 290 334 338 344 348 362 377 398 415 437 440 458 461 465 477 486 489 508 510 515 525 528 533 543 546 554 558 562 583 593 602 612 622 626 643 648 654 675 700 708 719 723 738 741 771 795 802 806 810 825 836 858 862 868 907 910 911 929 945 948 957 977 1001 1018 1024 1036 1039 1058 1062 1064 1070 1077 1089 1105 1117 1127 1137 1143 1158 1162 1164 1175 1183 1187 1188 1191 1199 1202 1204 1205 1222 1224 1237 1239 1262 1264 1280 1292 1296 1300 1304 1311 1318 1320 1327 1336 1338 1339 1341 1342 1360 1376 1378 1383 1399 1412 1419 1423 1426 1434 1436 1440 1467 1507 1524 1544 1553 1565 1568 1571 1606 1614 1616 1618 1630 1645 1652 1718 1735 1743 1747 1756 1777 1787 1797 1808 1811 1812 1815 1831 1835 1840 1842 1854 1860 1866 1882 1888 1896 1901 1919 1924 1928 1937 1942 1954 1963 1983 1989 2005 2023 2024 2038 2044 2046 2058 2063 2082
9,53,CG-MOACO,area_s5_t300,0.2471910112359551,1772.5162125191455,1.9390719429665317,1 7 9 67 80 98 102 105 122 133 137 170 175 176 178 182 189 196 200 206 215 218 220 226 230 236 252 257 258 270 278 285 292 311 317 334 341 356 362 371 379 395 436 440 449 450 452 457 464 477 504 517 532 560 562 583 589 593 613 615 643 654 658 671 700 708 712 716 734 740 749 760 768 775 776 790 797 802 806 807 825 828 842 860 862 885 900 905 908 910 911 919 920 929 939 941 954 957 958 967 982 1001 1016 1018 1028 1036 1039 1062 1064 1070 1089 1091 1097 1105 1127 1137 1143 1151 1158 1175 1183 1187 1188 1199 1202 1236 1239 1258 1259 1264 1268 1280 1299 1300 1316 1318 1323 1330 1336 1339 1360 1361 1370 1376 1378 1383 1392 1394 1403 1405 1408 1412 1419 1425 1426 1435 1442 1487 1529 1534 1544 1565 1571 1584 1618 1638 1643 1645 1652 1683 1689 1711 1718 1734 1743 1756 1787 1792 1797 1804 1808 1819 1823 1836 1839 1840 1842 1854 1860 1882 1884 1888 1896 1900 1926 1937 1940 1953 1959 1963 1965 1967 1983 1986 2008 2018 2023 2025 2027 2037 2045 2057 2063 2083
9,54,CG-MOACO,area_s5_t300,0.29822097378277157,1615.5771796993633,3.2619012860600183,1 9 31 47 55 60 72 78 102 105 109 114 132 143 152 157 175 189 215 219 226 230 232 247 252 257 258 261 265 270 278 284 285 307 308 311 317 319 325 334 348 362 378 391 393 415 437 440 443 449 458 461 465 475 510 515 516 536 562 583 589 593 607 611 615 629 637 648 650 654 675 700 708 717 734 740 765 771 787 802 862 867 868 870 877 911 917 920 941 945 957 958 978 980 1012 1037 1039 1062 1073 1089 1096 1101 1115 1126 1137 1143 1158 1175 1183 1187 1189 1199 1202 1205 1222 1228 1237 1239 1244 1248 1258 1262 1264 1268 1296 1304 1318 1323 1328 1334 1341 1360 1361 1367 1376 1385 1391 1394 1412 1419 1423 1429 1434 1435 1453 1458 1469 1480 1483 1525 1529 1544 1582 1584 1615 1616 1645 1652 1654 1660 1667 1673 1717 1726 1745 1750 1756 1779 1787 1792 1795 1802 1811 1818 1821 1835 1839 1840 1842 1851 1860 1866 1882 1924 1937 1963 1980 1983 1995 2008 2018 2023 2036 2037 2046 2063 2073
9,55,CG-MOACO,area_s5_t300,0.276685393258427,1667.9506184676081,2.039607805437114,1 9 31 80 86 98 102 119 132 137 143 147 152 165 175 176 191 196 202 214 218 226 230 237 245 252 270 272 284 285 292 308 317 334 348 356 362 371 379 391 393 440 449 461 465 484 517 545 562 583 593 605 615 617 626 629 650 656 658 663 664 671 687 700 708 719 734 737 738 740 750 760 772 775 777 790 802 812 825 847 868 885 894 900 905 907 910 911 913 917 920 929 936 939 941 957 978 982 991 999 1001 1002 1020 1028 1035 1039 1062 1089 1091 1105 1127 1139 1143 1158 1162 1173 1183 1187 1199 1223 1231 1239 1262 1264 1295 1299 1304 1323 1334 1339 1367 1376 1378 1383 1390 1404 1412 1419 1422 1423 1425 1426 1436 1440 1457 1469 1480 1483 1487 1490 1528 1529 1540 1544 1554 1569 1616 1618 1645 1652 1654 1672 1687 1697 1700 1708 1718 1721 1723 1734 1738 1747 1756 1774 1777 1787 1792 1797 1808 1815 1829 1835 1854 1860 1865 1867 1882 1901 1926 1928 1940 1963 1983 1989 1995 2015 2018 2023 2037 2045 2046 2058 2063 2083
9,56,CG-MOACO,area_s5_t300,0.25749063670411987,1734.2373402634462,1.7888543819998317,1 9 38 59 61 78 80 98 99 102 122 132 137 139 156 165 175 176 178 182 218 220 221 226 230 252 257 258 260 261 278 288 306 310 316 350 362 371 402 409 411 415 440 449 450 458 465 485 508 528 543 560 562 564 589 593 602 605 606 607 611 612 615 616 626 643 648 652 676 694 700 708 716 721 741 760 771 775 790 795 802 806 809 825 841 853 857 858 862 868 900 907 910 915 917 941 958 978 982 1001 1028 1036 1039 1052 1060 1064 1070 1073 1086 1089 1105 1117 1127 1143 1149 1158 1173 1183 1184 1187 1188 1199 1202 1205 1223 1228 1237 1244 1258 1262 1264 1268 1292 1297 1304 1308 1310 1318 1323 1327 1334 1336 1338 1339 1360 1361 1364 1367 1370 1375 1384 1392 1393 1394 1412 1419 1422 1423 1434 1435 1440 1483 1519 1524 1535 1544 1571 1582 1584 1616 1645 1660 1670 1708 1747 1756 1768 1769 1787 1793 1794 1797 1808 1818 1836 1840 1845 1860 1882 1884 1888 1901 1937 1951 1953 1966 1980 1983 1986 1991 1995 2006 2008 2023 2025 2037 2045 2046 2058 2073
9,57,CG-MOACO,area_s5_t300,0.28043071161048694,1663.54778990886,1.9595917942265424,9 14 19 39 45 47 55 79 80 91 102 110 121 126 137 141 143 152 155 170 175 176 179 185 191 202 215 221 252 257 261 265 270 292 308 311 317 336 348 362 395 415 440 450 461 463 465 475 477 514 528 530 545 546 562 565 578 583 591 593 599 605 611 615 637 685 692 708 716 734 740 760 771 772 776 787 790 802 806 814 825 835 840 860 862 870 910 919 929 934 943 946 955 957 958 978 982 994 1001 1028 1036 1039 1042 1056 1064 1068 1070 1073 1077 1089 1091 1104 1105 1110 1137 1143 1173 1183 1187 1199 1202 1205 1225 1234 1245 1264 1274 1279 1282 1304 1318 1320 1336 1339 1341 1353 1361 1370 1376 1383 1394 1395 1412 1419 1426 1429 1434 1446 1453 1457 1482 1486 1524 1526 1529 1544 1553 1565 1571 1584 1614 1627 1637 1645 1652 1673 1718 1723 1734 1747 1756 1792 1797 1808 1819 1821 1823 1840 1842 1882 1913 1919 1963 1965 1979 1984 1991 2006 2008 2010 2016 2018 2023 2036 2037 2045 2047 2057 2063 2080 2082 2083
9,58,CG-MOACO,area_s5_t300,0.30852059925093633,1588.0645576501329,3.0724582991474434,1 9 31 40 47 77 80 89 105 117 132 137 143 162 167 175 176 194 196 218 226 230 236 252 257 258 263 278 285 292 308 317 334 336 356 371 379 393 440 449 475 480 483 490 508 525 559 562 583 589 591 593 626 648 650 658 671 675 692 698 708 712 734 740 744 766 775 802 806 807 815 825 831 842 847 860 879 885 900 905 910 911 925 929 939 941 952 956 957 978 980 1001 1012 1020 1024 1028 1036 1060 1069 1070 1078 1105 1127 1139 1143 1153 1156 1173 1187 1199 1202 1228 1237 1239 1259 1264 1280 1292 1296 1297 1302 1339 1341 1360 1370 1373 1383 1385 1394 1395 1411 1412 1418 1430 1434 1440 1453 1457 1469 1522 1524 1529 1565 1571 1584 1604 1608 1614 1616 1645 1654 1658 1660 1697 1711 1718 1721 1745 1756 1766 1769 1779 1787 1792 1793 1797 1812 1823 1834 1839 1842 1860 1882 1888 1900 1947 1954 1963 1967 1969 1983 1986 1989 1991 2005 2018 2023 2045 2049 2055 2058 2063 2083
9,59,CG-MOACO,area_s5_t300,0.25655430711610483,1712.204378953464,2.1908902300206643,9 31 38 47 55 76 80 89 98 102 106 114 137 141 148 152 172 175 176 178 191 197 200 201 215 218 226 230 252 258 263 270 275 278 316 332 334 336 344 371 379 393 415 436 440 450 458 461 485 504 508 517 528 543 545 554 562 583 591 593 605 615 618 621 625 637 641 650 654 686 700 708 719 734 741 760 771 775 790 802 806 815 836 862 868 900 910 912 929 941 943 952 957 978 991 1001 1019 1039 1042 1058 1060 1077 1089 1105 1117 1127 1129 1137 1139 1143 1152 1164 1170 1173 1187 1199 1202 1205 1228 1234 1237 1239 1245 1257 1261 1264 1268 1274 1280 1296 1301 1304 1311 1314 1318 1327 1334 1338 1339 1361 1370 1374 1375 1376 1386 1395 1408 1412 1419 1423 1426 1434 1435 1437 1440 1469 1495 1524 1537 1544 1565 1571 1612 1614 1637 1645 1652 1654 1660 1673 1701 1711 1718 1738 1756 1787 1797 1802 1808 1815 1819 1823 1830 1839 1842 1878 1882 1919 1922 1928 1944 1953 1959 1963 1965 1967 1983 1986 1989 2006 2023 2026 2027 2028 2033 2038 2047 2057 2063 2083
9,60,CG-MOACO,area_s5_t300,0.3174157303370787,1592.229266627036,2.039607805437114,9 31 47 60 80 98 102 106 110 129 137 142 147 152 153 165 175 176 180 200 221 252 257 270 273 284 285 292 317 334 336 338 356 360 379 386 440 450 458 461 463 465 484 490 508 517 528 554 562 593 605 606 613 626 638 650 654 671 685 708 711 716 738 741 743 760 772 790 794 806 807 808 820 825 831 836 857 862 868 910 911 917 929 941 943 952 954 968 978 980 987 994 996 1012 1017 1024 1028 1036 1039 1042 1062 1070 1072 1089 1091 1104 1132 1137 1139 1143 1183 1187 1199 1202 1204 1229 1259 1262 1264 1268 1296 1304 1308 1318 1331 1336 1339 1370 1375 1383 1387 1411 1412 1419 1424 1429 1434 1435 1440 1453 1483 1529 1540 1544 1565 1584 1591 1612 1615 1616 1643 1645 1652 1654 1697 1701 1718 1735 1747 1752 1756 1775 1781 1788 1793 1797 1808 1823 1840 1842 1852 1860 1882 1888 1909 1913 1919 1924 1963 1979 1984 1991 2005 2010 2018 2023 2038 2055 2057 2063 2083
9,61,CG-MOACO,area_s5_t300,0.30945692883895126,1597.2972503124352,1.3564659966250536,1 9 31 46 59 78 80 102 106 132 141 148 157 174 175 180 185 189 191 200 202 219 220 247 252 257 260 270 278 284 285 292 307 308 310 319 334 348 379 403 415 436 437 440 450 458 463 465 477 485 490 494 497 504 517 528 532 554 562 578 593 607 626 643 648 659 708 716 728 740 760 776 787 790 802 806 808 812 825 847 857 867 868 879 900 910 911 913 925 929 941 945 946 956 980 991 1016 1024 1028 1037 1039 1053 1062 1064 1069 1086 1096 1143 1149 1150 1162 1173 1187 1188 1199 1202 1205 1237 1244 1259 1262 1264 1296 1308 1316 1318 1323 1339 1343 1361 1363 1373 1375 1378 1383 1394 1403 1405 1412 1419 1429 1453 1469 1483 1529 1554 1559 1565 1584 1599 1606 1637 1643 1645 1652 1654 1701 1706 1718 1747 1756 1777 1793 1797 1808 1809 1818 1823 1842 1845 1852 1854 1860 1867 1882 1884 1887 1901 1919 1924 1926 1928 1954 1963 1965 1979 1983 2008 2010 2018 2037 2058 2063
9,62,CG-MOACO,area_s5_t300,0.2514044943820225,1749.1183956853977,2.4166091947189146,1 9 31 39 47 63 67 79 80 98 99 102 105 106 114 125 132 137 143 152 165 169 175 176 179 181 215 232 245 252 257 263 276 284 285 292 311 317 334 344 370 379 393 420 440 450 464 472 475 486 494 504 508 510 528 533 543 544 558 562 583 593 603 622 630 637 676 678 687 696 700 708 711 719 734 740 749 760 771 775 790 802 812 860 862 872 900 910 911 913 917 929 941 946 958 971 978 980 994 996 1001 1016 1021 1024 1036 1039 1042 1058 1062 1064 1077 1086 1089 1106 1118 1122 1127 1137 1143 1156 1158 1168 1174 1187 1189 1199 1202 1205 1222 1237 1259 1262 1264 1268 1280 1293 1314 1318 1327 1339 1361 1370 1373 1384 1394 1395 1410 1412 1418 1430 1434 1440 1441 1446 1448 1479 1520 1524 1529 1559 1565 1571 1584 1599 1608 1614 1631 1643 1645 1649 1652 1654 1667 1708 1711 1718 1735 1747 1756 1792 1793 1797 1808 1813 1819 1823 1827 1835 1840 1854 1857 1860 1878 1882 1888 1916 1923 1924 1940 1964 1983 1989 1993 2006 2008 2023 2026 2027 2039 2044 2057 2063 2083
9,63,CG-MOACO,area_s5_t300,0.3033707865168539,1618.2423201546121,0.9797958971132712,1 5 9 31 38 47 71 72 98 102 109 119 137 156 166 175 176 178 197 215 219 230 242 252 256 258 265 270 277 284 307 311 317 334 362 378 391 398 440 445 449 464 465 475 477 508 528 537 554 560 562 581 589 593 613 615 648 655 656 666 675 681 685 700 716 729 734 738 740 749 770 771 772 802 807 812 825 828 836 847 868 870 872 885 910 911 913 928 929 943 946 954 957 974 978 982 1001 1012 1036 1039 1062 1089 1105 1110 1127 1137 1141 1143 1151 1175 1183 1199 1202 1204 1205 1224 1237 1239 1261 1264 1280 1296 1297 1318 1323 1339 1343 1360 1375 1376 1379 1384 1386 1394 1412 1419 1423 1424 1434 1435 1440 1448 1453 1455 1469 1482 1495 1531 1544 1554 1584 1606 1618 1645 1648 1652 1658 1673 1708 1718 1726 1735 1738 1739 1752 1756 1775 1781 1808 1811 1812 1823 1839 1854 1860 1866 1882 1894 1901 1909 1937 1940 1963 1965 1967 1983 1986 2001 2018 2023 2025 2038 2055 2063 2076 2083
9,64,CG-MOACO,area_s5_t300,0.29260299625468167,1623.980554686091,2.244994432064365,1 9 31 38 43 47 55 80 98 102 105 111 122 141 143 144 148 155 165 175 191 206 215 220 247 249 252 256 265 285 290 292 300 308 311 317 334 336 348 362 379 395 420 434 440 450 461 465 477 508 517 528 543 545 562 575 583 593 613 615 625 650 654 675 687 700 708 734 738 740 771 772 775 787 802 806 809 815 829 842 862 868 877 897 910 911 913 917 929 934 952 957 982 991 994 999 1001 1007 1016 1020 1031 1035 1039 1062 1089 1105 1127 1137 1143 1164 1177 1187 1191 1199 1202 1205 1223 1236 1237 1258 1264 1268 1280 1304 1311 1318 1323 1327 1328 1334 1338 1339 1367 1375 1376 1383 1386 1403 1404 1406 1412 1418 1423 1434 1440 1446 1457 1469 1482 1487 1520 1524 1529 1544 1561 1565 1571 1594 1599 1645 1652 1670 1672 1701 1718 1738 1747 1752 1756 1769 1776 1781 1787 1797 1808 1842 1852 1860 1865 1867 1901 1909 1937 1959 1963 1983 1991 2005 2010 2018 2037 2045 2046 2049 2058 2063 2080 2082
9,65,CG-MOACO,area_s5_t300,0.3061797752808989,1613.068750972636,1.4142135623730951,1 31 47 80 86 98 102 105 106 134 137 143 157 175 176 179 196 206 210 219 252 257 263 265 270 278 284 292 307 311 317 334 335 338 344 360 370 379 386 403 420 440 450 464 465 469 475 484 486 505 508 510 545 558 562 566 592 593 611 613 615 624 626 650 654 675 700 705 708 717 740 771 773 806 807 808 825 862 867 868 885 890 892 894 905 910 929 938 941 943 955 957 972 976 980 991 1018 1028 1036 1039 1042 1053 1058 1062 1070 1078 1089 1096 1105 1126 1140 1143 1158 1173 1187 1199 1228 1237 1259 1262 1264 1268 1280 1293 1297 1300 1327 1336 1339 1361 1370 1373 1375 1376 1384 1390 1394 1395 1403 1412 1419 1430 1434 1435 1440 1441 1527 1534 1537 1540 1554 1616 1643 1645 1649 1652 1653 1658 1671 1677 1718 1756 1765 1777 1781 1787 1797 1808 1812 1823 1839 1842 1851 1854 1859 1866 1867 1882 1896 1901 1909 1923 1963 1967 1983 1987 2001 2006 2008 2024 2028 2038 2058 2063 2083
9,66,CG-MOACO,area_s5_t300,0.27153558052434457,1674.5392514637301,2.039607805437114,1 9 15 17 38 42 47 49 78 80 83 98 102 111 132 137 148 172 175 178 180 182 191 220 231 252 261 263 270 285 306 311 317 331 348 356 362 386 393 398 403 412 420 426 440 449 458 461 467 475 495 508 528 537 540 543 554 562 589 593 605 613 615 626 648 650 664 700 712 734 740 747 749 772 775 795 806 812 821 825 857 858 860 862 910 915 917 929 934 957 958 978 1015 1017 1020 1028 1033 1039 1055 1059 1062 1068 1086 1089 1091 1098 1104 1105 1117 1127 1137 1143 1173 1183 1187 1199 1202 1204 1205 1223 1256 1258 1268 1296 1300 1303 1308 1314 1318 1327 1334 1339 1369 1370 1375 1376 1383 1385 1391 1394 1408 1411 1412 1418 1423 1434 1435 1440 1453 1469 1483 1496 1524 1529 1544 1565 1571 1584 1614 1616 1622 1645 1652 1654 1672 1714 1718 1726 1756 1766 1775 1787 1797 1808 1811 1823 1833 1835 1839 1840 1842 1845 1860 1882 1888 1901 1919 1922 1953 1959 1963 1965 1967 1984 1989 1991 2006 2008 2018 2023 2027 2037 2045 2058 2063 2080
9,67,CG-MOACO,area_s5_t300,0.33520599250936334,1567.004896843745,1.5491933384829668,14 31 38 47 55 80 98 118 134 135 137 152 158 175 176 196 201 215 252 257 261 278 284 285 299 308 311 315 334 336 337 341 344 356 371 378 386 415 420 465 467 475 496 497 500 504 506 528 536 558 562 591 593 605 611 616 622 625 641 650 656 671 685 700 708 716 719 734 740 760 772 790 806 807 812 846 853 857 862 868 875 892 910 929 936 940 941 946 957 977 980 987 994 1000 1012 1024 1039 1042 1068 1091 1173 1187 1199 1202 1225 1230 1234 1236 1244 1248 1276 1292 1296 1300 1304 1318 1323 1344 1353 1360 1370 1375 1377 1383 1385 1394 1419 1423 1424 1430 1434 1435 1455 1456 1469 1480 1483 1486 1553 1565 1580 1599 1616 1645 1649 1652 1654 1656 1673 1675 1718 1720 1726 1734 1735 1750 1756 1793 1797 1812 1819 1821 1823 1839 1840 1842 1851 1854 1860 1898 1926 1963 1964 1979 1983 1986 2006 2008 2023 2025 2036 2038 2049 2057 2063
9,68,CG-MOACO,area_s5_t300,0.2991573033707865,1616.3371117854226,2.65329983228432,0 9 14 19 31 43 45 55 60 72 80 83 98 102 106 173 175 178 179 189 196 202 231 247 252 263 270 285 292 307 317 334 341 344 348 361 370 379 412 440 453 461 475 485 496 504 508 510 528 554 560 562 591 593 618 626 700 708 711 717 734 740 749 760 771 772 775 790 802 806 808 812 825 828 831 856 862 868 907 910 911 917 929 941 943 955 957 958 982 987 994 1001 1016 1024 1036 1039 1042 1053 1058 1062 1064 1072 1086 1089 1091 1104 1105 1127 1137 1139 1143 1158 1183 1187 1199 1202 1222 1258 1264 1292 1299 1300 1304 1310 1318 1323 1334 1339 1361 1370 1373 1384 1403 1408 1412 1419 1422 1423 1434 1435 1441 1448 1453 1458 1480 1490 1492 1504 1524 1529 1565 1571 1616 1618 1643 1645 1648 1652 1660 1673 1711 1735 1756 1765 1777 1781 1787 1793 1797 1805 1808 1811 1815 1823 1824 1839 1840 1845 1854 1860 1901 1954 1959 1963 1966 1967 1983 1986 2005 2008 2014 2023 2038 2044 2057 2063 2076
9,69,CG-MOACO,area_s5_t300,0.31367041198501877,1592.8955191196283,0.8,1 9 42 47 80 83 94 98 102 106 111 117 119 132 144 147 157 175 182 200 215 219 220 221 247 252 270 285 308 311 315 317 334 348 361 379 391 393 411 437 440 450 458 464 465 478 505 508 510 528 543 544 545 562 580 583 593 613 618 637 641 676 678 700 708 712 734 740 745 771 773 790 802 812 815 825 860 862 892 907 910 911 915 929 958 975 977 990 999 1001 1012 1024 1026 1031 1032 1039 1062 1064 1068 1081 1086 1089 1104 1105 1127 1137 1151 1173 1187 1199 1202 1204 1223 1237 1244 1262 1264 1268 1278 1289 1297 1300 1308 1311 1318 1320 1323 1339 1361 1374 1384 1392 1393 1404 1408 1412 1434 1435 1440 1446 1483 1524 1527 1544 1548 1561 1565 1571 1582 1594 1606 1608 1645 1652 1673 1677 1718 1734 1738 1756 1765 1781 1787 1792 1793 1797 1808 1839 1842 1860 1866 1909 1923 1932 1937 1959 1963 1965 1967 1983 1991 2008 2014 2016 2023 2028 2045 2046 2047 2049 2057 2064
9,70,CG-MOACO,area_s5_t300,0.26732209737827717,1717.6009734887211,0.4898979485566356,9 42 43 47 61 76 78 80 98 102 106 114 137 175 176 182 200 202 206 230 235 242 249 252 257 263 265 270 273 284 292 310 313 334 336 344 348 352 370 378 395 420 440 449 450 461 465 480 489 503 516 533 537 546 554 562 574 593 602 615 626 648 650 654 676 687 700 708 716 719 731 734 738 740 750 760 771 775 790 806 807 808 825 847 867 884 897 910 911 913 917 929 941 954 957 966 978 980 994 999 1001 1006 1017 1018 1028 1042 1054 1062 1078 1089 1105 1127 1137 1143 1158 1183 1187 1189 1199 1202 1230 1237 1239 1244 1248 1258 1262 1264 1280 1281 1296 1302 1304 1311 1318 1323 1338 1339 1344 1361 1375 1376 1384 1401 1403 1411 1412 1419 1422 1423 1426 1434 1440 1457 1525 1529 1568 1590 1612 1616 1618 1645 1647 1652 1654 1656 1660 1673 1677 1683 1718 1734 1735 1743 1756 1779 1787 1797 1815 1818 1823 1836 1839 1840 1854 1860 1866 1882 1896 1922 1928 1940 1953 1961 1963 1965 1967 1983 2006 2016 2023 2027 2038 2057 2063 2067 2076
9,71,CG-MOACO,area_s5_t300,0.2584269662921348,1705.5206726176907,3.286335345030997,1 7 9 56 61 64 80 97 99 102 106 111 114 117 122 125 132 142 148 153 165 170 175 189 196 206 218 220 226 230 237 247 252 257 261 264 270 300 308 317 334 343 348 370 395 413 440 450 464 465 484 504 508 510 543 554 562 574 583 589 593 602 613 626 637 643 648 654 659 675 687 693 708 717 719 734 738 740 771 775 796 802 806 809 825 858 862 868 872 900 902 907 910 911 913 917 929 941 978 980 1001 1016 1024 1028 1039 1052 1062 1064 1077 1086 1089 1117 1122 1127 1137 1139 1143 1156 1158 1162 1164 1168 1173 1183 1187 1199 1202 1205 1223 1230 1237 1259 1261 1264 1268 1279 1296 1299 1301 1311 1318 1331 1339 1361 1370 1385 1395 1403 1411 1412 1419 1422 1426 1429 1434 1435 1448 1469 1478 1483 1524 1526 1529 1544 1559 1565 1571 1604 1645 1652 1654 1658 1660 1697 1701 1703 1718 1747 1756 1779 1787 1792 1793 1797 1802 1815 1818 1823 1835 1840 1852 1860 1882 1884 1888 1924 1928 1937 1954 1959 1963 1965 1969 1983 2006 2023 2045 2049 2058 2063
9,72,CG-MOACO,area_s5_t300,0.26451310861423216,1683.7611113446915,3.8781438859330635,1 5 20 26 47 55 61 67 78 98 102 105 106 109 129 132 137 141 149 153 175 176 178 182 185 200 202 215 219 221 226 230 252 257 265 270 277 284 285 307 311 317 334 336 370 420 437 450 452 486 504 517 528 533 536 558 562 583 593 602 607 615 637 676 687 700 708 711 716 721 734 760 771 772 790 802 806 807 809 812 825 829 831 858 862 868 879 894 900 907 910 911 920 929 937 941 945 946 958 967 978 982 991 994 996 1001 1028 1036 1039 1042 1060 1064 1068 1107 1127 1143 1152 1158 1168 1173 1187 1199 1205 1237 1239 1262 1264 1279 1310 1311 1327 1328 1334 1336 1338 1339 1363 1375 1376 1383 1385 1394 1403 1412 1419 1422 1423 1434 1440 1454 1458 1483 1496 1524 1525 1527 1540 1544 1556 1565 1571 1584 1599 1606 1614 1616 1627 1643 1645 1652 1654 1672 1701 1708 1711 1739 1753 1756 1769 1775 1797 1808 1823 1829 1833 1836 1839 1854 1860 1866 1867 1909 1922 1937 1963 1967 1983 1986 2005 2009 2018 2023 2025 2037 2040 2045 2063 2076
9,73,CG-MOACO,area_s5_t300,0.24953183520599254,1767.8172165212954,2.5768197453450252,9 19 38 61 78 80 98 102 105 106 111 114 132 137 143 148 153 173 175 176 180 182 191 201 206 215 220 231 252 261 270 285 292 293 308 311 317 332 334 356 361 391 395 411 415 420 445 449 450 458 465 490 497 504 508 516 562 578 589 593 615 622 637 641 650 654 666 671 676 678 700 708 716 719 734 737 741 760 784 786 790 802 804 809 825 858 860 878 897 900 910 911 929 936 941 943 978 982 999 1017 1018 1036 1039 1045 1062 1070 1077 1089 1107 1127 1129 1132 1137 1143 1155 1162 1175 1182 1183 1187 1189 1199 1202 1205 1222 1237 1257 1262 1264 1276 1280 1292 1296 1297 1304 1308 1318 1323 1336 1338 1339 1373 1376 1377 1385 1394 1403 1419 1422 1423 1424 1434 1435 1440 1448 1469 1480 1482 1495 1503 1524 1526 1531 1565 1584 1596 1606 1612 1629 1643 1645 1648 1652 1660 1673 1718 1747 1753 1777 1779 1787 1792 1797 1803 1813 1818 1823 1829 1835 1840 1854 1860 1866 1882 1919 1928 1937 1954 1959 1963 1965 1983 2001 2008 2018 2023 2037 2045 2057 2063 2076 2080 2083
9,74,CG-MOACO,area_s5_t300,0.26076779026217234,1691.2877469808054,2.6832815729997477,1 9 26 40 47 55 79 80 97 102 105 110 117 132 137 141 143 148 152 172 175 176 178 180 182 191 202 219 220 251 252 257 261 270 284 311 317 334 341 348 356 362 377 391 393 419 437 449 450 456 464 465 485 489 504 508 517 528 545 562 583 593 626 650 659 671 675 678 687 693 700 708 716 734 740 750 787 802 807 812 815 825 846 860 862 867 872 887 907 910 911 917 929 946 955 957 958 978 980 986 1017 1024 1032 1036 1060 1068 1070 1078 1089 1096 1105 1117 1127 1137 1143 1158 1175 1183 1187 1188 1199 1202 1237 1239 1261 1264 1280 1296 1297 1301 1314 1318 1323 1338 1339 1360 1361 1364 1370 1374 1375 1376 1384 1389 1395 1410 1412 1419 1423 1434 1435 1440 1448 1469 1474 1480 1482 1527 1529 1554 1582 1606 1609 1629 1645 1652 1654 1660 1670 1673 1689 1714 1718 1734 1743 1745 1756 1777 1797 1808 1815 1818 1823 1835 1839 1840 1842 1860 1866 1878 1882 1892 1901 1919 1924 1928 1963 1965 1967 1983 1991 1996 2006 2008 2023 2037 2045 2057 2063 2083
9,75,CG-MOACO,area_s5_t300,0.31975655430711614,1614.3434913851063,0.0,1 9 26 31 38 40 42 47 55 58 76 79 98 102 109 129 137 141 148 152 166 175 176 178 180 202 252 257 273 284 311 316 334 336 348 377 379 398 464 465 517 525 532 537 562 583 591 593 602 611 618 626 637 641 650 656 685 687 700 708 711 716 719 734 739 740 760 771 776 790 802 806 807 809 812 825 847 910 916 917 920 929 941 946 976 977 981 982 994 995 1016 1024 1027 1032 1039 1041 1055 1062 1068 1089 1126 1137 1143 1151 1155 1175 1182 1187 1188 1199 1202 1204 1237 1244 1258 1259 1262 1264 1278 1296 1300 1318 1323 1336 1339 1346 1359 1370 1375 1385 1387 1393 1394 1399 1412 1419 1434 1440 1446 1482 1490 1513 1537 1544 1565 1571 1584 1599 1618 1630 1645 1652 1670 1680 1721 1725 1734 1739 1749 1756 1779 1781 1793 1797 1802 1823 1839 1842 1858 1860 1882 1888 1924 1928 1937 1945 1963 1967 1983 2010 2016 2018 2023 2036 2037 2045 2047 2057 2063 2082
9,76,CG-MOACO,area_s5_t300,0.29166666666666663,1648.7140727572391,0.6324555320336759,47 55 64 80 98 102 105 106 134 137 147 152 160 165 175 176 179 200 211 214 219 236 245 251 252 270 278 284 292 306 308 310 316 336 370 377 379 391 393 398 440 445 448 450 453 458 461 465 508 528 533 543 544 545 554 558 562 591 593 602 605 612 626 641 650 664 671 694 700 708 734 741 760 772 775 790 802 812 820 825 831 847 858 868 870 900 907 910 911 915 917 929 941 978 982 996 1001 1024 1039 1041 1059 1062 1073 1089 1091 1127 1129 1132 1137 1143 1151 1158 1183 1187 1199 1202 1205 1223 1234 1244 1248 1262 1264 1280 1300 1304 1311 1313 1318 1323 1336 1338 1339 1353 1372 1374 1376 1383 1408 1412 1416 1419 1424 1425 1435 1440 1446 1455 1469 1487 1523 1528 1529 1565 1584 1615 1645 1652 1654 1660 1673 1680 1718 1734 1735 1747 1756 1776 1781 1797 1808 1813 1815 1818 1823 1827 1840 1842 1849 1860 1878 1882 1901 1909 1928 1965 1983 1991 2001 2008 2016 2018 2023 2025 2027 2038 2055 2057 2063 2080
9,77,CG-MOACO,area_s5_t300,0.2542134831460674,1737.1065025541227,2.870540018881465,5 26 47 80 86 98 102 105 119 132 137 141 155 165 174 175 176 178 182 186 191 206 219 226 230 251 252 257 265 270 272 277 284 285 288 290 292 317 331 334 336 338 344 358 362 379 409 415 420 449 450 458 461 465 478 485 490 500 508 510 516 528 554 562 566 583 589 593 612 620 626 629 637 648 650 676 700 708 717 719 731 734 771 790 804 806 809 812 825 858 862 867 868 892 908 910 911 955 957 958 972 982 994 1001 1016 1024 1036 1039 1060 1068 1070 1077 1089 1105 1106 1124 1127 1137 1139 1143 1175 1183 1187 1199 1202 1205 1222 1230 1236 1237 1239 1245 1262 1264 1266 1278 1296 1302 1304 1308 1311 1318 1323 1338 1339 1343 1360 1361 1373 1376 1378 1384 1394 1403 1412 1419 1423 1434 1440 1446 1448 1457 1469 1482 1526 1527 1531 1554 1565 1584 1606 1645 1654 1655 1667 1672 1701 1718 1735 1747 1756 1768 1777 1781 1784 1787 1792 1797 1804 1808 1819 1823 1835 1840 1842 1854 1860 1888 1909 1923 1937 1983 2006 2009 2015 2016 2023 2024 2025 2044 2058 2063
9,78,CG-MOACO,area_s5_t300,0.28136704119850187,1684.130325793945,1.019803902718557,7 9 31 38 42 55 61 67 79 80 98 102 132 137 144 157 162 165 173 175 176 206 215 218 221 231 251 284 285 292 308 317 332 334 336 362 379 391 395 402 405 413 436 440 445 449 450 464 503 525 528 537 560 562 589 593 602 607 613 615 650 654 658 664 666 687 696 700 708 719 734 740 760 763 771 772 775 786 790 802 807 825 853 862 868 910 913 919 920 929 939 957 967 978 980 985 994 1001 1028 1035 1036 1039 1042 1062 1070 1078 1086 1089 1091 1105 1127 1137 1139 1143 1164 1173 1187 1199 1202 1224 1231 1258 1262 1264 1268 1280 1301 1311 1316 1318 1323 1327 1338 1339 1367 1370 1376 1378 1385 1392 1403 1412 1419 1423 1424 1434 1436 1440 1448 1457 1482 1524 1529 1544 1553 1559 1565 1599 1618 1645 1652 1654 1660 1673 1704 1705 1711 1718 1735 1747 1756 1765 1769 1774 1787 1797 1802 1808 1818 1823 1840 1842 1849 1852 1860 1866 1882 1898 1901 1946 1953 1965 1983 1989 2001 2006 2008 2023 2027 2057 2063 2080
9,79,CG-MOACO,area_s5_t300,0.29307116104868913,1628.7423544227502,1.8547236990991407,1 9 31 47 55 67 71 80 98 102 105 106 132 137 143 152 162 175 176 178 196 214 220 236 252 261 278 292 310 317 319 334 337 348 356 371 391 415 420 432 440 450 452 461 465 467 475 481 496 504 508 526 541 543 544 560 562 591 593 606 613 615 626 658 671 693 705 716 719 726 740 760 775 790 802 808 812 815 825 862 868 877 910 929 941 943 965 968 976 982 994 996 1016 1018 1039 1060 1064 1070 1079 1085 1089 1127 1137 1143 1156 1158 1162 1168 1173 1187 1189 1199 1202 1223 1236 1237 1239 1259 1262 1264 1280 1303 1314 1318 1323 1326 1336 1339 1363 1373 1375 1384 1404 1405 1412 1419 1422 1424 1434 1440 1441 1448 1453 1456 1458 1469 1480 1490 1520 1524 1528 1529 1573 1627 1645 1652 1654 1683 1691 1701 1718 1753 1756 1765 1769 1775 1779 1787 1793 1797 1833 1839 1840 1854 1860 1888 1921 1937 1959 1963 1965 1967 1969 1976 1980 1983 1986 2006 2008 2023 2028 2038 2046 2049 2058 2064 2076 2083
9,80,CG-MOACO,area_s5_t300,0.2528089887640449,1760.0014440074297,0.8,0 9 19 47 49 55 78 80 98 102 111 114 117 137 143 148 175 176 182 197 206 215 218 220 226 231 235 252 257 261 270 277 285 292 308 311 317 334 348 362 370 380 391 395 415 420 429 438 440 449 450 464 475 477 490 508 517 543 562 579 583 593 615 621 637 650 654 666 676 700 708 711 719 731 734 737 738 741 749 760 771 775 790 795 802 815 858 862 868 907 910 911 918 929 934 957 966 977 982 993 994 999 1001 1016 1018 1021 1036 1060 1070 1077 1086 1089 1104 1105 1127 1137 1143 1158 1164 1175 1183 1187 1192 1199 1202 1205 1222 1237 1248 1258 1259 1262 1264 1280 1296 1318 1323 1336 1339 1347 1361 1366 1370 1373 1375 1376 1384 1395 1403 1409 1412 1419 1426 1434 1435 1440 1441 1448 1455 1469 1495 1527 1566 1604 1616 1638 1645 1647 1652 1654 1660 1670 1697 1701 1708 1714 1718 1752 1756 1779 1787 1797 1806 1815 1818 1835 1839 1854 1860 1882 1888 1928 1937 1940 1942 1959 1963 1965 1967 1983 2016 2018 2023 2037 2045 2046 2049 2058 2063 2076 2080 2083
9,81,CG-MOACO,area_s5_t300,0.26498127340823974,1722.7738638231754,0.4,9 20 26 47 55 80 96 102 137 141 148 152 157 162 165 174 175 176 182 197 206 219 220 226 230 248 252 265 278 285 292 307 308 310 317 332 334 336 344 362 370 420 424 450 453 461 465 475 477 504 528 530 536 546 562 566 583 593 599 602 611 615 618 626 643 664 676 699 700 708 711 731 734 760 771 772 775 790 802 806 812 825 857 862 868 883 892 910 913 917 929 934 957 967 991 1001 1018 1036 1039 1045 1053 1062 1064 1070 1078 1089 1105 1127 1137 1143 1156 1164 1170 1175 1183 1187 1199 1202 1205 1222 1230 1237 1239 1262 1264 1291 1292 1296 1303 1318 1323 1327 1334 1339 1344 1346 1361 1369 1370 1375 1376 1380 1385 1394 1408 1412 1419 1423 1430 1434 1435 1440 1456 1458 1469 1482 1490 1492 1524 1529 1627 1638 1645 1652 1654 1660 1670 1672 1689 1708 1718 1738 1747 1756 1765 1769 1787 1797 1802 1808 1811 1818 1823 1842 1866 1872 1888 1901 1937 1953 1959 1963 1966 1983 1986 1996 2006 2008 2009 2023 2027 2037 2045 2058 2063 2083
9,82,CG-MOACO,area_s5_t300,0.2696629213483146,1705.836706071968,1.624807680927192,1 5 9 19 38 47 59 63 80 98 99 102 114 117 124 132 175 178 182 189 205 214 215 219 226 230 232 247 252 258 264 265 278 285 290 292 307 317 334 348 379 395 437 449 450 457 458 464 465 477 484 500 508 525 554 560 562 583 593 606 607 613 622 650 664 692 700 708 712 740 749 750 760 771 772 786 790 806 807 809 825 857 858 862 868 885 908 910 911 918 929 934 955 957 958 977 980 1001 1024 1028 1039 1042 1062 1068 1077 1089 1105 1127 1137 1139 1143 1158 1173 1183 1187 1191 1199 1202 1205 1219 1234 1237 1239 1243 1256 1258 1262 1264 1276 1297 1302 1318 1323 1327 1328 1329 1334 1339 1346 1370 1373 1385 1392 1394 1403 1411 1412 1413 1418 1423 1434 1441 1448 1483 1496 1524 1526 1529 1549 1565 1571 1573 1616 1643 1645 1648 1652 1672 1718 1751 1756 1779 1787 1792 1797 1802 1811 1818 1823 1835 1839 1840 1842 1857 1860 1866 1882 1888 1896 1916 1924 1937 1944 1953 1963 1983 1989 2006 2008 2023 2027 2036 2037 2045 2058 2063 2083
9,83,CG-MOACO,area_s5_t300,0.29166666666666663,1640.7900280475437,0.9797958971132712,1 5 19 41 47 78 80 83 90 98 102 114 122 137 175 176 180 182 197 200 206 214 219 252 257 277 278 285 307 308 310 317 334 356 362 370 379 394 437 440 445 450 453 458 465 495 528 546 554 558 559 562 564 570 575 593 613 626 629 654 700 708 711 721 731 734 738 741 749 760 776 790 794 802 806 809 815 825 858 862 884 894 910 920 929 934 957 976 978 980 991 1012 1016 1018 1024 1028 1035 1039 1055 1058 1060 1064 1091 1105 1117 1127 1143 1150 1158 1164 1173 1183 1187 1199 1205 1215 1223 1239 1244 1258 1262 1264 1280 1302 1303 1311 1323 1328 1334 1338 1341 1361 1366 1367 1370 1375 1376 1378 1380 1384 1391 1394 1412 1419 1423 1429 1434 1440 1457 1469 1520 1524 1544 1565 1604 1616 1645 1652 1653 1673 1677 1718 1721 1726 1733 1750 1756 1765 1787 1797 1808 1818 1823 1839 1842 1845 1854 1858 1860 1882 1901 1919 1922 1926 1953 1959 1963 1965 1984 1987 2016 2018 2026 2027 2036 2037 2045 2057 2063
9,84,CG-MOACO,area_s5_t300,0.2837078651685393,1663.8647454571285,1.7204650534085253,1 9 15 26 38 47 55 77 98 102 105 109 117 119 129 132 137 152 175 176 178 181 202 219 221 226 230 238 251 252 256 258 285 311 316 334 362 377 379 402 415 420 449 450 464 467 475 485 503 516 528 537 543 562 565 583 589 593 607 611 622 626 648 650 685 700 708 716 719 734 740 749 760 771 790 802 806 812 825 847 858 868 892 910 911 917 920 929 946 967 978 980 991 994 1001 1012 1016 1024 1039 1042 1055 1058 1068 1070 1089 1104 1132 1137 1143 1158 1182 1183 1187 1199 1202 1204 1205 1222 1224 1237 1264 1274 1279 1296 1310 1314 1318 1334 1336 1339 1366 1376 1377 1383 1385 1391 1394 1395 1410 1423 1426 1434 1435 1440 1453 1463 1490 1496 1524 1525 1529 1541 1544 1565 1571 1584 1604 1605 1614 1616 1643 1645 1652 1654 1672 1700 1703 1708 1711 1733 1738 1739 1749 1756 1769 1775 1792 1797 1808 1823 1834 1839 1842 1854 1860 1882 1888 1901 1945 1946 1959 1963 1967 1979 1983 2006 2008 2023 2025 2045 2063 2076 2080 2083
9,85,CG-MOACO,area_s5_t300,0.2935393258426966,1647.192792648897,0.8944271909999159,0 9 47 67 78 80 85 89 102 105 106 110 141 143 148 152 175 179 182 185 215 219 247 251 252 270 278 285 290 292 306 308 311 317 332 336 369 377 379 391 393 415 440 449 450 464 469 475 486 495 508 515 528 533 543 545 546 562 565 568 580 583 593 602 605 612 650 654 664 666 678 700 734 738 740 747 760 772 787 790 825 858 860 862 872 885 889 892 910 911 929 958 977 982 1001 1024 1026 1039 1042 1056 1059 1062 1077 1084 1086 1089 1091 1097 1123 1127 1137 1143 1174 1183 1187 1199 1219 1222 1228 1236 1262 1264 1268 1278 1296 1297 1318 1334 1336 1341 1361 1363 1370 1373 1376 1378 1394 1395 1412 1423 1429 1434 1440 1446 1448 1463 1469 1483 1487 1528 1549 1554 1559 1565 1584 1587 1645 1652 1653 1673 1700 1708 1711 1718 1734 1735 1765 1787 1797 1800 1803 1808 1819 1823 1839 1842 1860 1865 1882 1884 1923 1928 1940 1959 1963 1967 1983 1991 2006 2018 2032 2036 2038 2049 2052 2055 2057 2063 2073 2083
9,86,CG-MOACO,area_s5_t300,0.27902621722846443,1661.5815034789491,2.244994432064365,1 9 31 38 43 47 77 80 102 105 111 132 137 141 155 175 176 179 184 201 252 256 261 265 270 284 285 300 311 317 325 328 334 338 358 362 391 393 395 411 412 415 420 426 429 436 437 448 450 464 465 485 496 504 517 528 532 543 554 558 562 583 593 605 643 648 654 666 676 700 708 719 734 749 754 760 771 776 790 795 802 848 860 862 875 890 894 900 910 911 917 925 929 939 941 946 957 972 978 982 993 999 1001 1012 1020 1024 1036 1039 1042 1062 1064 1073 1104 1105 1117 1127 1143 1152 1158 1164 1187 1199 1222 1234 1237 1257 1259 1264 1268 1278 1296 1301 1308 1311 1323 1336 1339 1360 1361 1370 1376 1383 1385 1403 1412 1419 1425 1440 1446 1457 1482 1524 1529 1544 1561 1571 1599 1606 1643 1645 1648 1652 1686 1700 1718 1734 1756 1777 1790 1792 1797 1808 1811 1815 1819 1823 1835 1839 1840 1854 1860 1878 1882 1888 1896 1900 1919 1926 1928 1954 1963 1965 1967 1983 1995 2018 2023 2025 2037 2045 2057 2063 2080
9,87,CG-MOACO,area_s5_t300,0.2851123595505618,1676.5281244158862,0.4,1 31 46 55 71 78 80 86 98 102 105 110 114 134 137 152 172 175 176 178 180 196 202 214 215 219 220 252 257 260 270 278 307 317 334 336 362 379 380 395 420 424 437 440 449 450 464 465 477 484 491 508 528 533 543 545 554 560 562 583 593 605 615 654 681 700 708 716 723 738 741 750 760 763 771 790 802 806 809 825 862 868 872 894 907 910 911 929 968 977 980 993 1026 1028 1031 1039 1053 1062 1064 1070 1078 1086 1089 1105 1110 1117 1143 1149 1156 1158 1173 1183 1187 1188 1191 1199 1205 1223 1237 1244 1262 1264 1279 1299 1302 1311 1323 1334 1336 1338 1339 1343 1360 1374 1375 1376 1384 1392 1404 1411 1412 1419 1423 1426 1434 1435 1440 1441 1448 1483 1495 1540 1544 1565 1606 1616 1618 1619 1645 1652 1654 1670 1676 1697 1701 1718 1756 1765 1775 1777 1787 1797 1808 1839 1840 1852 1854 1860 1884 1888 1901 1928 1944 1954 1959 1963 1967 1979 1980 1983 1986 2006 2018 2023 2037 2045 2046 2058 2063 2073 2076
9,88,CG-MOACO,area_s5_t300,0.28323970037453183,1656.112090799563,1.9390719429665317,1 9 31 38 55 59 67 78 80 98 99 102 106 111 119 129 152 165 175 191 196 200 202 215 219 220 226 230 247 252 257 258 261 270 284 285 292 308 317 334 336 348 356 395 440 449 450 461 465 469 477 505 510 530 532 546 562 566 583 589 592 593 615 638 648 650 654 671 676 678 687 700 705 708 723 731 776 790 802 806 807 820 825 846 862 868 910 913 920 929 956 958 967 982 991 994 1001 1039 1053 1056 1059 1062 1073 1089 1105 1127 1137 1140 1143 1150 1154 1158 1168 1173 1183 1187 1189 1199 1202 1204 1224 1237 1239 1259 1261 1264 1280 1299 1318 1323 1327 1339 1341 1361 1372 1373 1375 1378 1383 1385 1392 1404 1412 1419 1426 1430 1434 1440 1453 1457 1482 1490 1524 1529 1573 1594 1627 1631 1643 1645 1652 1654 1660 1701 1718 1747 1756 1779 1793 1797 1815 1818 1821 1829 1836 1842 1857 1860 1866 1882 1888 1890 1937 1953 1963 1965 1980 1983 1986 1991 2008 2014 2018 2023 2027 2036 2037 2046 2058 2063 2083
9,89,CG-MOACO,area_s5_t300,0.2963483146067416,1647.5283659951754,0.8,1 19 31 38 47 79 80 98 102 106 134 137 141 143 147 152 175 176 180 181 187 191 197 220 252 257 260 261 273 285 292 306 311 317 333 336 358 360 377 393 430 437 440 442 448 450 475 490 510 516 525 532 545 562 583 593 605 615 626 637 650 654 678 687 696 708 734 737 740 760 763 766 771 776 790 796 802 806 807 825 860 862 885 907 910 911 915 939 941 948 952 954 957 982 985 991 999 1000 1027 1028 1037 1039 1059 1060 1070 1078 1089 1126 1129 1137 1143 1175 1187 1199 1202 1228 1231 1234 1237 1244 1262 1292 1296 1297 1310 1318 1323 1334 1336 1344 1370 1372 1384 1394 1406 1412 1422 1423 1434 1435 1440 1448 1458 1469 1480 1483 1490 1495 1518 1528 1559 1565 1584 1608 1616 1645 1649 1652 1658 1708 1711 1720 1723 1735 1749 1750 1753 1756 1768 1769 1777 1779 1792 1793 1797 1823 1829 1839 1865 1873 1882 1888 1924 1947 1959 1965 1983 1989 1991 2008 2010 2018 2023 2045 2055 2058 2063 2082
9,90,CG-MOACO,area_s5_t300,0.2682584269662921,1700.1233803448943,2.5768197453450252,1 7 19 31 38 47 55 63 79 98 102 106 109 111 112 134 137 141 147 175 176 181 191 197 200 219 220 226 230 252 257 258 261 263 284 285 308 310 317 334 344 356 393 398 415 440 445 450 458 464 475 504 517 532 543 554 562 566 593 605 618 621 626 648 650 700 708 734 737 741 749 760 773 775 776 790 802 806 812 818 825 842 862 868 877 900 910 911 913 917 920 929 941 946 957 958 1024 1036 1039 1045 1053 1058 1062 1070 1073 1086 1089 1104 1105 1127 1128 1137 1143 1158 1170 1173 1187 1199 1202 1204 1205 1223 1237 1244 1259 1264 1280 1292 1297 1318 1323 1339 1361 1370 1376 1383 1385 1403 1408 1411 1412 1419 1425 1435 1440 1449 1490 1520 1524 1528 1529 1541 1544 1559 1565 1571 1584 1616 1618 1627 1645 1649 1652 1654 1658 1660 1677 1680 1711 1718 1719 1734 1739 1756 1781 1789 1792 1797 1808 1815 1823 1833 1836 1839 1840 1842 1845 1849 1860 1867 1882 1896 1900 1909 1920 1928 1944 1967 1983 1991 2008 2023 2025 2028 2045 2058 2063
9,91,CG-MOACO,area_s5_t300,0.3216292134831461,1574.1975671373884,2.3664319132398464,1 47 55 61 86 98 109 119 129 134 135 137 143 147 152 175 176 178 182 197 218 226 230 252 257 272 284 291 310 317 324 334 356 371 379 415 420 426 440 450 458 464 465 467 517 528 536 545 562 593 611 613 615 616 618 625 650 671 675 700 708 719 734 741 749 754 775 802 806 807 809 812 846 862 868 875 897 907 910 911 917 929 934 939 978 982 985 991 996 1001 1012 1031 1039 1042 1045 1062 1068 1104 1127 1137 1143 1158 1164 1168 1173 1187 1199 1202 1211 1230 1234 1237 1239 1244 1264 1280 1290 1300 1311 1318 1331 1334 1336 1338 1367 1380 1384 1391 1394 1409 1412 1419 1423 1425 1440 1457 1496 1520 1525 1529 1541 1544 1556 1559 1599 1604 1616 1618 1645 1652 1654 1673 1700 1718 1734 1735 1750 1756 1775 1787 1793 1797 1823 1835 1839 1842 1854 1858 1860 1866 1901 1911 1922 1924 1937 1940 1954 1961 1963 1984 1989 1995 2008 2018 2023 2026 2038 2055 2057 2063
9,92,CG-MOACO,area_s5_t300,0.30149812734082393,1638.1031373527023,1.2,9 47 59 61 78 80 95 98 102 118 121 132 141 144 152 175 182 184 189 200 215 218 247 252 257 265 270 278 284 285 288 308 311 317 334 348 358 362 371 379 391 415 420 426 440 448 450 458 461 467 480 504 542 558 562 593 602 605 617 621 629 648 650 654 658 669 700 708 719 734 739 741 760 771 775 776 790 802 808 815 825 847 857 867 870 884 910 911 917 920 939 955 957 972 978 980 1001 1018 1024 1039 1062 1078 1091 1105 1106 1117 1124 1127 1131 1143 1158 1173 1183 1187 1199 1202 1223 1228 1239 1259 1264 1296 1300 1318 1320 1323 1324 1327 1339 1360 1361 1370 1375 1376 1384 1411 1412 1419 1430 1435 1446 1455 1479 1483 1524 1541 1544 1565 1571 1582 1584 1615 1618 1645 1652 1654 1655 1656 1658 1691 1711 1718 1745 1756 1766 1768 1777 1787 1808 1811 1818 1823 1835 1839 1840 1842 1854 1860 1872 1882 1888 1889 1896 1901 1919 1926 1928 1967 1983 1989 1994 2006 2015 2016 2038 2058 2063
9,93,CG-MOACO,area_s5_t300,0.32256554307116103,1572.3413777242242,2.3151673805580453,1 38 40 47 55 76 80 98 102 105 137 175 176 178 182 191 200 235 252 257 270 278 284 285 288 291 292 311 314 317 325 334 336 337 356 362 371 379 391 393 403 429 440 449 450 458 465 475 508 510 516 518 528 537 547 562 593 606 607 613 615 626 654 659 671 678 700 712 721 735 740 770 775 802 807 815 821 831 847 860 870 879 910 911 913 941 943 954 957 967 972 978 980 994 1001 1027 1028 1031 1039 1060 1064 1070 1078 1091 1105 1126 1143 1156 1175 1199 1202 1226 1262 1264 1280 1281 1300 1310 1314 1318 1320 1331 1334 1338 1360 1372 1375 1376 1383 1392 1403 1404 1411 1412 1415 1419 1423 1424 1434 1435 1440 1487 1524 1529 1544 1599 1604 1616 1645 1652 1654 1672 1704 1734 1735 1750 1752 1753 1756 1775 1777 1781 1797 1808 1815 1833 1839 1840 1842 1854 1860 1866 1888 1901 1907 1909 1919 1928 1937 1954 1965 1983 2011 2023 2025 2044 2058 2063 2076 2080 2083
9,94,CG-MOACO,area_s5_t300,0.26357677902621723,1731.2248956704393,1.2649110640673518,5 9 38 47 63 67 71 78 80 83 91 98 102 106 114 119 132 137 157 165 172 175 176 179 182 191 197 215 220 252 265 270 285 311 317 332 334 352 371 379 391 412 415 420 440 445 450 458 463 464 465 467 477 510 516 528 532 535 537 543 560 562 593 606 611 613 637 641 648 650 654 666 675 708 717 719 741 749 771 776 802 804 809 825 846 858 862 868 870 911 915 917 929 941 957 958 978 980 999 1001 1016 1024 1039 1058 1060 1070 1072 1089 1097 1105 1117 1126 1137 1143 1173 1183 1187 1189 1199 1201 1202 1205 1223 1228 1237 1239 1262 1264 1278 1296 1297 1308 1310 1318 1323 1329 1334 1339 1378 1383 1385 1394 1403 1412 1418 1423 1434 1436 1440 1453 1463 1469 1473 1480 1490 1529 1544 1554 1565 1569 1573 1584 1594 1606 1616 1643 1645 1647 1652 1654 1673 1683 1734 1747 1756 1775 1791 1793 1797 1808 1835 1840 1842 1845 1854 1860 1882 1884 1924 1928 1932 1937 1940 1953 1957 1959 1963 1965 1968 1983 2006 2008 2016 2018 2023 2025 2038 2055 2063 2076
9,95,CG-MOACO,area_s5_t300,0.29541198501872656,1636.376881264076,1.4966629547095767,1 31 38 42 47 55 80 91 98 99 106 114 118 148 165 174 175 179 191 196 200 206 219 247 252 257 270 278 285 292 307 308 310 314 316 334 344 379 403 415 440 445 449 450 465 475 496 497 528 536 562 564 591 593 622 648 650 654 675 700 708 716 729 734 740 750 771 772 775 787 802 806 807 814 825 829 847 868 910 911 919 930 936 946 951 956 957 967 978 982 985 999 1001 1021 1024 1028 1036 1039 1045 1062 1086 1089 1105 1107 1127 1129 1143 1151 1162 1173 1183 1187 1199 1205 1228 1234 1237 1261 1264 1279 1296 1297 1302 1304 1310 1318 1320 1336 1339 1341 1376 1385 1386 1394 1412 1419 1423 1424 1434 1435 1440 1469 1478 1480 1483 1524 1525 1526 1529 1544 1596 1612 1618 1638 1645 1652 1654 1660 1673 1714 1719 1733 1743 1747 1756 1767 1792 1797 1802 1808 1812 1823 1829 1836 1840 1842 1860 1866 1882 1901 1919 1924 1928 1937 1953 1959 1963 1965 1983 2008 2010 2023 2024 2027 2037 2045 2057 2063
9,96,CG-MOACO,area_s5_t300,0.2457865168539326,1773.6932315783822,3.1874754901018454,1 5 31 38 47 55 67 78 80 95 98 102 106 111 137 141 143 149 153 157 165 174 175 176 178 206 218 226 230 252 257 258 265 270 284 285 292 300 327 334 336 338 358 379 386 413 415 420 440 449 458 461 465 469 480 489 532 542 562 573 583 589 592 593 602 613 615 621 626 629 637 648 650 654 656 676 700 705 708 719 723 731 741 760 771 776 790 806 811 825 827 850 857 860 862 890 902 910 911 913 917 920 929 939 941 945 956 957 958 978 980 990 991 1001 1007 1016 1020 1039 1060 1089 1105 1127 1137 1143 1150 1158 1183 1184 1187 1199 1202 1204 1222 1237 1239 1254 1262 1264 1268 1274 1296 1300 1304 1318 1330 1339 1373 1376 1378 1383 1385 1403 1412 1422 1423 1434 1440 1446 1456 1463 1469 1479 1483 1496 1524 1529 1531 1560 1565 1568 1612 1614 1638 1643 1645 1648 1652 1672 1701 1718 1747 1752 1756 1766 1776 1779 1787 1792 1806 1815 1818 1823 1836 1854 1860 1888 1926 1937 1953 1963 1965 1983 1986 2014 2016 2018 2023 2025 2027 2036 2037 2045 2058 2063
9,97,CG-MOACO,area_s5_t300,0.2823033707865169,1666.8393402535246,1.4966629547095767,1 9 38 42 47 55 80 89 98 102 106 119 121 129 132 137 141 148 175 180 182 215 245 252 257 270 284 285 288 292 308 311 316 331 334 348 371 379 403 412 437 440 458 465 478 486 497 516 525 528 532 543 550 558 562 593 603 605 613 622 648 656 678 697 700 708 712 734 740 760 771 776 790 802 806 809 811 825 836 841 858 862 868 875 877 880 900 911 929 941 967 978 982 985 991 994 999 1024 1039 1042 1062 1064 1086 1105 1122 1137 1143 1151 1162 1164 1168 1173 1187 1189 1199 1201 1202 1205 1230 1237 1262 1264 1266 1278 1304 1311 1318 1328 1331 1338 1339 1344 1376 1384 1394 1403 1408 1412 1419 1423 1434 1435 1440 1441 1446 1448 1454 1469 1480 1483 1496 1518 1524 1526 1527 1529 1531 1561 1599 1645 1652 1654 1658 1660 1670 1718 1723 1734 1745 1751 1756 1781 1787 1797 1808 1818 1823 1835 1839 1842 1845 1860 1882 1888 1901 1919 1967 1979 1984 1991 1995 2001 2008 2018 2023 2027 2036 2037 2045 2058 2063 2065 2080
9,98,CG-MOACO,area_s5_t300,0.273876404494382,1694.9681672242434,1.4142135623730951,1 9 19 31 38 42 47 55 61 67 78 80 91 98 102 114 132 137 143 152 153 175 176 180 196 205 215 220 252 257 261 285 292 308 317 334 336 348 356 371 391 393 413 420 440 445 450 458 461 475 504 510 516 528 532 545 562 566 578 593 605 613 615 622 643 671 676 678 685 708 723 735 741 743 750 760 776 790 796 802 812 825 842 862 910 911 917 929 941 957 958 994 999 1012 1018 1028 1036 1039 1053 1058 1062 1064 1068 1070 1077 1080 1089 1093 1104 1105 1128 1137 1143 1158 1173 1187 1189 1202 1223 1234 1237 1239 1243 1264 1280 1300 1316 1318 1323 1334 1336 1339 1359 1361 1370 1372 1373 1375 1377 1384 1392 1394 1401 1409 1410 1419 1423 1434 1435 1440 1448 1495 1524 1534 1552 1556 1565 1571 1599 1606 1616 1617 1643 1647 1652 1670 1673 1683 1711 1718 1734 1747 1756 1777 1793 1797 1808 1818 1823 1840 1842 1845 1852 1854 1860 1882 1896 1901 1919 1926 1937 1959 1963 1984 1986 1989 2005 2008 2018 2023 2037 2045 2057 2061 2064
9,99,CG-MOACO,area_s5_t300,0.28604868913857673,1660.9184388710762,0.4898979485566356,0 9 14 26 31 47 77 78 80 98 114 129 132 137 148 153 165 167 175 176 189 200 215 218 226 230 232 251 252 257 284 285 292 300 308 317 334 370 379 404 415 430 448 450 458 477 484 491 497 500 508 517 528 558 562 593 602 605 606 613 616 621 648 663 700 708 719 738 740 760 771 773 775 790 806 807 809 812 825 829 862 867 868 885 910 911 929 943 945 948 954 958 965 967 1001 1024 1028 1036 1039 1042 1064 1069 1086 1105 1115 1124 1137 1139 1143 1149 1158 1162 1167 1183 1187 1199 1202 1205 1218 1243 1256 1259 1268 1278 1296 1303 1318 1323 1339 1343 1360 1375 1376 1385 1394 1395 1403 1406 1408 1411 1412 1418 1430 1434 1435 1446 1469 1482 1486 1496 1524 1529 1544 1565 1571 1584 1590 1643 1645 1649 1652 1658 1660 1701 1708 1711 1718 1735 1747 1752 1756 1769 1776 1787 1797 1802 1808 1818 1823 1835 1842 1852 1860 1882 1888 1901 1913 1922 1924 1944 1954 1963 1979 1983 1989 2005 2023 2025 2038 2044 2058 2063
10,0,CG-MOACO,area_s5_t300,0.3792134831460674,1500.5698511097337,1.7204650534085253,1 20 23 26 31 38 41 47 69 102 105 109 111 117 144 152 175 189 204 209 214 219 220 236 247 252 257 270 284 288 316 342 355 357 362 378 391 412 423 429 449 450 454 464 465 474 477 484 500 510 518 537 541 551 560 562 591 641 659 675 687 693 699 700 733 737 771 776 787 793 813 860 895 909 910 911 918 926 929 938 939 945 957 980 994 999 1001 1016 1039 1062 1068 1115 1123 1127 1139 1142 1143 1152 1162 1175 1199 1222 1224 1230 1234 1237 1242 1248 1262 1264 1274 1280 1339 1345 1375 1383 1391 1399 1416 1419 1422 1434 1435 1437 1455 1460 1469 1480 1487 1506 1511 1544 1561 1563 1580 1581 1584 1597 1614 1616 1645 1649 1660 1703 1708 1718 1723 1732 1738 1739 1751 1766 1774 1776 1793 1797 1806 1808 1823 1830 1839 1840 1864 1871 1873 1900 1940 1984 1986 1991 2009 2023 2038 2051 2057 2063
10,1,CG-MOACO,area_s5_t300,0.40262172284644193,1457.3971477382165,1.624807680927192,9 13 26 31 55 78 102 106 150 152 153 157 166 173 175 176 189 197 211 215 220 227 230 284 287 301 307 316 331 334 370 378 391 393 398 424 429 442 450 461 465 468 506 508 521 525 545 561 578 588 595 599 612 652 666 671 700 712 723 731 770 789 790 802 812 820 826 831 862 868 876 905 911 913 941 943 945 957 960 965 978 981 1001 1016 1024 1027 1036 1039 1058 1060 1075 1093 1164 1166 1167 1190 1199 1202 1223 1232 1234 1244 1245 1254 1264 1289 1296 1300 1318 1326 1339 1340 1364 1374 1384 1388 1404 1412 1415 1424 1435 1441 1455 1456 1469 1480 1524 1552 1565 1574 1578 1624 1653 1672 1676 1677 1683 1701 1719 1747 1763 1765 1787 1797 1808 1815 1842 1852 1871 1888 1901 1922 1923 1928 1944 1962 1989 2008 2013 2024 2028 2032 2038 2046 2058 2063 2078
10,2,CG-MOACO,area_s5_t300,0.40121722846441943,1461.1640550743732,1.9390719429665317,31 49 80 96 102 111 120 133 137 144 165 175 176 189 197 200 206 210 216 218 220 223 231 252 257 261 284 308 311 324 348 351 355 385 392 395 411 423 443 450 452 471 489 490 497 508 512 541 543 545 559 562 564 565 568 583 591 596 612 641 681 750 760 774 790 794 796 806 825 829 830 842 847 853 868 888 891 913 917 934 947 957 967 991 998 1001 1012 1016 1024 1036 1062 1064 1069 1105 1123 1158 1175 1199 1204 1205 1217 1222 1231 1237 1264 1297 1304 1331 1333 1339 1340 1361 1369 1370 1384 1389 1391 1411 1412 1421 1427 1433 1455 1469 1482 1494 1517 1520 1536 1567 1571 1582 1645 1648 1652 1665 1684 1705 1708 1718 1724 1726 1735 1747 1749 1756 1765 1768 1782 1792 1793 1823 1825 1827 1860 1867 1887 1923 1940 1965 1984 1989 1991 1994 2007 2009 2016 2027 2058
10,3,CG-MOACO,area_s5_t300,0.35767790262172283,1560.1203279796296,0.8,1 31 36 43 47 55 63 78 80 91 99 102 108 129 142 143 165 175 188 189 220 257 270 300 308 311 315 337 355 356 362 370 379 386 396 398 407 424 429 440 488 499 535 540 547 558 562 579 582 585 592 593 605 608 612 615 617 626 681 682 692 700 705 725 738 741 747 760 776 790 794 804 806 807 836 880 894 910 915 929 934 944 954 977 980 1001 1007 1012 1028 1031 1049 1053 1064 1065 1071 1085 1086 1089 1110 1127 1158 1163 1172 1181 1185 1188 1199 1205 1237 1259 1262 1264 1278 1300 1306 1314 1320 1323 1339 1343 1383 1385 1395 1403 1404 1411 1418 1430 1434 1463 1465 1482 1486 1491 1496 1506 1508 1518 1529 1544 1562 1638 1645 1647 1652 1654 1660 1676 1697 1701 1704 1711 1718 1732 1735 1747 1748 1756 1763 1777 1780 1783 1790 1797 1808 1809 1815 1818 1820 1884 1888 1901 1928 1954 1957 1963 1983 1991 2023 2044 2058 2083
10,4,CG-MOACO,area_s5_t300,0.4213483146067416,1427.121268807841,4.6303347611160905,7 9 13 26 36 48 49 96 111 122 137 144 166 174 175 182 197 204 210 219 220 269 285 287 310 332 369 374 379 383 392 432 437 457 476 486 501 504 525 534 552 554 562 593 599 626 638 654 677 680 734 770 771 772 806 807 813 814 830 862 866 868 877 885 911 920 928 929 941 955 957 971 982 987 999 1000 1011 1027 1031 1053 1055 1057 1070 1072 1115 1123 1129 1163 1199 1234 1243 1257 1264 1281 1310 1318 1326 1331 1334 1336 1355 1360 1364 1368 1376 1384 1395 1403 1406 1408 1412 1422 1423 1434 1435 1440 1449 1455 1463 1485 1500 1529 1544 1565 1574 1577 1584 1599 1619 1645 1647 1652 1672 1688 1705 1726 1735 1742 1750 1753 1756 1787 1792 1797 1806 1810 1823 1833 1839 1851 1866 1888 1892 1929 1943 1959 1983 1991 2009 2026 2058 2066 2083
10,5,CG-MOACO,area_s5_t300,0.39279026217228463,1468.026921318155,1.4142135623730951,1 3 9 13 19 31 44 71 80 120 127 137 143 150 153 158 167 175 180 189 210 251 252 257 261 284 308 317 323 327 334 370 385 390 420 424 429 450 457 465 491 500 510 517 563 578 598 605 626 632 637 648 674 676 685 697 721 723 724 741 750 771 776 796 809 814 821 860 917 925 929 936 940 941 944 955 957 960 978 980 997 1024 1039 1041 1043 1051 1062 1096 1107 1116 1123 1157 1163 1167 1183 1185 1187 1199 1201 1228 1239 1242 1265 1297 1304 1319 1323 1333 1359 1373 1384 1391 1394 1422 1423 1433 1434 1441 1448 1455 1461 1483 1493 1531 1542 1550 1560 1562 1575 1606 1608 1616 1626 1652 1685 1705 1715 1721 1726 1735 1738 1747 1751 1756 1793 1808 1810 1819 1848 1867 1868 1873 1882 1898 1909 1922 1923 1962 1963 1979 1980 1983 1991 2019 2025 2046 2058 2063 2069 2083
10,6,CG-MOACO,area_s5_t300,0.3778089887640449,1483.597008620955,2.039607805437114,1 73 80 83 102 158 162 165 167 175 178 189 190 197 209 212 219 230 242 247 252 257 278 285 306 307 315 317 322 324 358 362 369 386 391 393 398 410 416 432 450 453 465 479 486 496 523 532 551 562 566 593 611 615 622 626 629 645 646 650 654 692 695 708 760 766 771 776 790 810 856 858 860 862 877 879 885 891 915 929 933 941 951 957 967 972 981 1001 1039 1060 1073 1115 1126 1139 1162 1164 1166 1185 1187 1199 1204 1205 1223 1237 1259 1262 1264 1272 1276 1294 1296 1306 1339 1346 1363 1370 1373 1379 1385 1391 1403 1412 1422 1434 1469 1480 1513 1518 1524 1565 1590 1608 1616 1618 1623 1625 1628 1645 1648 1652 1701 1705 1718 1724 1735 1742 1747 1753 1756 1763 1775 1787 1806 1808 1815 1833 1861 1866 1867 1879 1890 1901 1947 1980 1983 2001 2009 2010 2023 2046 2058 2063 2080 2083
10,7,CG-MOACO,area_s5_t300,0.41807116104868913,1446.053507027969,2.0,5 36 40 47 79 80 88 112 122 123 128 133 170 175 178 182 187 189 191 219 220 260 261 277 283 307 316 325 337 347 359 369 370 378 383 412 420 423 441 449 457 465 471 474 483 497 504 508 512 518 565 566 570 584 613 669 675 681 700 708 716 725 783 791 801 815 825 826 859 897 902 911 914 929 943 951 957 973 980 997 1001 1016 1024 1027 1033 1037 1051 1065 1070 1077 1089 1102 1152 1157 1163 1174 1183 1187 1222 1228 1236 1262 1264 1280 1284 1289 1300 1303 1313 1351 1361 1394 1397 1401 1412 1416 1419 1436 1448 1461 1468 1486 1492 1499 1536 1578 1605 1616 1638 1645 1653 1672 1676 1704 1735 1745 1750 1777 1781 1787 1803 1809 1811 1812 1839 1840 1842 1854 1867 1869 1870 1907 1909 1911 1923 1931 1949 1963 1964 1983 2003 2015 2023 2044 2058
10,8,CG-MOACO,area_s5_t300,0.39372659176029967,1506.4587859032745,1.019803902718557,7 13 29 46 49 67 73 78 80 100 102 105 106 137 155 165 175 176 181 190 200 206 213 252 276 286 292 306 310 317 337 369 370 379 385 391 445 449 450 452 466 471 475 497 518 525 530 559 562 593 609 612 629 630 636 650 654 692 696 705 708 722 729 744 760 765 771 776 816 827 890 911 915 918 926 952 957 961 966 967 982 987 999 1001 1009 1016 1017 1028 1036 1045 1060 1065 1089 1097 1105 1127 1136 1143 1146 1171 1173 1187 1199 1223 1229 1264 1266 1274 1276 1299 1301 1329 1337 1345 1354 1366 1383 1405 1412 1419 1423 1426 1480 1483 1494 1496 1505 1518 1520 1529 1531 1542 1544 1575 1577 1614 1621 1652 1657 1673 1701 1714 1717 1724 1747 1756 1761 1779 1784 1787 1790 1792 1805 1815 1818 1840 1842 1875 1882 1924 1926 1941 1969 1982 1996 2013 2037 2045 2057 2063 2078 2083
10,9,CG-MOACO,area_s5_t300,0.39794007490636707,1483.9514143281194,1.16619037896906,1 7 24 36 47 73 79 80 87 96 129 135 137 147 150 151 155 159 165 175 180 189 197 219 251 257 306 310 317 319 324 379 395 413 426 428 430 439 449 461 465 474 502 510 539 542 580 587 589 593 602 613 615 625 650 654 658 671 676 685 687 700 708 719 725 776 782 786 802 815 833 839 871 872 884 892 911 921 936 938 941 943 960 967 983 987 1005 1042 1050 1052 1056 1065 1089 1105 1127 1137 1149 1162 1173 1183 1187 1202 1237 1269 1290 1300 1304 1319 1336 1370 1373 1391 1395 1423 1436 1455 1469 1482 1485 1487 1494 1508 1520 1522 1524 1529 1536 1553 1578 1581 1584 1594 1604 1605 1608 1617 1652 1654 1672 1687 1692 1720 1726 1735 1740 1744 1747 1753 1780 1787 1792 1802 1815 1823 1825 1833 1838 1842 1860 1866 1871 1888 1892 1940 1963 1964 1989 2026 2030 2063 2070
10,10,CG-MOACO,area_s5_t300,0.401685393258427,1455.2136776162647,2.939387691339814,4 20 26 30 48 55 67 73 78 80 87 97 124 137 165 166 170 175 176 196 202 211 215 226 229 230 252 258 269 270 278 285 292 308 311 317 336 371 411 450 453 457 459 465 489 508 555 559 565 577 582 588 593 611 629 655 668 697 731 735 744 747 760 771 794 796 802 815 820 868 878 891 895 911 913 929 938 941 947 966 984 987 1009 1016 1024 1035 1037 1062 1071 1096 1127 1142 1152 1154 1175 1199 1201 1202 1221 1222 1237 1244 1245 1248 1254 1264 1274 1279 1339 1361 1363 1368 1384 1386 1402 1403 1405 1411 1427 1434 1439 1441 1529 1535 1544 1556 1562 1579 1584 1604 1614 1639 1645 1649 1652 1670 1671 1718 1743 1747 1753 1774 1787 1797 1814 1845 1867 1882 1896 1912 1919 1924 1931 1963 1980 1984 1991 2005 2018 2023 2027 2037 2045 2046 2047 2058 2063 2072
10,11,CG-MOACO,area_s5_t300,0.35205992509363293,1556.3654181710458,2.0591260281974,36 40 53 68 72 80 83 99 111 114 117 127 132 137 142 154 167 172 175 180 182 200 219 259 263 278 284 288 291 304 306 311 317 359 363 369 370 379 392 417 432 436 439 465 486 508 528 550 562 564 565 593 599 602 605 612 626 648 685 721 734 738 740 755 760 770 771 790 802 806 807 818 827 860 866 878 885 905 907 910 911 915 917 929 936 941 948 957 967 971 982 999 1017 1024 1027 1028 1032 1039 1051 1058 1060 1064 1126 1158 1159 1163 1166 1173 1184 1199 1228 1260 1262 1264 1274 1279 1292 1296 1315 1319 1346 1359 1370 1377 1384 1394 1434 1440 1463 1469 1490 1513 1517 1530 1536 1544 1557 1567 1584 1599 1616 1643 1645 1648 1651 1703 1718 1738 1750 1756 1763 1770 1787 1792 1808 1819 1829 1834 1836 1838 1839 1842 1857 1882 1888 1894 1921 1923 1940 1964 1980 1983 1991 2001 2006 2023 2025 2045 2046 2058 2063 2083
10,12,CG-MOACO,area_s5_t300,0.3806179775280899,1474.2481580505496,1.5999999999999999,5 19 26 31 78 80 86 91 102 106 134 137 140 143 153 156 162 175 178 207 220 227 230 252 263 277 283 307 311 315 317 344 358 370 390 399 430 449 450 465 480 500 514 544 545 562 571 580 600 607 609 626 638 650 653 664 676 687 700 708 734 739 740 750 771 776 807 821 825 866 868 873 878 883 890 917 947 972 978 984 1005 1016 1024 1032 1039 1043 1060 1081 1085 1086 1105 1115 1127 1129 1158 1173 1190 1199 1202 1212 1228 1233 1234 1235 1245 1254 1261 1280 1284 1294 1306 1308 1312 1318 1334 1339 1361 1378 1403 1404 1422 1423 1428 1436 1441 1448 1449 1463 1482 1524 1527 1534 1536 1544 1562 1567 1571 1583 1621 1652 1655 1671 1673 1677 1700 1705 1717 1734 1735 1756 1765 1779 1781 1784 1786 1787 1797 1802 1813 1839 1845 1851 1860 1881 1909 1922 1963 1983 1987 2006 2024 2038 2063 2082
10,13,CG-MOACO,area_s5_t300,0.3609550561797753,1523.0603763432493,1.5999999999999999,7 9 26 31 55 67 72 80 87 106 130 137 143 144 165 175 176 178 188 189 196 214 215 220 229 243 252 257 261 262 270 285 316 319 348 355 371 384 391 415 438 445 449 450 466 510 516 525 528 536 543 560 562 563 590 593 605 615 617 650 666 685 692 700 708 719 721 729 734 738 741 745 760 771 802 830 895 906 910 913 917 926 929 957 959 977 980 995 1018 1020 1028 1045 1060 1065 1087 1091 1095 1105 1127 1143 1156 1162 1173 1185 1199 1202 1223 1224 1229 1230 1239 1264 1279 1290 1302 1303 1314 1325 1328 1331 1339 1355 1364 1369 1385 1412 1420 1423 1435 1441 1450 1480 1494 1495 1502 1524 1531 1540 1544 1584 1605 1608 1616 1627 1645 1652 1654 1660 1669 1701 1706 1718 1747 1756 1769 1777 1782 1788 1793 1797 1802 1818 1831 1836 1840 1845 1867 1882 1883 1912 1963 1980 1983 1989 1995 2005 2018 2046 2058 2063 2083
10,14,CG-MOACO,area_s5_t300,0.36891385767790263,1513.6045173357347,2.727636339397171,9 26 28 59 79 80 89 91 99 137 143 175 176 182 189 190 204 249 252 261 273 285 290 292 306 311 317 328 332 337 349 356 369 370 391 392 398 420 429 449 450 455 462 465 495 500 523 532 560 562 589 594 605 608 626 641 648 650 687 700 719 734 737 747 748 760 772 775 790 829 839 842 868 877 879 890 895 900 942 947 951 957 966 976 978 982 1001 1022 1029 1035 1037 1062 1066 1077 1103 1127 1143 1170 1174 1187 1223 1227 1232 1237 1264 1274 1289 1292 1308 1339 1340 1351 1356 1384 1404 1408 1418 1427 1434 1435 1448 1458 1480 1483 1490 1518 1538 1565 1577 1599 1614 1616 1617 1627 1649 1652 1653 1672 1676 1690 1703 1718 1726 1732 1742 1756 1775 1780 1787 1797 1805 1815 1832 1833 1839 1840 1842 1845 1849 1854 1860 1867 1877 1882 1922 1928 1960 1967 1976 1983 2038 2039 2046 2058 2063 2067 2076
10,15,CG-MOACO,area_s5_t300,0.3651685393258427,1518.2241572689072,2.0591260281974,9 25 31 40 80 101 114 143 148 154 167 175 178 187 189 197 206 219 220 223 228 247 261 278 285 307 311 317 332 334 370 391 405 431 450 453 464 471 489 508 517 545 562 564 582 583 593 602 605 610 615 626 631 654 658 664 676 697 708 735 741 750 760 771 790 796 802 804 815 817 825 830 860 910 913 926 929 935 936 945 946 947 957 959 982 1020 1029 1036 1039 1056 1057 1062 1064 1105 1113 1127 1142 1143 1155 1167 1173 1187 1199 1202 1223 1224 1226 1234 1257 1260 1262 1264 1274 1280 1292 1299 1300 1306 1319 1339 1340 1365 1369 1394 1395 1412 1414 1419 1426 1435 1487 1499 1511 1520 1523 1530 1564 1604 1616 1648 1651 1720 1734 1738 1743 1754 1756 1792 1797 1802 1808 1813 1829 1839 1851 1874 1882 1883 1888 1924 1941 1959 1980 2000 2005 2007 2016 2018 2027 2035 2037 2045 2046 2058 2063 2082 2083
10,16,CG-MOACO,area_s5_t300,0.34597378277153557,1570.4025845751273,1.0954451150103321,1 13 26 31 48 76 80 87 89 135 137 142 165 170 175 176 189 209 219 220 252 257 264 277 285 292 299 303 307 308 311 317 334 337 344 359 370 379 449 450 458 465 472 474 510 514 528 533 544 559 562 567 590 593 611 615 622 624 638 650 654 665 676 692 708 731 736 741 760 771 776 802 804 807 811 868 878 910 911 913 929 935 936 946 951 967 978 981 991 994 999 1021 1028 1030 1036 1043 1051 1062 1070 1089 1096 1143 1153 1157 1163 1173 1182 1183 1187 1199 1251 1259 1264 1266 1290 1318 1339 1347 1364 1373 1385 1386 1395 1403 1404 1412 1419 1422 1426 1435 1438 1441 1446 1447 1470 1480 1490 1496 1520 1551 1605 1614 1636 1643 1645 1652 1653 1660 1688 1700 1704 1705 1718 1720 1726 1729 1734 1735 1738 1747 1756 1765 1797 1802 1815 1831 1845 1886 1892 1911 1913 1928 1937 1952 1963 1964 1969 1980 1983 1989 1995 2023 2046 2063 2083
10,17,CG-MOACO,area_s5_t300,0.38155430711610483,1468.939193072033,1.4966629547095767,0 31 36 38 47 55 58 60 80 102 111 134 143 150 153 154 165 167 170 175 189 197 215 220 227 230 242 257 284 286 299 306 308 317 369 385 427 440 445 458 464 465 495 514 524 525 529 613 624 637 648 656 675 685 697 734 741 747 748 750 757 771 776 796 800 812 814 820 825 826 847 853 868 901 910 917 929 947 956 957 972 975 994 1001 1024 1031 1039 1056 1060 1064 1068 1077 1105 1129 1133 1143 1145 1152 1158 1174 1183 1199 1222 1224 1237 1264 1292 1302 1318 1328 1331 1336 1339 1341 1367 1384 1392 1394 1409 1434 1435 1441 1445 1453 1482 1524 1544 1552 1567 1570 1602 1605 1608 1615 1645 1654 1655 1659 1660 1671 1688 1703 1718 1726 1734 1747 1765 1769 1787 1793 1797 1809 1818 1831 1842 1845 1853 1860 1871 1913 1942 1943 1963 1969 1976 1983 1986 1991 2005 2033 2046 2058 2063
10,18,CG-MOACO,area_s5_t300,0.3595505617977528,1524.244763665545,1.8547236990991407,1 24 38 47 68 73 78 80 82 86 102 152 153 165 175 200 205 210 220 247 252 257 273 284 289 292 306 310 316 336 337 348 366 369 377 379 386 391 424 450 461 465 472 486 508 510 525 544 545 548 552 558 562 593 613 615 675 685 700 703 709 719 734 741 747 755 771 772 783 812 815 829 831 847 860 871 895 911 917 929 935 947 951 967 982 994 1001 1012 1016 1028 1036 1043 1063 1069 1084 1089 1104 1136 1143 1173 1183 1187 1224 1236 1237 1260 1261 1264 1276 1300 1304 1314 1339 1364 1367 1370 1380 1394 1406 1416 1423 1434 1435 1478 1480 1483 1484 1486 1496 1529 1553 1565 1575 1580 1588 1606 1608 1637 1645 1649 1658 1687 1718 1735 1747 1756 1764 1765 1769 1777 1787 1792 1793 1797 1802 1805 1819 1823 1832 1840 1842 1849 1853 1860 1867 1868 1882 1924 1962 1976 1978 1983 1989 2044 2058 2063 2082
10,19,CG-MOACO,area_s5_t300,0.3665730337078652,1527.6504404374748,1.16619037896906,1 20 26 64 68 72 80 83 86 90 99 102 108 120 122 129 136 144 154 155 175 176 219 252 257 264 277 278 292 311 317 319 322 335 392 428 434 458 465 478 501 580 594 602 605 608 612 615 617 624 626 648 656 674 678 685 691 700 721 737 741 744 747 771 774 800 802 807 812 825 856 860 862 875 885 900 910 911 926 929 941 952 954 967 971 973 982 1001 1032 1037 1039 1062 1068 1086 1091 1123 1127 1131 1142 1143 1164 1175 1191 1199 1204 1212 1221 1231 1262 1264 1288 1293 1301 1318 1339 1360 1369 1379 1384 1387 1391 1395 1412 1420 1423 1430 1435 1440 1448 1482 1490 1524 1544 1553 1569 1599 1605 1614 1624 1645 1649 1652 1654 1655 1660 1672 1697 1718 1756 1757 1769 1781 1809 1818 1827 1839 1852 1860 1867 1882 1901 1909 1918 1937 1951 1961 1966 1967 1977 1983 1991 1993 2008 2018 2023 2037 2045 2058 2063
10,20,CG-MOACO,area_s5_t300,0.35720973782771537,1539.088929936839,1.0954451150103321,9 14 26 31 60 80 98 108 112 120 122 132 157 165 171 175 181 188 206 210 219 220 221 252 259 272 277 278 285 292 308 317 332 334 337 350 379 410 419 443 449 450 453 459 465 475 500 508 534 559 587 589 606 612 626 649 653 670 685 692 697 700 708 726 740 760 766 771 786 794 806 807 812 825 860 876 885 896 907 910 918 929 935 944 957 967 973 976 977 980 1016 1023 1039 1050 1060 1065 1070 1105 1127 1143 1156 1161 1175 1187 1199 1202 1205 1224 1236 1237 1260 1265 1297 1318 1327 1328 1339 1352 1364 1365 1375 1377 1384 1391 1394 1419 1434 1440 1441 1455 1473 1483 1513 1517 1520 1544 1569 1575 1577 1605 1616 1643 1645 1652 1655 1659 1678 1701 1708 1710 1718 1747 1749 1751 1793 1797 1808 1809 1827 1840 1843 1849 1851 1854 1868 1871 1901 1923 1951 1980 1983 1986 2018 2025 2033 2037 2046 2058 2063 2067
10,21,CG-MOACO,area_s5_t300,0.34456928838951306,1562.2742726395927,1.16619037896906,9 48 54 55 65 80 86 88 102 111 113 126 141 148 167 175 178 182 188 200 204 215 227 247 252 261 292 311 317 337 348 367 370 378 391 392 415 440 442 449 450 458 465 475 481 514 516 530 544 562 578 583 590 605 637 643 676 692 700 705 708 716 719 721 734 760 771 773 775 776 790 802 825 826 862 866 868 876 890 902 910 911 929 941 948 961 982 987 994 1000 1021 1035 1039 1041 1058 1059 1060 1064 1068 1084 1103 1127 1143 1152 1154 1158 1162 1170 1187 1202 1223 1244 1259 1262 1264 1292 1298 1300 1323 1328 1336 1339 1344 1359 1361 1385 1403 1404 1408 1412 1418 1422 1434 1440 1441 1454 1455 1524 1528 1565 1571 1599 1616 1642 1645 1648 1653 1656 1676 1738 1747 1784 1787 1793 1797 1806 1809 1815 1825 1854 1858 1867 1882 1889 1895 1923 1924 1928 1931 1941 1962 1963 1964 1980 1983 2000 2003 2006 2045 2046 2049 2058 2063 2074
10,22,CG-MOACO,area_s5_t300,0.37031835205992514,1495.2425452231594,2.4,1 13 30 38 59 80 89 97 102 106 108 117 125 129 137 149 150 175 176 178 179 182 189 200 252 257 261 270 277 284 300 317 322 353 367 378 386 417 423 432 440 461 465 486 503 509 521 542 547 565 578 580 593 607 626 635 642 645 654 658 676 701 723 760 771 772 790 809 862 868 897 911 929 938 940 941 966 967 982 994 1001 1008 1011 1016 1024 1070 1084 1089 1099 1102 1123 1126 1137 1140 1143 1152 1164 1183 1201 1223 1228 1236 1237 1259 1264 1280 1288 1301 1303 1314 1316 1318 1331 1333 1339 1370 1403 1405 1408 1412 1416 1419 1435 1449 1467 1469 1486 1498 1524 1537 1544 1582 1619 1636 1645 1649 1652 1654 1660 1701 1705 1715 1718 1732 1735 1746 1747 1787 1790 1792 1793 1808 1815 1842 1845 1882 1888 1900 1902 1924 1928 1941 1963 1965 1969 1983 1989 1991 2010 2016 2036 2045 2046 2058 2063 2083
10,23,CG-MOACO,area_s5_t300,0.3525280898876404,1545.8917504307547,2.1354156504062622,1 26 41 47 55 78 80 86 108 122 134 137 175 176 178 180 182 194 197 214 215 220 231 252 257 261 317 334 353 356 357 384 391 393 412 424 426 449 450 465 469 476 481 482 506 517 544 562 583 593 613 621 637 650 658 681 700 708 750 756 760 786 789 790 802 807 812 828 836 868 875 878 887 897 910 911 929 939 946 950 951 966 967 971 978 980 1011 1024 1062 1069 1071 1086 1092 1105 1108 1127 1128 1154 1158 1175 1187 1199 1230 1237 1264 1269 1278 1328 1334 1336 1339 1344 1368 1403 1404 1411 1412 1419 1422 1423 1425 1435 1440 1448 1461 1487 1520 1528 1530 1564 1567 1577 1582 1599 1605 1614 1616 1625 1629 1645 1647 1652 1660 1672 1676 1683 1689 1697 1709 1718 1732 1756 1763 1773 1779 1797 1815 1818 1839 1840 1860 1867 1882 1892 1928 1961 1963 1966 1967 1983 1989 1991 1992 2004 2006 2026 2027 2038 2046 2058 2063
10,24,CG-MOACO,area_s5_t300,0.33520599250936334,1570.5385600868724,1.6733200530681511,1 5 20 47 73 79 80 87 89 102 114 117 137 158 165 175 176 191 197 204 206 226 231 232 237 257 265 270 307 308 311 315 317 334 362 370 391 394 412 429 440 442 449 452 457 461 465 474 480 484 508 515 518 527 544 560 562 593 599 626 629 650 654 656 658 687 693 700 716 734 740 760 770 771 775 802 833 868 872 878 885 910 911 913 927 929 942 951 960 967 978 996 1001 1016 1028 1031 1039 1062 1089 1115 1127 1152 1158 1167 1173 1188 1199 1223 1224 1230 1259 1262 1264 1304 1309 1318 1323 1339 1361 1373 1376 1384 1391 1403 1404 1412 1415 1419 1436 1448 1478 1480 1483 1490 1499 1524 1528 1529 1538 1550 1565 1571 1582 1615 1627 1645 1652 1654 1677 1714 1717 1720 1747 1755 1774 1787 1797 1808 1815 1818 1828 1840 1842 1852 1863 1872 1884 1888 1896 1901 1952 1959 1980 1983 2006 2014 2018 2023 2027 2029 2037 2046 2058 2063 2078
10,25,CG-MOACO,area_s5_t300,0.36985018726591756,1522.1920171358079,1.7435595774162693,9 61 80 91 96 111 125 148 165 172 175 180 182 200 202 204 205 210 219 220 229 247 252 267 269 278 306 311 317 323 326 328 332 336 379 386 411 415 423 449 450 464 465 471 474 500 525 529 544 554 562 565 568 581 593 608 626 648 692 694 697 700 708 731 737 750 760 776 807 825 835 858 878 910 918 929 934 938 944 960 978 985 1013 1028 1031 1037 1039 1051 1062 1064 1068 1085 1096 1107 1127 1137 1143 1145 1171 1173 1185 1187 1202 1205 1221 1230 1237 1261 1264 1290 1295 1318 1327 1334 1339 1373 1375 1403 1404 1416 1419 1423 1434 1440 1469 1482 1484 1508 1513 1529 1561 1565 1581 1586 1603 1606 1614 1617 1646 1648 1652 1673 1676 1684 1687 1701 1705 1717 1735 1738 1747 1752 1766 1787 1797 1808 1812 1815 1826 1830 1840 1860 1865 1866 1909 1923 1924 1928 1963 1983 1991 2032 2038 2046 2057 2063 2071 2083
10,26,CG-MOACO,area_s5_t300,0.3370786516853933,1579.086897080842,0.4,7 9 55 71 76 79 80 96 102 111 114 125 137 160 165 175 176 182 197 200 207 211 219 223 230 252 259 270 275 284 308 310 317 334 362 370 391 426 444 449 450 502 504 508 517 559 562 580 582 583 590 593 612 617 626 631 643 654 674 676 685 687 700 719 725 731 734 740 760 766 771 790 825 827 830 855 860 870 878 910 929 936 941 947 961 976 980 1009 1018 1024 1036 1039 1041 1062 1064 1096 1105 1119 1123 1127 1133 1138 1143 1158 1163 1187 1199 1228 1234 1237 1244 1259 1264 1266 1290 1294 1296 1299 1314 1318 1336 1360 1367 1370 1379 1385 1387 1391 1393 1394 1395 1403 1412 1426 1429 1440 1441 1482 1494 1496 1541 1556 1584 1608 1633 1638 1645 1648 1652 1658 1660 1671 1687 1709 1711 1718 1731 1747 1754 1756 1777 1778 1787 1792 1800 1802 1823 1825 1831 1835 1866 1867 1882 1932 1937 1940 1961 1963 1983 2006 2023 2045 2058 2063 2069 2074
10,27,CG-MOACO,area_s5_t300,0.34737827715355807,1548.0758028707385,4.1182520563948,1 38 67 73 76 80 97 113 114 129 137 144 148 153 158 165 167 175 176 184 200 209 213 218 232 252 257 259 308 311 317 334 379 392 395 413 415 418 423 426 429 432 450 458 465 486 503 554 562 583 593 626 655 680 692 716 719 725 734 739 740 760 766 770 771 772 779 790 802 807 854 862 868 871 875 885 889 894 900 910 911 913 918 941 945 946 978 980 999 1001 1010 1012 1016 1022 1024 1028 1037 1042 1060 1064 1086 1127 1143 1150 1158 1164 1170 1173 1199 1204 1221 1237 1264 1278 1304 1311 1339 1360 1368 1373 1376 1377 1384 1392 1399 1403 1404 1419 1425 1446 1458 1480 1490 1536 1554 1570 1582 1615 1618 1645 1652 1653 1659 1672 1708 1718 1738 1741 1747 1756 1766 1767 1776 1797 1806 1808 1842 1854 1857 1861 1865 1877 1892 1901 1922 1923 1928 1940 1953 1963 1966 1983 2018 2023 2025 2027 2037 2046 2058 2063 2073
10,28,CG-MOACO,area_s5_t300,0.33239700374531833,1572.955827251808,1.3564659966250538,1 20 36 41 47 78 96 99 102 114 129 137 175 178 182 189 197 214 219 226 230 264 270 278 284 306 307 310 317 356 359 362 369 370 403 423 427 430 448 452 458 465 471 476 495 499 506 545 554 558 580 583 613 615 624 626 629 632 638 650 654 664 676 697 741 747 760 766 790 802 806 814 825 831 856 868 878 898 900 902 911 929 936 941 944 947 951 966 978 982 994 1004 1011 1032 1062 1070 1084 1086 1089 1107 1127 1129 1142 1143 1158 1167 1187 1199 1201 1223 1228 1234 1277 1296 1297 1304 1310 1318 1334 1339 1340 1360 1370 1375 1384 1386 1394 1402 1403 1412 1419 1422 1423 1434 1445 1469 1482 1524 1582 1584 1595 1606 1614 1629 1645 1649 1652 1654 1655 1670 1673 1690 1726 1769 1779 1787 1793 1797 1820 1823 1826 1829 1839 1854 1861 1871 1878 1882 1923 1954 1961 1963 1967 1969 1976 1983 1986 1989 2005 2007 2018 2023 2037 2045 2057 2063 2078
10,29,CG-MOACO,area_s5_t300,0.34597378277153557,1548.96623755012,4.6303347611160905,1 9 14 19 31 47 55 67 78 80 98 102 122 137 148 150 153 154 155 175 176 179 181 200 202 204 206 217 219 252 257 265 285 307 308 310 317 334 348 362 370 379 386 391 420 424 441 443 453 463 465 474 500 504 529 544 563 593 595 608 626 629 654 676 680 725 734 738 760 766 770 771 775 825 868 871 907 910 911 929 938 954 967 982 993 999 1001 1012 1018 1029 1035 1036 1060 1064 1070 1108 1117 1126 1143 1163 1172 1188 1199 1202 1211 1216 1226 1230 1236 1237 1260 1264 1288 1297 1304 1310 1318 1334 1339 1344 1361 1378 1391 1404 1412 1419 1423 1436 1440 1480 1483 1528 1529 1541 1574 1580 1590 1618 1637 1639 1645 1649 1652 1654 1660 1720 1732 1741 1753 1756 1766 1773 1777 1783 1785 1787 1793 1797 1802 1806 1808 1815 1834 1839 1840 1860 1866 1867 1883 1900 1963 1967 1980 1983 2009 2014 2023 2037 2039 2046 2058 2083
10,30,CG-MOACO,area_s5_t300,0.32490636704119846,1576.7439763885563,2.0591260281974,0 5 31 55 78 80 102 119 122 137 165 166 172 173 175 176 190 197 201 210 219 235 252 261 270 277 288 307 308 311 317 334 337 362 370 386 391 393 396 415 428 450 458 465 475 477 480 483 491 497 500 510 525 528 533 562 566 583 589 593 611 626 637 648 654 675 685 703 708 735 741 749 771 772 776 796 807 815 825 853 868 871 877 879 910 915 917 926 929 941 957 960 965 967 982 1001 1024 1056 1062 1064 1065 1070 1079 1086 1105 1117 1127 1129 1143 1158 1173 1184 1200 1202 1234 1237 1243 1262 1264 1276 1278 1289 1323 1339 1344 1359 1375 1385 1403 1404 1408 1412 1419 1430 1434 1435 1440 1445 1455 1465 1506 1524 1537 1565 1574 1599 1618 1645 1648 1652 1655 1662 1673 1676 1704 1705 1718 1725 1735 1747 1756 1765 1777 1781 1787 1793 1797 1802 1808 1815 1819 1820 1836 1842 1860 1882 1928 1937 1959 1966 1983 1986 2008 2023 2036 2046 2057 2063
10,31,CG-MOACO,area_s5_t300,0.35299625468164797,1536.2350321965475,1.5999999999999999,1 5 9 38 47 67 71 72 80 122 154 165 175 176 178 182 197 200 210 237 252 257 270 277 278 288 292 317 323 334 337 348 356 371 379 395 415 424 432 440 450 461 465 474 477 486 504 508 535 540 542 546 579 593 595 605 606 626 629 654 659 698 711 716 719 726 736 760 772 802 804 806 809 815 825 856 862 868 879 883 885 910 929 936 939 957 968 982 1007 1012 1024 1026 1028 1036 1039 1049 1062 1064 1105 1123 1127 1139 1143 1163 1173 1187 1191 1199 1236 1239 1244 1262 1264 1274 1292 1310 1318 1334 1336 1339 1346 1359 1369 1383 1392 1399 1402 1404 1409 1412 1419 1423 1440 1449 1480 1482 1494 1513 1524 1536 1544 1571 1588 1614 1637 1645 1652 1672 1708 1738 1747 1754 1756 1764 1779 1809 1811 1820 1842 1851 1854 1860 1888 1896 1937 1959 1983 2009 2010 2015 2023 2027 2028 2035 2045 2046 2047 2058 2063 2078 2082
10,32,CG-MOACO,area_s5_t300,0.2387640449438202,1780.7651594374258,3.1368774282716245,1 5 9 47 54 55 63 71 80 102 105 106 121 137 143 162 175 176 178 182 191 207 220 227 230 252 257 277 283 285 292 307 310 317 334 348 356 361 370 378 386 391 420 440 450 452 458 465 475 484 497 504 508 544 552 558 562 593 613 616 626 650 658 671 676 685 700 705 708 711 716 734 741 743 745 760 772 790 812 814 825 831 846 862 868 870 910 911 918 925 927 929 938 944 952 955 978 982 994 1001 1016 1018 1024 1036 1039 1062 1068 1070 1077 1089 1104 1106 1122 1127 1137 1142 1143 1164 1173 1182 1183 1187 1199 1202 1223 1224 1234 1237 1258 1262 1264 1279 1281 1297 1300 1304 1319 1323 1334 1336 1339 1361 1370 1376 1384 1386 1394 1395 1401 1403 1412 1419 1422 1423 1434 1436 1440 1448 1457 1469 1483 1490 1520 1524 1526 1544 1571 1582 1605 1616 1645 1648 1649 1652 1653 1673 1718 1720 1732 1735 1738 1756 1780 1782 1787 1797 1808 1811 1818 1823 1829 1839 1840 1845 1854 1860 1882 1901 1910 1916 1926 1937 1963 1965 1967 1983 2006 2008 2016 2018 2023 2038 2049 2055 2057 2063 2083
10,33,CG-MOACO,area_s5_t300,0.3314606741573034,1548.9968548473696,2.5612496949731396,1 7 26 31 47 54 55 59 68 78 80 98 102 132 137 141 149 175 176 178 218 226 230 251 252 257 281 285 292 300 310 317 334 336 341 356 358 370 379 391 392 415 432 442 450 458 465 486 500 504 508 517 533 544 545 548 562 579 583 593 602 612 626 629 637 650 652 668 671 675 686 708 716 775 825 862 868 890 894 910 929 935 936 939 947 967 976 978 980 983 1000 1017 1018 1024 1026 1035 1037 1055 1058 1060 1070 1089 1127 1143 1168 1175 1183 1187 1199 1222 1228 1237 1262 1264 1289 1292 1295 1297 1327 1339 1370 1384 1403 1412 1419 1425 1435 1440 1448 1455 1456 1458 1465 1496 1524 1535 1544 1571 1573 1578 1580 1584 1616 1643 1645 1652 1653 1660 1673 1683 1708 1709 1718 1753 1756 1779 1787 1793 1797 1815 1818 1823 1839 1842 1860 1866 1896 1928 1940 1947 1953 1963 1965 1967 1983 1986 1991 1996 2008 2023 2027 2038 2057 2063 2066 2083
10,34,CG-MOACO,area_s5_t300,0.25889513108614237,1760.3647321156143,0.7483314773547882,1 5 9 55 76 78 80 87 102 105 106 114 137 165 170 175 176 178 182 202 206 219 220 252 257 264 277 278 281 289 292 307 311 317 334 337 344 348 370 379 386 390 415 431 433 449 450 458 461 465 466 480 485 490 500 528 532 541 543 559 562 567 590 593 602 603 605 608 626 650 654 676 678 692 716 734 741 760 771 776 804 808 814 825 833 836 858 866 877 887 910 911 917 929 947 957 967 978 980 994 1009 1018 1024 1029 1033 1036 1039 1052 1055 1060 1070 1083 1089 1102 1105 1127 1137 1143 1173 1187 1188 1199 1202 1205 1208 1223 1228 1258 1259 1262 1264 1276 1279 1304 1318 1323 1339 1361 1375 1376 1385 1395 1403 1404 1411 1412 1419 1422 1434 1435 1440 1448 1469 1483 1490 1495 1520 1524 1544 1565 1571 1580 1599 1605 1616 1645 1647 1649 1652 1654 1683 1701 1705 1718 1719 1735 1743 1747 1756 1763 1765 1787 1797 1802 1806 1808 1812 1815 1836 1840 1845 1882 1888 1901 1928 1929 1962 1963 1969 1980 1983 1986 2006 2008 2023 2038 2046 2049 2058 2063 2083
10,35,CG-MOACO,area_s5_t300,0.3132022471910112,1571.4928681022575,3.9698866482558417,1 20 47 55 80 102 106 108 132 137 142 148 150 157 175 176 178 182 189 190 200 202 210 215 219 226 230 252 257 270 277 278 283 285 306 317 359 370 378 382 391 395 415 440 450 458 464 465 477 484 486 508 516 528 530 533 545 558 563 580 586 593 605 615 616 629 632 650 654 676 685 697 700 708 719 734 760 771 790 802 814 823 858 868 870 911 913 917 929 942 967 978 980 994 1001 1029 1039 1058 1062 1073 1084 1089 1127 1137 1142 1143 1154 1156 1158 1175 1187 1191 1199 1201 1202 1205 1222 1224 1237 1260 1262 1264 1274 1280 1283 1289 1297 1302 1312 1318 1339 1341 1373 1376 1384 1395 1404 1412 1434 1435 1446 1463 1480 1549 1561 1582 1605 1645 1652 1653 1660 1718 1722 1732 1737 1738 1756 1763 1787 1792 1797 1800 1808 1815 1818 1835 1839 1842 1845 1854 1860 1882 1888 1896 1901 1941 1963 1967 1980 1983 2006 2008 2014 2025 2027 2028 2045 2046 2058 2076 2083
10,36,CG-MOACO,area_s5_t300,0.2893258426966292,1639.9891683286976,0.9797958971132712,1 9 13 19 31 47 54 55 77 78 80 87 99 105 108 137 171 175 176 178 180 188 189 200 201 206 215 220 252 257 265 270 292 300 311 317 334 379 391 415 424 440 443 445 449 450 452 465 466 475 509 532 544 552 559 562 575 580 589 593 602 650 676 685 694 700 719 721 729 734 760 771 776 802 807 812 825 829 860 862 879 910 925 929 935 946 954 958 959 976 978 982 996 1016 1017 1024 1028 1035 1036 1039 1045 1050 1058 1060 1068 1077 1127 1142 1143 1158 1163 1168 1174 1187 1199 1202 1205 1224 1237 1264 1296 1297 1306 1314 1318 1327 1336 1364 1373 1375 1376 1383 1385 1394 1395 1403 1412 1419 1422 1423 1434 1457 1469 1524 1529 1531 1578 1584 1603 1605 1616 1619 1622 1643 1645 1649 1652 1654 1673 1683 1700 1708 1718 1725 1743 1749 1750 1754 1756 1769 1797 1808 1823 1827 1829 1839 1854 1865 1882 1901 1922 1923 1937 1959 1963 1966 1976 1983 1986 2006 2008 2018 2023 2025 2027 2029 2037 2057 2063
10,37,CG-MOACO,area_s5_t300,0.2907303370786517,1628.3975269186208,3.03315017762062,1 9 13 31 47 55 68 79 80 98 99 102 106 111 137 175 176 178 189 200 214 219 249 252 257 260 261 270 284 285 292 306 310 317 337 348 356 366 369 370 378 415 420 423 440 445 449 450 464 475 504 508 528 544 563 565 577 591 593 602 605 621 626 629 650 653 676 700 708 711 717 734 740 760 790 812 815 860 862 870 875 877 890 900 910 911 913 917 929 936 939 941 946 947 952 958 967 978 980 994 1001 1024 1039 1058 1062 1086 1104 1105 1107 1127 1137 1143 1162 1167 1173 1187 1199 1219 1221 1223 1234 1256 1264 1278 1290 1310 1318 1323 1334 1339 1369 1375 1376 1380 1384 1401 1402 1404 1411 1423 1434 1435 1446 1449 1455 1524 1528 1544 1565 1580 1581 1615 1639 1645 1648 1649 1652 1653 1660 1676 1711 1732 1736 1756 1777 1797 1806 1808 1813 1815 1818 1839 1840 1842 1860 1867 1877 1882 1901 1922 1928 1937 1950 1963 1965 1983 1991 2001 2006 2008 2018 2023 2029 2033 2036 2037 2057 2063 2078 2083
10,38,CG-MOACO,area_s5_t300,0.2612359550561798,1708.9180455308906,0.7483314773547882,1 5 9 31 38 40 47 55 80 102 105 106 114 117 137 175 176 180 202 206 219 221 252 257 263 270 277 278 284 285 291 292 307 308 311 316 334 344 379 380 395 410 415 440 448 450 458 464 465 477 485 504 508 517 528 545 558 560 566 580 593 605 608 615 626 629 632 638 643 678 685 700 708 716 734 740 760 771 787 790 802 806 808 825 841 846 848 853 860 862 870 875 900 907 910 917 926 929 936 941 957 967 980 994 1000 1039 1059 1062 1064 1068 1070 1105 1115 1127 1137 1143 1158 1163 1173 1187 1191 1199 1202 1205 1237 1262 1264 1280 1296 1318 1323 1334 1336 1370 1373 1375 1376 1384 1391 1394 1402 1403 1412 1419 1423 1430 1434 1435 1440 1441 1448 1458 1482 1490 1496 1518 1524 1565 1584 1599 1612 1625 1645 1648 1649 1652 1708 1718 1732 1735 1750 1756 1787 1797 1806 1808 1819 1831 1839 1842 1853 1854 1860 1882 1888 1926 1940 1941 1963 1971 1980 1983 1986 2001 2006 2008 2025 2033 2036 2038 2044 2046 2047 2049 2058 2063 2069 2074 2083
10,39,CG-MOACO,area_s5_t300,0.24110486891385763,1791.7812359203606,2.227105745132009,1 9 20 29 38 47 55 77 80 83 102 105 106 121 137 175 176 178 182 189 206 210 215 226 230 232 252 257 258 264 277 278 284 285 292 311 317 334 356 358 371 378 391 420 440 448 450 458 465 467 475 497 504 508 512 528 544 545 554 558 559 562 593 602 607 613 643 700 708 716 719 731 734 741 760 763 775 790 802 807 808 815 825 831 862 868 892 900 910 911 917 926 929 941 944 954 977 982 994 996 1001 1016 1018 1020 1024 1028 1036 1039 1064 1086 1089 1122 1127 1129 1137 1143 1158 1164 1168 1170 1175 1183 1187 1191 1199 1202 1205 1228 1234 1237 1262 1264 1271 1281 1297 1302 1304 1310 1318 1323 1334 1339 1375 1378 1387 1403 1408 1412 1419 1420 1423 1434 1436 1469 1483 1486 1487 1492 1495 1518 1520 1524 1528 1544 1565 1574 1582 1618 1645 1647 1649 1652 1654 1660 1673 1701 1720 1732 1735 1738 1756 1765 1776 1777 1781 1787 1793 1797 1802 1808 1812 1815 1823 1836 1839 1840 1860 1865 1882 1901 1919 1922 1928 1937 1963 1965 1983 1986 2008 2018 2023 2038 2055 2057 2063 2083
10,40,CG-MOACO,area_s5_t300,0.2542134831460674,1715.0155072296584,2.3151673805580453,1 9 22 38 47 55 63 78 80 86 99 102 106 111 137 141 156 167 175 176 178 182 184 189 197 214 215 219 220 226 230 252 257 258 264 278 281 285 306 316 379 391 393 395 440 449 450 461 465 475 477 485 495 508 528 541 544 545 554 560 565 583 593 605 612 637 641 654 676 692 700 701 716 719 734 740 750 760 771 772 775 790 802 807 831 847 856 860 898 900 910 911 913 929 936 939 941 943 954 973 978 982 994 1024 1028 1039 1062 1064 1070 1086 1089 1115 1122 1127 1129 1137 1143 1158 1162 1170 1175 1182 1183 1187 1199 1202 1234 1237 1244 1256 1259 1262 1264 1292 1304 1318 1339 1370 1373 1375 1376 1384 1394 1403 1417 1426 1436 1441 1448 1469 1480 1483 1490 1520 1524 1528 1565 1581 1614 1616 1618 1619 1643 1645 1648 1649 1652 1653 1658 1683 1690 1708 1718 1732 1735 1754 1756 1763 1787 1797 1805 1808 1819 1823 1833 1838 1839 1842 1851 1854 1860 1865 1877 1882 1883 1888 1923 1937 1963 1967 1976 1983 2001 2006 2008 2018 2023 2038 2055 2058 2063
10,41,CG-MOACO,area_s5_t300,0.26638576779026213,1679.1797027186021,4.445222154178574,1 5 20 31 38 72 78 80 98 102 106 132 137 154 155 175 176 186 197 210 215 219 220 226 230 252 258 264 270 277 278 285 292 307 308 311 317 334 351 361 378 391 393 395 420 441 449 450 461 472 475 477 500 504 508 528 559 565 578 583 590 593 611 612 664 676 681 697 700 731 734 740 760 770 771 775 790 853 856 860 862 900 910 917 929 939 941 944 947 957 967 973 982 994 1000 1012 1024 1039 1053 1062 1064 1068 1070 1073 1086 1089 1105 1127 1129 1137 1143 1175 1199 1202 1219 1222 1234 1237 1260 1262 1264 1292 1299 1304 1318 1323 1334 1339 1361 1370 1376 1378 1384 1392 1403 1412 1422 1423 1426 1434 1440 1463 1483 1490 1528 1544 1565 1580 1582 1584 1604 1612 1616 1618 1643 1645 1648 1649 1652 1653 1658 1708 1711 1718 1725 1747 1756 1765 1788 1792 1797 1808 1815 1818 1823 1827 1836 1840 1852 1854 1860 1866 1882 1888 1896 1901 1926 1928 1937 1940 1959 1963 1983 1986 1989 2006 2008 2018 2023 2026 2027 2037 2045 2058 2063 2083
10,42,CG-MOACO,area_s5_t300,0.29026217228464424,1640.9486823568188,0.8944271909999159,1 5 15 47 78 80 98 102 105 117 122 137 148 165 175 176 182 186 189 191 202 206 210 219 245 252 261 270 278 280 283 292 307 308 311 316 334 337 362 370 412 420 424 440 450 465 480 486 508 528 545 558 562 583 593 611 624 626 629 638 644 650 664 676 685 700 721 731 734 741 760 770 771 772 790 802 806 812 815 825 831 858 860 862 875 885 911 913 915 929 934 945 951 957 958 960 966 967 978 982 1001 1016 1017 1024 1037 1056 1060 1070 1086 1127 1143 1158 1173 1199 1201 1205 1223 1234 1237 1262 1264 1274 1280 1292 1301 1304 1314 1318 1320 1339 1347 1361 1364 1375 1384 1395 1403 1408 1419 1423 1426 1429 1434 1455 1495 1524 1544 1553 1562 1565 1574 1582 1614 1627 1639 1645 1649 1652 1654 1673 1676 1697 1718 1734 1747 1753 1755 1765 1777 1787 1793 1797 1808 1815 1818 1823 1836 1840 1842 1860 1882 1896 1928 1937 1938 1952 1963 1965 1983 1986 1989 2008 2018 2023 2026 2029 2036 2037 2057 2063
10,43,CG-MOACO,area_s5_t300,0.26029962546816476,1698.4617160213163,1.5491933384829668,1 9 67 78 80 102 106 137 142 152 153 156 166 175 176 178 182 189 191 206 214 218 226 230 252 257 261 270 284 285 292 310 317 324 330 334 341 356 370 377 378 391 395 415 420 423 429 440 449 450 458 465 475 508 528 533 544 545 559 562 583 593 605 607 611 622 626 629 650 654 671 676 700 708 734 740 744 750 760 766 790 802 842 858 860 862 879 911 913 917 928 929 936 947 958 961 967 978 982 994 996 1001 1024 1039 1056 1062 1070 1104 1107 1122 1127 1143 1162 1168 1175 1187 1199 1201 1202 1205 1222 1224 1234 1237 1264 1278 1290 1291 1297 1301 1310 1318 1323 1334 1341 1363 1370 1375 1376 1378 1383 1395 1416 1419 1423 1434 1436 1449 1483 1487 1490 1502 1524 1528 1529 1544 1562 1565 1604 1605 1616 1644 1645 1647 1649 1652 1654 1676 1677 1683 1700 1715 1720 1732 1750 1756 1763 1783 1787 1797 1805 1815 1819 1839 1842 1860 1882 1888 1896 1923 1928 1952 1963 1964 1980 1983 1989 1991 2001 2008 2018 2023 2026 2037 2045 2046 2058 2061 2063 2083
10,44,CG-MOACO,area_s5_t300,0.2570224719101124,1740.0389599711418,0.8,1 5 9 20 31 40 47 68 80 96 102 113 125 137 143 165 175 176 178 189 196 210 219 220 226 230 252 257 258 270 277 278 284 292 307 311 317 334 348 358 362 391 415 420 440 442 449 450 464 465 499 504 508 517 565 583 584 590 592 599 602 612 626 627 650 674 676 699 700 705 708 731 734 740 760 771 775 790 802 809 812 825 826 853 860 862 866 871 875 885 892 900 905 910 917 929 941 954 957 960 973 978 980 1000 1024 1028 1062 1068 1070 1073 1077 1086 1105 1127 1137 1143 1158 1174 1187 1191 1199 1202 1204 1205 1223 1235 1258 1262 1264 1296 1311 1314 1318 1323 1338 1339 1360 1361 1363 1369 1370 1373 1376 1384 1391 1395 1411 1412 1419 1423 1448 1469 1470 1480 1483 1490 1524 1527 1553 1565 1582 1584 1607 1616 1625 1627 1643 1645 1654 1667 1672 1678 1708 1718 1732 1738 1747 1756 1787 1792 1797 1808 1815 1818 1820 1823 1834 1835 1840 1842 1854 1866 1882 1888 1901 1926 1928 1940 1961 1963 1965 1983 1989 2006 2008 2023 2027 2028 2058 2063 2080 2083
10,45,CG-MOACO,area_s5_t300,0.31086142322097376,1592.9776785819704,2.939387691339814,1 5 26 31 38 46 80 89 98 99 102 113 114 137 153 155 172 175 176 180 189 191 196 200 202 215 219 252 257 270 277 284 285 307 308 311 317 334 359 362 379 391 398 420 426 457 464 465 472 486 494 527 532 544 554 558 562 576 583 593 599 615 629 650 654 656 671 675 687 708 711 716 734 740 775 776 802 846 862 868 910 911 913 915 921 929 935 966 977 999 1000 1016 1018 1036 1045 1056 1084 1089 1127 1137 1143 1158 1162 1167 1173 1183 1187 1199 1202 1204 1205 1223 1224 1229 1244 1259 1264 1280 1296 1299 1314 1316 1318 1331 1339 1361 1370 1373 1375 1383 1385 1403 1412 1419 1434 1435 1455 1456 1458 1469 1486 1506 1524 1565 1571 1584 1594 1616 1645 1647 1649 1652 1654 1658 1670 1683 1726 1734 1756 1787 1797 1806 1808 1815 1818 1820 1823 1831 1836 1839 1840 1842 1854 1877 1888 1901 1926 1963 1965 1967 1969 1983 2006 2008 2018 2023 2025 2027 2037 2045 2058 2063 2078
10,46,CG-MOACO,area_s5_t300,0.29728464419475653,1608.6396999200745,3.2,1 13 38 47 67 71 78 80 91 98 134 137 166 175 176 178 179 182 189 191 214 245 252 261 277 278 285 292 310 317 327 341 356 371 378 391 392 420 440 449 450 457 458 461 465 503 518 563 583 584 593 613 617 622 626 664 671 676 685 697 700 708 731 734 741 743 760 772 790 802 807 812 825 847 850 858 868 885 890 910 913 917 929 935 941 946 947 955 957 972 976 978 980 1001 1017 1024 1028 1035 1039 1042 1060 1064 1070 1072 1089 1105 1127 1137 1143 1158 1173 1183 1199 1202 1205 1231 1237 1243 1264 1280 1304 1318 1323 1339 1361 1364 1370 1385 1391 1394 1402 1412 1422 1423 1434 1435 1437 1448 1469 1480 1482 1490 1520 1524 1535 1544 1553 1565 1582 1584 1606 1608 1615 1625 1645 1649 1652 1660 1667 1670 1673 1683 1708 1718 1722 1732 1735 1765 1784 1793 1797 1803 1808 1818 1823 1831 1834 1836 1839 1866 1882 1901 1928 1937 1940 1963 1967 1983 1989 1991 2006 2018 2023 2049 2055 2057 2063 2083
10,47,CG-MOACO,area_s5_t300,0.30945692883895126,1591.8300616581914,4.4,1 5 9 20 31 77 80 102 106 117 137 143 154 157 170 175 178 181 189 197 219 226 230 233 237 252 257 258 259 277 278 292 307 311 317 319 334 341 344 361 378 393 395 417 423 440 463 464 465 471 504 508 517 525 528 562 565 583 593 602 611 612 617 621 625 650 654 671 675 697 708 711 802 806 862 866 868 870 875 910 911 913 917 925 939 941 946 951 957 972 980 994 1024 1039 1041 1053 1062 1102 1105 1126 1143 1156 1158 1162 1164 1187 1199 1223 1231 1239 1243 1244 1259 1261 1264 1270 1280 1299 1311 1314 1318 1323 1339 1373 1375 1376 1380 1384 1403 1404 1412 1419 1422 1426 1434 1436 1455 1469 1482 1520 1524 1535 1560 1565 1604 1606 1618 1619 1625 1645 1652 1718 1725 1732 1735 1738 1743 1756 1767 1797 1806 1808 1812 1834 1836 1839 1840 1851 1854 1860 1866 1888 1901 1922 1923 1937 1942 1961 1963 1967 1983 1986 2006 2008 2009 2023 2024 2026 2027 2038 2044 2046 2058 2063
10,48,CG-MOACO,area_s5_t300,0.29260299625468167,1635.7633708648775,0.4898979485566356,1 5 38 47 67 78 80 99 102 122 125 134 137 144 165 175 182 197 200 206 219 232 252 257 270 277 278 285 288 292 307 308 310 317 334 350 358 362 379 395 417 440 449 458 465 495 514 528 543 544 559 562 580 589 593 602 605 613 626 630 638 648 654 676 700 716 734 740 760 766 770 771 775 776 790 802 808 825 829 831 847 868 875 885 911 915 917 929 941 967 978 980 1001 1024 1032 1037 1039 1042 1062 1064 1070 1073 1086 1108 1115 1123 1126 1129 1137 1143 1158 1162 1170 1199 1201 1221 1222 1234 1237 1257 1259 1262 1264 1279 1292 1303 1318 1323 1336 1339 1360 1364 1370 1376 1385 1392 1395 1403 1412 1419 1434 1435 1440 1480 1483 1490 1524 1526 1528 1544 1565 1584 1590 1616 1619 1643 1645 1649 1654 1683 1708 1718 1720 1731 1743 1747 1756 1757 1775 1777 1787 1792 1797 1802 1808 1819 1823 1831 1834 1836 1842 1860 1882 1888 1928 1937 1940 1983 1986 2006 2008 2018 2023 2025 2037 2045 2058 2063
10,49,CG-MOACO,area_s5_t300,0.2429775280898876,1770.2749920336178,1.8973665961010275,1 9 31 47 55 61 67 78 80 91 102 114 137 141 153 165 175 176 180 189 197 200 206 215 220 221 227 245 252 270 277 285 292 306 307 308 311 316 348 362 369 370 379 380 391 437 440 450 458 461 465 480 486 504 514 528 543 546 554 558 562 583 591 593 605 606 613 615 641 643 648 659 664 700 735 740 743 747 760 771 772 776 790 802 809 812 825 831 856 862 868 900 907 910 911 913 917 929 941 944 946 947 957 978 982 994 1000 1012 1028 1032 1036 1039 1062 1064 1070 1086 1089 1091 1104 1105 1107 1127 1137 1143 1145 1158 1173 1183 1187 1199 1223 1244 1257 1259 1262 1264 1302 1304 1339 1360 1361 1370 1375 1378 1384 1395 1401 1403 1412 1413 1419 1422 1430 1434 1483 1524 1544 1565 1571 1577 1582 1584 1586 1614 1615 1616 1643 1645 1648 1649 1652 1653 1660 1676 1701 1718 1732 1741 1747 1749 1756 1765 1793 1797 1808 1815 1818 1829 1836 1840 1854 1857 1860 1882 1888 1901 1928 1937 1954 1959 1963 1980 1983 1986 1989 2006 2018 2023 2027 2035 2037 2046 2058 2063 2076
10,50,CG-MOACO,area_s5_t300,0.3033707865168539,1596.2947785908632,3.286335345030997,1 13 31 48 55 59 61 67 80 102 106 108 110 129 134 137 153 165 175 178 180 210 214 252 257 264 270 277 284 292 300 310 317 334 379 386 445 449 457 465 480 489 496 500 504 506 508 542 554 562 566 580 589 593 612 624 626 629 648 650 675 685 700 708 729 734 744 766 771 772 806 812 825 831 856 862 868 877 895 910 911 926 929 943 972 980 994 996 1016 1024 1026 1039 1059 1060 1068 1070 1086 1089 1104 1110 1122 1127 1137 1143 1162 1164 1168 1173 1187 1199 1202 1204 1205 1223 1237 1244 1264 1276 1290 1296 1297 1310 1334 1339 1370 1373 1375 1376 1378 1384 1391 1394 1395 1403 1412 1419 1422 1423 1434 1435 1440 1441 1448 1483 1490 1496 1524 1559 1575 1578 1587 1605 1616 1638 1643 1645 1648 1652 1653 1660 1673 1676 1705 1734 1735 1747 1756 1765 1781 1787 1808 1836 1845 1860 1868 1882 1896 1901 1902 1909 1928 1937 1965 1983 1991 1993 1995 2001 2008 2023 2038 2046 2049 2063 2080
10,51,CG-MOACO,area_s5_t300,0.25795880149812733,1688.9406557961609,2.8000000000000003,5 9 20 29 40 47 80 87 102 105 114 117 137 153 165 175 176 178 182 196 206 211 220 226 243 252 270 277 285 292 300 307 311 316 334 362 370 391 412 420 440 449 450 457 461 465 489 514 552 559 562 579 583 589 593 606 613 626 648 650 664 676 685 687 700 708 731 735 740 745 760 771 776 790 802 807 812 814 825 853 858 860 862 885 902 905 910 913 920 929 956 957 960 967 977 982 1001 1016 1018 1024 1028 1036 1039 1051 1056 1062 1086 1089 1105 1127 1137 1143 1162 1164 1173 1180 1183 1187 1199 1202 1205 1224 1236 1237 1245 1262 1264 1296 1304 1310 1311 1314 1316 1318 1323 1334 1338 1339 1360 1361 1373 1375 1376 1384 1403 1404 1419 1422 1423 1426 1434 1435 1440 1441 1448 1469 1483 1490 1495 1524 1565 1604 1606 1616 1618 1627 1645 1652 1654 1672 1697 1708 1738 1747 1753 1756 1765 1769 1777 1779 1787 1797 1829 1834 1836 1854 1860 1882 1888 1900 1922 1926 1937 1959 1963 1965 1983 1989 2006 2008 2018 2023 2037 2045 2046 2058 2063 2080
10,52,CG-MOACO,area_s5_t300,0.2851123595505618,1631.9993772198225,2.5768197453450252,1 5 9 19 31 47 55 76 80 98 102 105 106 114 137 153 175 176 189 190 196 202 218 226 230 252 257 264 270 277 284 285 300 307 308 310 315 316 355 370 379 391 393 395 440 442 450 458 461 465 474 486 504 517 528 532 558 559 562 580 582 593 605 617 626 648 650 654 658 674 676 681 685 700 708 716 734 740 760 771 776 802 807 825 841 868 871 879 910 911 913 929 936 941 946 951 957 967 978 980 999 1024 1029 1041 1056 1062 1086 1105 1107 1117 1126 1152 1155 1158 1162 1175 1199 1205 1230 1237 1262 1264 1270 1274 1290 1296 1310 1314 1318 1328 1334 1339 1344 1370 1376 1384 1391 1394 1403 1412 1423 1434 1436 1448 1457 1463 1469 1483 1490 1549 1565 1574 1584 1604 1605 1614 1615 1645 1648 1652 1653 1658 1708 1726 1732 1738 1753 1756 1790 1797 1806 1808 1811 1818 1823 1839 1845 1851 1854 1860 1882 1888 1901 1922 1926 1937 1963 1965 1967 1982 1983 1986 2001 2018 2023 2025 2027 2029 2037 2058 2063 2083
10,53,CG-MOACO,area_s5_t300,0.32771535580524347,1571.5741771765456,2.3323807579381204,5 13 31 55 71 76 79 80 98 102 110 114 122 125 134 137 143 165 175 178 180 187 189 197 211 213 220 252 259 270 277 285 292 310 334 362 379 386 391 443 445 453 458 461 465 486 499 504 508 535 545 558 561 580 584 593 606 612 615 617 626 664 674 676 697 700 731 741 760 770 771 790 804 807 814 825 829 840 855 862 868 871 873 877 910 929 957 978 980 1012 1016 1020 1031 1037 1056 1062 1064 1068 1070 1086 1096 1104 1127 1143 1152 1158 1163 1173 1183 1188 1191 1199 1202 1204 1205 1237 1254 1264 1310 1318 1327 1334 1339 1359 1361 1367 1370 1375 1376 1383 1391 1402 1403 1411 1412 1419 1422 1423 1434 1435 1483 1487 1490 1528 1544 1554 1565 1568 1584 1616 1639 1641 1645 1652 1654 1659 1672 1676 1709 1720 1725 1753 1756 1765 1779 1797 1811 1815 1818 1823 1845 1896 1928 1959 1963 1967 1983 1986 1989 1991 2004 2006 2026 2036 2038 2049 2058 2063
10,54,CG-MOACO,area_s5_t300,0.2654494382022472,1686.0068009994623,4.029888335921977,1 15 31 47 49 55 68 78 80 91 98 102 105 106 111 121 134 137 165 175 176 189 200 210 219 226 230 252 257 263 270 285 292 299 308 311 317 324 334 335 344 370 379 386 405 411 423 440 449 450 458 464 477 495 502 503 528 533 541 554 560 562 575 583 590 593 605 607 617 626 654 671 676 692 700 712 734 740 760 772 790 806 825 835 848 862 866 868 870 877 900 910 911 917 939 941 946 957 978 982 999 1000 1024 1036 1039 1042 1056 1062 1064 1070 1077 1089 1103 1104 1105 1127 1137 1143 1158 1170 1174 1183 1187 1199 1202 1222 1228 1230 1234 1262 1264 1266 1274 1279 1296 1319 1327 1334 1361 1370 1375 1376 1384 1391 1394 1403 1408 1412 1419 1423 1436 1441 1449 1469 1490 1495 1524 1544 1565 1571 1584 1612 1614 1615 1616 1618 1645 1648 1649 1652 1660 1673 1703 1718 1746 1747 1756 1765 1767 1797 1808 1819 1823 1840 1842 1852 1860 1882 1900 1911 1916 1953 1963 1966 1973 1983 1986 1989 1991 2008 2027 2032 2036 2038 2057 2063 2083
10,55,CG-MOACO,area_s5_t300,0.2556179775280899,1749.1000909694167,0.8,1 5 9 31 38 47 68 71 79 80 96 99 102 105 106 133 137 154 175 176 180 189 200 209 220 231 251 257 265 270 277 284 285 292 308 311 317 323 334 348 379 395 415 420 423 429 431 445 450 461 486 490 500 504 508 533 541 543 545 554 558 561 562 565 591 593 606 608 612 626 637 641 654 676 700 705 716 719 731 740 760 771 772 790 806 855 862 868 870 877 885 910 911 917 929 947 957 961 982 999 1012 1016 1018 1024 1032 1036 1039 1064 1072 1089 1104 1105 1127 1128 1137 1143 1158 1173 1183 1187 1199 1202 1204 1223 1224 1236 1237 1262 1264 1279 1294 1304 1310 1314 1316 1318 1334 1339 1346 1347 1361 1370 1376 1392 1394 1395 1403 1412 1419 1422 1423 1426 1435 1483 1486 1487 1490 1499 1524 1544 1565 1582 1587 1605 1616 1625 1643 1645 1649 1652 1654 1672 1683 1711 1735 1756 1769 1779 1780 1787 1797 1811 1818 1823 1829 1839 1840 1845 1854 1860 1877 1888 1896 1897 1909 1922 1937 1953 1963 1965 1967 1983 2006 2008 2018 2023 2027 2038 2055 2058 2063 2076 2083
10,56,CG-MOACO,area_s5_t300,0.2457865168539326,1736.08329184083,1.16619037896906,1 31 47 78 80 96 99 102 105 106 108 114 122 134 143 144 153 175 178 189 202 206 218 220 223 232 247 252 261 270 275 277 285 300 310 317 319 334 356 358 378 391 395 415 429 440 448 450 458 461 465 467 474 483 485 528 532 543 544 558 559 562 564 573 593 603 608 626 634 648 654 671 675 678 700 708 716 719 734 740 775 776 802 814 860 862 890 892 900 910 913 917 920 929 941 966 978 982 1001 1012 1016 1024 1028 1032 1036 1062 1064 1084 1085 1089 1104 1117 1127 1137 1143 1164 1170 1173 1183 1184 1187 1199 1202 1204 1208 1223 1235 1237 1251 1254 1257 1259 1262 1264 1279 1290 1292 1300 1304 1308 1323 1330 1339 1341 1370 1375 1376 1378 1385 1412 1419 1434 1435 1448 1469 1483 1490 1496 1524 1528 1544 1550 1565 1580 1582 1616 1645 1649 1652 1653 1658 1660 1676 1683 1718 1732 1756 1787 1797 1802 1808 1809 1818 1823 1829 1839 1840 1842 1845 1852 1860 1882 1888 1901 1909 1928 1932 1959 1963 1965 1967 1983 2006 2008 2018 2023 2025 2037 2045 2049 2058 2063 2070 2083
10,57,CG-MOACO,area_s5_t300,0.27153558052434457,1671.4021313250917,2.5298221281347035,9 26 31 47 54 55 77 78 80 98 99 102 106 125 132 137 142 152 154 175 176 180 189 191 200 206 219 220 252 257 270 284 285 292 307 308 310 317 334 358 370 376 379 398 420 449 450 457 458 464 465 500 508 510 530 543 544 559 562 593 605 612 626 638 648 650 676 700 708 712 734 738 740 750 760 771 775 790 808 812 825 829 831 862 868 890 900 910 911 917 929 936 941 943 946 982 994 1000 1024 1028 1032 1036 1039 1043 1062 1068 1072 1086 1089 1104 1122 1127 1137 1143 1158 1170 1173 1182 1183 1187 1199 1202 1223 1234 1236 1237 1245 1262 1264 1266 1269 1278 1290 1296 1310 1318 1323 1334 1341 1370 1373 1375 1383 1385 1394 1395 1409 1412 1419 1423 1426 1430 1434 1446 1480 1482 1490 1502 1524 1527 1529 1565 1636 1645 1652 1654 1673 1683 1708 1726 1734 1750 1756 1769 1777 1793 1797 1808 1818 1823 1836 1839 1840 1842 1845 1854 1857 1860 1882 1922 1926 1937 1963 1983 1986 1989 2005 2018 2023 2025 2037 2040 2045 2057 2063
10,58,CG-MOACO,area_s5_t300,0.29166666666666663,1621.0478015667034,3.867815921162743,1 5 9 15 31 38 47 55 78 80 96 102 105 137 143 154 175 179 189 206 252 257 277 278 284 292 308 311 312 317 334 348 356 371 379 392 415 440 449 458 459 464 475 485 504 508 518 528 530 559 580 593 595 605 607 611 612 626 643 654 671 676 700 708 719 734 740 744 749 760 773 775 802 806 807 825 835 862 868 870 891 894 910 911 917 929 936 944 946 952 955 957 960 980 994 1001 1024 1036 1039 1041 1060 1063 1077 1089 1102 1105 1124 1127 1129 1143 1164 1175 1183 1187 1199 1208 1228 1230 1234 1236 1237 1262 1264 1268 1280 1323 1334 1336 1339 1359 1366 1373 1375 1376 1384 1391 1399 1402 1403 1404 1412 1419 1422 1423 1430 1435 1441 1469 1520 1524 1537 1574 1615 1645 1652 1653 1658 1683 1704 1708 1718 1731 1756 1777 1797 1808 1811 1815 1831 1835 1839 1845 1854 1860 1882 1888 1901 1911 1922 1923 1928 1937 1940 1963 1966 1967 1983 1989 2001 2008 2018 2023 2037 2046 2047 2058 2063 2080 2083
10,59,CG-MOACO,area_s5_t300,0.27574906367041196,1665.1400496683393,3.7735924528226414,1 5 26 38 63 68 71 78 80 98 102 105 106 117 134 137 158 173 175 176 182 189 191 210 215 219 220 226 230 248 252 257 270 277 278 284 285 307 308 311 317 334 379 384 385 391 405 417 432 443 445 450 458 465 486 497 500 504 508 517 529 554 562 580 593 608 612 617 648 650 666 675 685 697 708 729 734 740 771 807 812 814 818 850 853 858 860 862 870 890 917 929 941 952 956 957 978 980 994 1000 1016 1024 1028 1039 1056 1062 1069 1086 1089 1105 1127 1137 1143 1156 1162 1173 1183 1187 1191 1199 1201 1202 1205 1237 1244 1257 1259 1262 1264 1299 1302 1304 1308 1318 1361 1370 1373 1385 1391 1394 1403 1412 1422 1430 1434 1436 1448 1483 1524 1565 1571 1580 1584 1604 1608 1614 1616 1625 1639 1645 1649 1652 1654 1704 1718 1732 1735 1750 1756 1777 1778 1787 1793 1797 1802 1808 1820 1836 1839 1845 1851 1860 1867 1882 1896 1901 1922 1937 1963 1971 1980 1983 1986 1989 2006 2008 2023 2025 2036 2044 2046 2058 2063
10,60,CG-MOACO,area_s5_t300,0.2808988764044944,1649.385296685796,2.244994432064365,1 5 15 20 31 55 59 80 86 98 102 106 134 137 156 160 165 175 176 178 200 202 217 219 226 230 252 258 270 277 278 284 285 292 307 311 317 334 356 391 440 450 452 458 464 495 509 528 532 544 555 558 559 562 580 583 593 607 626 629 650 654 658 664 671 676 681 700 708 734 741 760 775 776 790 802 825 853 856 862 868 877 897 913 929 936 952 956 958 966 967 978 982 994 1001 1012 1024 1062 1089 1107 1127 1129 1132 1137 1143 1170 1182 1183 1187 1188 1199 1201 1202 1205 1222 1224 1234 1237 1258 1259 1262 1264 1270 1296 1299 1318 1323 1339 1364 1370 1373 1375 1376 1384 1395 1403 1412 1419 1422 1426 1434 1435 1440 1455 1469 1480 1482 1527 1565 1580 1582 1584 1619 1627 1641 1643 1645 1647 1649 1652 1654 1655 1701 1703 1711 1714 1718 1720 1732 1747 1753 1756 1765 1777 1787 1797 1808 1818 1823 1836 1854 1860 1866 1867 1877 1882 1884 1901 1916 1922 1926 1937 1963 1965 1983 2001 2006 2008 2023 2038 2057 2063
10,61,CG-MOACO,area_s5_t300,0.2598314606741573,1715.141364900736,0.6324555320336759,1 9 40 47 55 67 80 98 102 105 106 114 129 137 141 167 175 176 178 182 218 226 230 252 257 258 264 270 278 281 284 291 292 306 311 316 325 348 358 369 371 379 394 415 420 432 440 450 452 464 465 475 477 486 504 508 510 517 533 545 560 562 565 583 593 612 626 644 650 654 658 676 685 705 708 734 740 760 771 790 801 806 807 825 858 860 910 913 917 929 938 947 959 967 978 980 994 1001 1012 1016 1017 1024 1029 1033 1039 1042 1056 1059 1062 1070 1089 1122 1127 1129 1137 1143 1168 1173 1183 1185 1187 1199 1205 1224 1234 1237 1259 1262 1264 1274 1280 1292 1296 1318 1339 1361 1370 1375 1384 1394 1395 1403 1411 1419 1426 1434 1435 1440 1448 1469 1490 1513 1524 1529 1544 1565 1571 1581 1582 1584 1605 1614 1616 1643 1645 1649 1652 1654 1658 1660 1704 1708 1718 1734 1735 1738 1749 1756 1787 1793 1797 1808 1811 1818 1823 1839 1842 1860 1878 1882 1888 1901 1924 1940 1962 1963 1965 1984 1989 1991 2008 2010 2016 2018 2023 2049 2055 2058 2063 2083
10,62,CG-MOACO,area_s5_t300,0.26779026217228463,1673.7318233152303,4.2895221179054435,1 20 47 59 73 76 78 80 102 114 117 137 141 143 148 158 167 172 175 176 189 214 219 220 226 230 251 252 257 270 276 278 285 288 306 310 317 356 362 369 370 378 386 391 413 420 440 442 450 453 458 461 480 486 504 508 528 544 558 562 583 593 608 611 613 626 650 654 671 675 700 711 716 734 741 770 772 775 807 858 868 877 885 890 905 910 917 925 929 935 946 976 978 980 1001 1009 1012 1024 1029 1039 1060 1070 1073 1089 1105 1114 1123 1127 1137 1143 1158 1163 1168 1170 1173 1183 1199 1205 1224 1228 1234 1237 1242 1259 1262 1264 1274 1292 1304 1318 1336 1339 1361 1370 1373 1383 1403 1419 1434 1435 1454 1458 1469 1480 1483 1487 1490 1524 1529 1565 1571 1581 1584 1614 1616 1618 1623 1645 1648 1649 1652 1658 1660 1711 1718 1725 1756 1765 1792 1793 1797 1806 1808 1815 1818 1823 1827 1836 1839 1842 1849 1852 1866 1882 1888 1901 1928 1937 1940 1959 1967 1983 1986 1991 2006 2008 2018 2023 2026 2027 2037 2045 2058 2063 2074
10,63,CG-MOACO,area_s5_t300,0.31367041198501877,1584.2286774902966,3.3823069050575527,1 5 38 55 58 67 79 80 98 102 114 122 137 143 149 155 165 175 176 182 191 197 204 252 265 273 277 285 287 292 310 312 317 324 334 337 379 386 391 393 420 442 450 457 458 464 465 495 500 508 543 544 555 558 562 583 593 605 611 612 624 626 650 664 700 734 740 760 770 772 775 790 812 825 831 847 858 868 890 900 910 911 917 929 941 943 946 960 978 982 994 1027 1036 1039 1041 1060 1068 1077 1081 1089 1104 1105 1107 1108 1128 1137 1143 1158 1174 1183 1199 1202 1204 1205 1223 1231 1237 1248 1262 1264 1284 1297 1318 1323 1339 1340 1375 1379 1384 1391 1399 1403 1404 1412 1416 1419 1430 1434 1435 1440 1469 1480 1483 1490 1517 1551 1582 1616 1618 1645 1652 1653 1673 1685 1705 1708 1718 1732 1735 1747 1756 1766 1773 1776 1793 1808 1834 1840 1842 1860 1865 1882 1883 1897 1901 1907 1922 1923 1940 1953 1965 1984 1989 1991 1993 2008 2027 2032 2038 2057 2063 2083
10,64,CG-MOACO,area_s5_t300,0.23923220973782766,1751.1072601064284,2.638181191654584,1 5 9 15 31 47 55 78 80 102 106 117 132 137 153 154 165 175 176 189 197 210 218 220 226 230 252 257 264 270 277 284 292 307 308 311 316 334 348 365 370 379 391 420 426 431 439 449 450 453 458 461 475 504 508 543 544 545 562 592 593 602 605 606 612 616 626 658 676 700 705 708 716 740 750 760 771 774 775 790 802 812 825 831 856 862 868 900 910 911 913 925 929 938 939 941 946 958 967 971 982 994 996 1001 1024 1036 1039 1053 1062 1064 1069 1070 1089 1104 1122 1127 1137 1143 1158 1162 1168 1173 1183 1187 1199 1202 1211 1223 1231 1234 1237 1264 1296 1300 1304 1314 1319 1323 1328 1339 1361 1370 1373 1375 1376 1391 1394 1403 1408 1412 1419 1422 1423 1430 1434 1435 1448 1455 1469 1483 1487 1524 1527 1553 1567 1571 1612 1615 1616 1645 1648 1649 1652 1653 1672 1683 1701 1711 1718 1732 1741 1747 1753 1755 1765 1797 1803 1808 1818 1823 1827 1836 1840 1845 1860 1882 1888 1901 1909 1928 1937 1940 1962 1963 1965 1983 1986 2006 2008 2018 2023 2027 2037 2058 2063 2083
10,65,CG-MOACO,area_s5_t300,0.2949438202247191,1625.6853849167178,1.6,1 9 15 31 47 78 80 86 98 99 102 106 114 137 144 152 160 175 189 197 218 220 252 260 261 264 270 278 281 284 285 308 311 315 317 334 348 356 371 393 395 430 440 449 453 458 475 495 508 535 562 580 583 592 593 599 602 615 626 648 650 654 658 664 671 676 697 705 721 734 741 750 760 770 772 790 802 804 806 807 814 825 846 853 856 868 871 878 885 894 913 917 929 938 947 956 957 978 982 1001 1016 1026 1056 1060 1089 1105 1127 1129 1158 1162 1170 1173 1183 1199 1201 1205 1234 1237 1244 1262 1297 1304 1310 1314 1323 1328 1334 1339 1361 1369 1370 1376 1379 1383 1385 1391 1401 1412 1416 1423 1430 1434 1449 1463 1469 1483 1490 1524 1527 1529 1544 1560 1565 1571 1616 1628 1645 1649 1652 1654 1660 1672 1711 1726 1731 1741 1749 1756 1769 1806 1808 1818 1823 1827 1829 1839 1842 1882 1883 1888 1892 1901 1922 1937 1963 1967 1969 1977 1983 1991 2005 2008 2018 2023 2027 2036 2037 2058 2063
10,66,CG-MOACO,area_s5_t300,0.2696629213483146,1677.2257677191735,2.280350850198276,1 31 38 63 67 80 91 98 102 106 137 141 149 153 165 174 175 176 178 181 189 197 206 210 218 220 226 231 245 248 252 257 258 277 285 292 307 310 317 334 344 356 379 440 450 457 458 461 465 477 486 489 495 532 543 545 554 558 562 593 599 605 626 650 676 681 692 697 700 716 734 741 749 760 770 772 775 776 790 802 806 808 812 825 860 862 885 910 913 915 917 929 936 941 952 957 978 980 1001 1012 1018 1020 1024 1028 1036 1039 1056 1070 1086 1089 1093 1105 1107 1127 1129 1137 1143 1152 1164 1170 1173 1183 1185 1199 1202 1223 1234 1237 1257 1262 1264 1268 1278 1296 1304 1318 1331 1334 1339 1364 1373 1375 1395 1403 1404 1412 1419 1423 1434 1435 1469 1483 1486 1487 1565 1574 1580 1612 1615 1619 1643 1645 1647 1649 1652 1654 1655 1660 1673 1705 1708 1718 1734 1735 1747 1756 1765 1779 1787 1793 1797 1802 1805 1815 1818 1831 1836 1840 1842 1845 1872 1882 1928 1937 1940 1954 1963 1983 1986 2023 2038 2046 2049 2057 2063
10,67,CG-MOACO,area_s5_t300,0.32958801498127344,1566.4756578136587,2.4166091947189146,49 55 80 82 96 102 105 106 114 134 143 152 160 173 175 180 182 219 220 247 252 257 270 284 290 306 307 308 311 315 316 369 370 379 386 391 393 432 440 450 457 464 474 495 506 508 525 545 559 562 578 588 593 602 611 612 617 626 654 671 674 675 687 703 716 734 740 770 814 825 831 862 868 900 910 911 915 927 929 941 945 946 950 961 968 978 982 997 1007 1016 1017 1024 1037 1039 1056 1060 1064 1123 1127 1137 1162 1175 1183 1199 1222 1228 1237 1244 1262 1264 1278 1290 1295 1297 1318 1323 1339 1369 1373 1375 1378 1380 1384 1392 1395 1412 1419 1423 1434 1440 1482 1490 1495 1502 1506 1524 1528 1553 1565 1580 1584 1594 1604 1605 1645 1647 1652 1654 1660 1673 1705 1708 1718 1720 1732 1735 1738 1747 1756 1779 1800 1818 1823 1827 1835 1840 1842 1845 1854 1860 1882 1884 1896 1940 1961 1963 1984 2006 2008 2016 2027 2032 2038 2039 2057 2063 2076
10,68,CG-MOACO,area_s5_t300,0.25234082397003743,1723.7364483068052,1.3564659966250538,1 5 9 20 31 47 61 63 77 79 80 91 98 99 102 111 129 137 166 175 176 189 197 209 219 220 226 230 252 257 270 277 285 292 308 311 317 334 356 362 370 378 386 415 440 449 450 458 465 475 490 504 518 528 530 532 543 554 559 562 593 602 605 613 626 644 650 659 671 685 700 708 716 719 721 734 741 760 776 790 806 808 812 825 862 868 885 910 911 917 929 936 941 947 951 958 978 980 996 999 1001 1018 1024 1027 1032 1036 1039 1056 1060 1068 1070 1077 1089 1091 1104 1107 1126 1143 1158 1168 1170 1174 1183 1187 1188 1199 1223 1234 1235 1259 1262 1264 1274 1279 1290 1296 1297 1301 1304 1319 1336 1339 1360 1370 1375 1384 1391 1395 1403 1412 1419 1434 1435 1448 1455 1469 1472 1522 1524 1544 1565 1582 1605 1614 1616 1625 1643 1645 1649 1652 1654 1700 1714 1726 1735 1756 1787 1793 1797 1806 1808 1815 1831 1839 1842 1853 1854 1860 1867 1900 1926 1937 1959 1963 1965 1967 1980 1983 1986 2006 2008 2014 2018 2023 2025 2038 2046 2049 2055 2058 2063 2078 2083
10,69,CG-MOACO,area_s5_t300,0.31226591760299627,1599.0652833982253,1.3564659966250538,1 9 31 47 67 72 79 80 99 102 106 108 114 150 165 166 170 175 188 189 209 231 235 247 252 257 260 270 277 284 308 317 334 335 337 348 356 366 370 379 395 415 440 450 458 461 465 475 504 527 528 532 544 558 561 591 593 595 602 604 613 616 621 626 641 654 671 675 700 711 734 741 770 775 776 802 807 825 829 836 847 885 910 911 913 917 925 929 941 967 978 980 996 1001 1007 1017 1024 1039 1041 1056 1059 1062 1064 1089 1104 1127 1132 1137 1143 1157 1167 1175 1181 1199 1202 1234 1262 1264 1280 1289 1292 1304 1314 1318 1323 1339 1370 1372 1373 1375 1376 1384 1392 1394 1403 1411 1412 1419 1430 1448 1455 1496 1524 1536 1567 1571 1594 1615 1643 1645 1648 1649 1652 1653 1660 1672 1683 1708 1718 1736 1747 1756 1777 1797 1804 1806 1808 1809 1811 1818 1823 1842 1866 1888 1896 1901 1937 1940 1963 1965 1983 1991 2006 2008 2018 2023 2029 2033 2037 2058 2063 2070
10,70,CG-MOACO,area_s5_t300,0.25655430711610483,1761.0043940153216,0.7483314773547882,1 9 31 38 47 77 78 80 96 99 102 106 137 142 143 148 174 175 176 181 189 196 202 206 219 220 252 257 277 278 284 285 292 306 307 308 310 317 337 356 369 379 395 420 440 448 450 458 465 475 480 485 497 512 532 543 544 558 562 570 583 593 624 626 648 650 676 677 685 697 700 705 731 734 740 747 749 760 776 790 802 814 825 829 853 862 868 871 885 900 910 916 917 929 941 946 947 960 980 1000 1012 1016 1024 1028 1032 1037 1051 1062 1068 1070 1077 1086 1089 1123 1127 1137 1143 1152 1158 1173 1183 1187 1188 1199 1221 1223 1237 1262 1264 1279 1296 1297 1302 1304 1314 1318 1323 1334 1336 1339 1364 1375 1376 1385 1395 1403 1404 1405 1412 1419 1423 1430 1434 1435 1448 1469 1480 1483 1524 1544 1565 1605 1612 1619 1625 1638 1645 1652 1654 1660 1671 1673 1676 1718 1734 1735 1756 1757 1776 1778 1797 1802 1808 1815 1827 1836 1839 1840 1842 1860 1882 1901 1928 1937 1963 1967 1980 1983 1986 1989 2006 2016 2018 2023 2026 2027 2038 2046 2055 2061 2063
10,71,CG-MOACO,area_s5_t300,0.2865168539325843,1639.2405006008275,2.1908902300206643,0 9 15 47 63 76 78 80 96 102 106 114 137 165 167 175 176 182 197 211 219 220 252 260 270 278 285 292 307 308 311 317 334 336 337 370 379 393 395 410 420 440 449 450 453 461 465 484 504 508 517 543 559 562 565 573 583 589 593 611 613 626 648 650 654 664 676 685 700 708 731 734 740 760 771 789 790 802 806 825 862 868 877 879 885 911 913 917 929 936 941 943 951 957 958 980 987 999 1001 1013 1024 1027 1037 1039 1056 1062 1108 1129 1143 1158 1170 1174 1187 1199 1201 1222 1236 1237 1262 1264 1268 1274 1279 1296 1310 1314 1318 1327 1334 1339 1370 1375 1383 1385 1391 1394 1395 1403 1406 1411 1412 1419 1423 1434 1435 1440 1469 1483 1496 1524 1529 1544 1552 1565 1605 1614 1615 1616 1643 1645 1649 1652 1660 1671 1673 1701 1747 1756 1769 1777 1779 1787 1793 1797 1806 1818 1823 1842 1854 1860 1866 1882 1922 1937 1963 1965 1983 1986 2006 2008 2018 2023 2025 2029 2033 2037 2057 2063 2076 2083
10,72,CG-MOACO,area_s5_t300,0.25046816479400746,1729.8914939465715,2.3323807579381204,9 31 38 40 76 80 96 102 105 114 137 143 165 175 176 181 189 196 202 206 218 220 226 230 252 258 261 277 278 284 285 292 308 311 317 332 334 356 358 362 371 391 415 420 440 445 449 450 461 465 467 491 496 508 510 517 528 533 540 552 559 562 589 593 603 626 648 654 675 678 685 700 708 719 729 734 740 802 807 809 815 825 860 862 877 883 885 900 905 915 917 929 941 978 982 1001 1012 1016 1020 1024 1039 1064 1081 1086 1089 1105 1115 1127 1129 1137 1143 1152 1163 1164 1167 1170 1173 1187 1199 1201 1202 1205 1228 1234 1262 1264 1292 1299 1304 1310 1318 1334 1336 1339 1359 1361 1373 1375 1376 1380 1385 1395 1403 1404 1408 1412 1419 1423 1426 1430 1434 1435 1455 1458 1469 1480 1483 1486 1495 1520 1524 1565 1571 1594 1605 1614 1616 1627 1645 1652 1654 1656 1660 1673 1676 1683 1687 1720 1726 1747 1756 1777 1787 1797 1800 1802 1805 1808 1815 1818 1835 1840 1842 1860 1882 1889 1901 1922 1928 1932 1937 1963 1983 1989 2006 2023 2026 2038 2046 2057 2063 2078 2083
10,73,CG-MOACO,area_s5_t300,0.32537453183520604,1559.1547664793313,2.870540018881465,1 5 9 14 26 38 47 55 78 80 98 102 106 114 122 132 174 175 178 180 182 189 200 201 206 220 232 247 252 257 270 277 292 310 316 344 348 353 355 358 371 379 423 444 450 457 458 461 465 500 508 544 555 558 559 595 602 605 626 650 671 676 681 692 694 700 708 734 738 740 760 790 807 812 815 825 826 831 836 847 860 877 887 910 911 915 917 929 938 944 965 967 973 978 1024 1037 1039 1068 1089 1104 1127 1137 1142 1143 1155 1158 1163 1173 1199 1202 1205 1221 1234 1237 1259 1264 1274 1279 1304 1314 1327 1339 1361 1375 1379 1380 1385 1403 1404 1412 1416 1419 1446 1455 1457 1469 1479 1483 1486 1495 1544 1571 1614 1615 1618 1638 1645 1654 1718 1725 1756 1765 1787 1793 1808 1818 1831 1839 1840 1842 1845 1857 1860 1882 1888 1901 1953 1963 1966 1967 1973 1980 1983 1986 1989 1991 2006 2014 2027 2028 2032 2036 2038 2046 2058 2063 2083
10,74,CG-MOACO,area_s5_t300,0.31647940074906367,1585.1296547429176,2.7856776554368237,1 9 19 31 47 80 91 102 106 117 132 141 152 155 175 176 178 189 197 209 210 218 221 223 226 230 245 252 257 258 265 270 275 278 285 317 319 334 371 379 391 412 424 440 449 450 461 465 475 479 495 503 528 529 562 566 578 583 590 593 613 626 675 678 685 692 700 723 735 743 748 770 771 794 802 812 825 841 853 862 866 868 871 901 910 913 918 925 929 936 946 951 957 967 972 1000 1024 1026 1037 1041 1060 1064 1070 1089 1143 1152 1158 1183 1199 1205 1223 1236 1262 1264 1269 1280 1302 1303 1308 1310 1314 1318 1331 1334 1339 1374 1384 1394 1411 1412 1413 1419 1423 1425 1435 1441 1448 1480 1496 1506 1524 1525 1544 1565 1584 1616 1639 1643 1645 1652 1653 1660 1726 1732 1747 1756 1765 1769 1793 1797 1808 1809 1818 1840 1842 1860 1866 1888 1892 1901 1937 1963 1965 1980 1983 1986 1989 1991 2006 2009 2018 2023 2026 2027 2033 2035 2037 2045 2046 2058 2063
10,75,CG-MOACO,area_s5_t300,0.3188202247191011,1581.0466923108236,3.847076812334269,1 19 31 55 78 80 91 97 102 106 111 114 117 134 137 142 143 144 152 154 175 176 178 202 206 215 219 220 243 252 257 270 278 306 311 317 336 351 369 379 384 391 424 440 449 450 453 457 464 465 489 503 517 562 578 583 589 593 602 603 615 648 674 676 678 692 700 716 731 734 738 741 760 771 772 775 790 802 812 825 842 860 862 875 877 897 911 913 917 929 941 955 957 958 980 1018 1036 1039 1053 1062 1063 1070 1073 1077 1086 1102 1105 1117 1127 1128 1137 1142 1143 1158 1175 1187 1191 1199 1204 1222 1237 1259 1264 1278 1299 1318 1323 1339 1361 1370 1373 1384 1419 1434 1440 1446 1448 1458 1480 1483 1490 1524 1536 1584 1618 1639 1643 1645 1649 1652 1654 1655 1660 1683 1718 1720 1734 1747 1756 1769 1777 1779 1787 1792 1793 1797 1820 1823 1831 1832 1840 1842 1860 1866 1882 1888 1896 1900 1963 1965 1976 1983 1986 1991 2006 2018 2025 2037 2057 2063
10,76,CG-MOACO,area_s5_t300,0.30102996254681647,1620.701299654504,0.4898979485566356,1 31 47 55 58 67 71 79 80 91 99 102 105 111 127 134 137 152 165 166 172 175 176 178 189 191 218 226 231 252 257 275 285 310 317 324 334 370 379 391 415 420 432 436 440 450 458 465 491 494 504 528 532 545 562 583 593 599 605 611 622 626 674 676 685 697 708 716 734 741 760 766 771 776 790 802 807 812 825 862 868 875 894 911 917 929 935 936 947 954 966 967 972 977 980 1000 1024 1028 1042 1064 1068 1117 1127 1129 1143 1158 1162 1168 1187 1188 1199 1201 1205 1220 1224 1234 1236 1237 1257 1259 1262 1264 1280 1290 1304 1323 1339 1364 1370 1375 1376 1394 1395 1419 1422 1446 1454 1469 1479 1482 1486 1487 1490 1495 1502 1524 1544 1562 1584 1586 1590 1597 1643 1645 1649 1652 1654 1658 1660 1701 1708 1718 1720 1735 1745 1747 1749 1756 1764 1777 1787 1800 1808 1818 1823 1831 1836 1851 1857 1872 1882 1888 1901 1937 1946 1959 1963 1983 1991 1996 2023 2036 2038 2044 2058 2063 2083
10,77,CG-MOACO,area_s5_t300,0.30805243445692887,1607.7226800175674,1.624807680927192,1 38 47 55 58 76 80 98 102 114 134 137 152 154 165 174 175 176 178 182 189 197 200 201 206 219 233 245 252 257 278 284 285 292 307 310 316 334 337 344 379 420 440 450 458 461 465 468 484 508 554 562 575 583 593 606 615 626 629 630 650 676 681 685 700 708 737 745 760 771 772 786 790 802 806 809 812 825 853 858 868 878 913 917 929 938 941 943 957 980 1001 1016 1033 1037 1039 1058 1070 1072 1089 1126 1129 1137 1143 1152 1162 1175 1183 1187 1199 1201 1202 1205 1222 1234 1236 1237 1262 1264 1280 1304 1319 1334 1339 1341 1359 1361 1370 1373 1385 1391 1394 1401 1412 1414 1419 1423 1434 1435 1441 1455 1486 1520 1526 1557 1565 1571 1578 1615 1616 1643 1645 1651 1654 1660 1667 1673 1676 1701 1718 1721 1732 1747 1756 1765 1777 1787 1792 1793 1797 1802 1808 1819 1823 1831 1840 1842 1860 1882 1900 1928 1937 1963 1965 1983 1986 1989 2016 2023 2036 2037 2057 2063 2083
10,78,CG-MOACO,area_s5_t300,0.27762172284644193,1694.8783022022346,0.8,1 9 31 38 59 80 91 98 99 102 106 111 117 129 137 153 157 160 165 175 176 178 181 189 191 200 218 220 226 230 249 252 258 292 300 306 310 316 348 379 395 440 445 449 450 465 481 495 545 552 554 584 593 605 608 613 617 626 650 654 664 676 687 692 700 705 719 721 734 740 747 750 760 771 775 776 790 802 807 815 825 841 856 860 862 885 910 917 929 936 939 941 947 973 978 980 1000 1024 1028 1037 1039 1062 1070 1086 1089 1107 1115 1126 1141 1143 1158 1163 1170 1173 1183 1185 1187 1199 1202 1221 1237 1244 1262 1264 1266 1292 1297 1304 1314 1318 1331 1334 1336 1339 1340 1370 1375 1376 1378 1383 1394 1395 1401 1403 1412 1419 1423 1434 1436 1483 1487 1490 1520 1524 1527 1529 1536 1616 1619 1645 1649 1652 1654 1683 1705 1708 1718 1725 1734 1735 1747 1755 1779 1787 1797 1806 1818 1823 1836 1840 1842 1845 1851 1860 1882 1883 1888 1896 1937 1938 1963 1983 2001 2006 2008 2023 2033 2038 2049 2057 2063 2070
10,79,CG-MOACO,area_s5_t300,0.2626404494382022,1695.2222606002738,0.4,1 20 26 31 55 78 80 99 102 106 117 137 153 156 172 173 175 176 178 191 215 226 230 235 252 264 270 273 284 285 311 317 327 334 356 359 370 377 378 391 393 403 420 449 450 458 464 465 477 481 508 537 559 562 583 589 591 593 605 612 617 622 624 629 637 648 650 654 658 671 674 676 700 705 708 716 734 760 775 790 802 814 825 831 860 862 910 911 918 925 929 941 946 957 966 967 978 982 987 1001 1017 1024 1036 1056 1062 1070 1104 1105 1107 1117 1137 1143 1158 1164 1170 1175 1183 1187 1199 1202 1222 1228 1234 1237 1239 1262 1264 1279 1290 1292 1296 1297 1318 1320 1323 1334 1336 1338 1339 1364 1375 1376 1377 1385 1403 1404 1419 1423 1434 1435 1440 1448 1455 1469 1502 1528 1529 1544 1551 1559 1565 1582 1616 1618 1645 1652 1654 1660 1670 1672 1708 1718 1732 1751 1756 1776 1777 1779 1797 1805 1815 1818 1839 1840 1842 1860 1867 1892 1928 1931 1937 1940 1963 1966 1967 1983 1991 2006 2009 2015 2018 2023 2026 2037 2045 2046 2058 2063 2083
10,80,CG-MOACO,area_s5_t300,0.32209737827715357,1585.141878929818,2.4819347291981715,1 9 20 31 36 38 40 47 49 55 67 80 98 102 105 111 137 148 152 165 166 175 178 190 206 210 214 219 226 230 235 257 258 284 292 316 325 334 344 348 392 395 415 437 440 458 464 474 486 506 508 517 525 528 533 545 558 593 595 608 611 612 626 629 650 654 675 697 700 703 708 716 722 723 771 772 802 825 860 862 870 911 913 929 941 951 957 960 961 967 973 978 982 994 1000 1024 1039 1056 1062 1070 1089 1104 1105 1126 1143 1162 1175 1183 1187 1191 1199 1204 1205 1222 1237 1262 1264 1280 1296 1300 1314 1318 1331 1341 1360 1364 1370 1373 1376 1383 1391 1394 1412 1419 1423 1435 1440 1455 1469 1487 1499 1524 1529 1553 1565 1580 1584 1605 1615 1616 1645 1649 1652 1654 1703 1718 1732 1750 1756 1777 1787 1797 1823 1829 1833 1836 1842 1851 1860 1866 1888 1901 1923 1937 1961 1963 1983 1986 1991 2001 2008 2009 2023 2024 2038 2057 2063 2074 2083
10,81,CG-MOACO,area_s5_t300,0.29026217228464424,1648.1157662927062,0.6324555320336759,5 13 38 55 64 68 80 98 102 105 106 117 134 137 165 172 173 175 176 180 206 211 215 217 220 252 264 270 277 278 284 285 308 311 316 334 371 379 391 395 415 420 440 450 461 465 495 496 528 543 555 558 560 562 583 591 593 603 606 608 612 654 664 676 678 700 708 719 731 735 740 760 771 772 775 776 790 802 814 825 853 856 858 862 868 879 890 915 917 957 967 978 982 998 1024 1028 1034 1036 1051 1060 1064 1073 1086 1105 1115 1117 1127 1143 1158 1163 1164 1170 1173 1187 1199 1202 1205 1224 1237 1264 1266 1292 1296 1302 1310 1318 1323 1334 1336 1339 1354 1361 1364 1373 1375 1384 1403 1404 1408 1412 1419 1423 1434 1440 1441 1448 1469 1480 1483 1524 1528 1559 1565 1599 1616 1645 1648 1649 1652 1653 1673 1677 1692 1705 1732 1735 1747 1756 1757 1765 1788 1793 1797 1808 1813 1818 1827 1840 1842 1854 1857 1860 1866 1882 1901 1916 1922 1926 1963 1980 1983 1989 2006 2008 2026 2027 2038 2046 2063 2083
10,82,CG-MOACO,area_s5_t300,0.28838951310861427,1643.8841665131235,0.8944271909999159,9 13 31 38 80 98 102 105 137 152 165 175 176 178 180 189 191 204 209 219 220 236 243 252 263 264 270 278 284 285 292 306 307 311 317 332 344 356 379 386 393 415 424 440 450 461 475 477 486 508 528 530 558 562 580 583 593 605 613 626 648 650 664 685 697 700 708 725 734 741 760 772 777 787 790 806 807 812 825 827 853 860 862 885 897 910 913 915 917 929 946 952 954 957 966 967 978 982 1000 1017 1026 1028 1032 1036 1060 1086 1089 1091 1103 1105 1127 1129 1137 1143 1162 1170 1175 1183 1199 1202 1264 1268 1280 1292 1294 1296 1304 1310 1318 1334 1339 1361 1369 1370 1373 1376 1384 1394 1408 1419 1423 1426 1435 1448 1469 1480 1494 1495 1524 1561 1571 1584 1602 1612 1616 1618 1643 1645 1648 1649 1652 1660 1672 1705 1708 1711 1734 1735 1747 1756 1766 1769 1773 1797 1806 1808 1818 1820 1823 1827 1836 1842 1854 1860 1867 1901 1963 1983 2005 2008 2023 2025 2027 2036 2038 2058 2063 2076 2078 2083
10,83,CG-MOACO,area_s5_t300,0.29962546816479396,1612.7201118750265,2.65329983228432,1 15 31 38 47 55 63 76 78 80 86 98 102 106 111 114 134 137 143 165 167 175 176 178 181 189 219 220 229 232 252 257 260 278 284 292 311 317 334 337 356 379 395 440 457 474 486 489 508 510 517 558 559 564 565 593 602 611 612 626 632 644 650 654 656 676 681 685 700 708 711 721 725 734 760 802 807 825 836 840 860 862 877 910 913 917 929 947 952 954 957 958 966 973 978 982 994 1001 1007 1024 1056 1060 1086 1089 1105 1127 1143 1175 1183 1187 1199 1202 1204 1205 1224 1237 1244 1262 1264 1279 1303 1310 1318 1327 1334 1339 1361 1369 1370 1384 1394 1395 1412 1413 1419 1423 1434 1455 1458 1469 1520 1526 1529 1544 1571 1578 1580 1582 1605 1616 1636 1643 1645 1649 1652 1654 1673 1676 1683 1711 1720 1726 1747 1756 1779 1787 1792 1793 1797 1810 1823 1829 1842 1860 1866 1868 1878 1882 1892 1923 1928 1961 1963 1965 1983 1989 1991 2006 2008 2018 2023 2033 2037 2045 2049 2057 2063
10,84,CG-MOACO,area_s5_t300,0.32397003745318353,1589.9786726553957,1.4142135623730951,31 47 79 80 102 106 114 117 124 134 137 143 144 167 170 175 176 189 215 218 252 257 261 284 285 289 291 292 308 311 316 327 355 371 385 395 426 440 450 465 475 480 485 504 508 528 541 544 545 559 562 575 578 583 593 605 611 612 615 650 654 686 687 719 734 750 760 766 771 775 790 796 825 836 847 868 870 875 885 900 911 913 917 928 929 941 947 978 980 996 1001 1012 1039 1041 1058 1062 1070 1086 1102 1122 1127 1129 1137 1143 1168 1199 1201 1202 1205 1223 1234 1237 1244 1245 1254 1264 1280 1289 1295 1301 1304 1318 1323 1339 1370 1384 1391 1403 1412 1430 1435 1456 1458 1463 1469 1480 1490 1496 1520 1524 1544 1565 1571 1580 1582 1616 1643 1645 1648 1652 1653 1672 1677 1718 1720 1734 1735 1747 1749 1756 1763 1769 1775 1787 1797 1811 1823 1831 1842 1854 1860 1869 1888 1937 1944 1963 1969 1983 1989 2006 2009 2018 2023 2025 2027 2033 2038 2055 2058 2063
10,85,CG-MOACO,area_s5_t300,0.2837078651685393,1637.6678404159409,3.0983866769659336,1 31 47 67 71 76 80 98 102 110 114 134 137 141 152 153 174 175 176 178 180 197 200 220 252 257 265 270 285 292 310 317 334 344 358 362 371 379 395 423 432 440 450 452 461 465 475 477 491 504 508 523 525 528 533 534 542 545 554 562 593 612 626 644 654 708 734 740 760 771 790 797 802 806 807 825 831 860 870 877 885 905 910 911 913 917 929 956 957 978 982 991 1012 1016 1018 1024 1027 1032 1036 1039 1056 1062 1064 1065 1089 1104 1105 1128 1137 1143 1158 1170 1173 1183 1187 1199 1202 1224 1230 1234 1237 1244 1251 1262 1264 1269 1280 1296 1316 1318 1323 1339 1366 1373 1375 1376 1384 1395 1401 1404 1409 1412 1419 1435 1440 1455 1469 1496 1517 1524 1528 1565 1571 1582 1605 1615 1616 1645 1647 1652 1653 1660 1672 1710 1718 1738 1756 1765 1787 1808 1815 1819 1836 1839 1842 1852 1860 1882 1888 1900 1922 1937 1959 1963 1966 1967 1978 1983 1989 1991 2006 2008 2014 2015 2026 2037 2046 2049 2058 2063
10,86,CG-MOACO,area_s5_t300,0.2710674157303371,1683.5099839234572,2.0976176963403033,1 7 9 38 55 79 80 86 98 102 105 111 114 127 132 137 154 158 175 176 180 182 202 219 220 252 263 270 284 292 308 311 317 334 336 362 379 390 393 395 412 417 449 450 465 475 476 528 533 544 552 562 565 580 583 589 593 606 611 626 637 648 654 676 694 700 708 716 731 740 760 766 771 772 775 777 790 802 807 825 831 862 868 871 876 892 900 910 911 913 920 927 929 941 946 956 967 980 994 1012 1016 1024 1028 1036 1052 1056 1062 1064 1070 1086 1104 1105 1127 1143 1149 1158 1164 1170 1173 1187 1199 1202 1204 1236 1237 1259 1262 1264 1268 1280 1281 1297 1304 1323 1328 1359 1361 1370 1373 1375 1376 1378 1383 1385 1394 1401 1403 1412 1416 1418 1422 1434 1436 1440 1457 1469 1482 1528 1529 1554 1565 1643 1645 1652 1654 1670 1683 1685 1708 1718 1724 1726 1732 1750 1754 1756 1769 1808 1819 1823 1839 1848 1860 1868 1878 1882 1888 1897 1923 1932 1963 1965 1983 1991 2006 2008 2018 2023 2025 2027 2037 2045 2057 2063 2080
10,87,CG-MOACO,area_s5_t300,0.276685393258427,1657.0040494213495,1.8547236990991407,1 15 20 47 58 71 76 78 80 102 105 108 117 122 134 137 166 174 175 176 178 182 188 219 220 226 230 252 257 260 277 278 285 292 306 317 324 356 369 370 378 415 449 450 458 464 465 508 528 559 562 575 583 589 593 602 611 612 615 626 648 676 692 700 719 731 734 738 740 760 770 774 775 790 802 806 807 809 812 825 836 853 855 862 868 910 917 925 929 956 957 967 978 982 994 1001 1017 1026 1036 1039 1062 1064 1070 1086 1089 1105 1123 1127 1129 1133 1137 1139 1143 1158 1164 1173 1183 1199 1234 1237 1257 1262 1264 1279 1290 1295 1308 1310 1314 1318 1323 1334 1336 1339 1341 1363 1375 1376 1384 1391 1404 1419 1423 1434 1440 1455 1458 1469 1480 1483 1492 1502 1520 1524 1544 1559 1581 1582 1615 1616 1643 1645 1652 1653 1673 1704 1708 1723 1725 1731 1756 1765 1774 1787 1797 1808 1815 1829 1839 1842 1854 1866 1882 1901 1923 1928 1940 1952 1954 1963 1964 1983 1996 2018 2023 2037 2040 2046 2049 2057 2063 2080 2083
10,88,CG-MOACO,area_s5_t300,0.28323970037453183,1660.9075408027416,1.4696938456699067,1 13 31 47 76 80 102 105 106 121 137 175 176 186 200 206 219 220 226 230 237 251 252 257 265 270 277 278 284 290 308 315 317 334 336 370 376 377 379 439 449 450 453 458 461 465 475 485 500 504 510 517 528 532 560 562 580 583 589 593 607 626 637 648 658 676 685 700 708 723 731 760 771 776 790 806 807 812 825 848 853 862 868 877 910 917 925 929 941 954 957 958 967 978 980 994 1001 1012 1018 1024 1032 1036 1039 1052 1062 1064 1068 1089 1105 1107 1126 1129 1137 1145 1175 1183 1187 1188 1199 1202 1219 1237 1264 1279 1293 1303 1308 1310 1318 1323 1334 1339 1361 1370 1383 1385 1390 1391 1403 1411 1412 1419 1423 1429 1434 1440 1455 1480 1483 1506 1524 1544 1565 1580 1584 1606 1616 1643 1645 1648 1649 1652 1660 1667 1676 1720 1732 1738 1756 1777 1780 1787 1792 1793 1797 1805 1808 1815 1818 1823 1839 1842 1860 1866 1867 1872 1896 1924 1928 1962 1963 1967 1983 1987 1989 1991 2006 2008 2009 2018 2037 2057 2063 2083
10,89,CG-MOACO,area_s5_t300,0.3061797752808989,1601.3951681034214,2.925747767665559,1 9 26 48 80 96 102 120 137 154 156 157 167 175 176 178 182 189 191 197 205 210 214 219 220 252 257 264 278 284 285 292 307 317 319 334 337 379 391 393 420 448 450 458 461 465 475 504 508 528 544 545 554 558 562 578 583 593 624 626 654 675 685 697 700 726 734 741 744 770 771 802 814 825 842 847 853 868 877 885 894 910 917 929 941 944 956 972 987 1001 1016 1021 1024 1039 1060 1064 1077 1084 1086 1089 1127 1139 1174 1183 1188 1199 1204 1222 1228 1236 1237 1258 1264 1290 1291 1292 1299 1310 1314 1323 1336 1339 1346 1359 1364 1373 1375 1376 1384 1392 1395 1403 1404 1412 1419 1423 1426 1434 1435 1448 1480 1483 1490 1495 1522 1524 1582 1605 1616 1645 1652 1654 1673 1725 1732 1735 1738 1743 1747 1756 1765 1776 1797 1806 1808 1815 1818 1827 1834 1842 1854 1860 1882 1901 1922 1926 1928 1940 1947 1963 1980 1983 1986 2006 2008 2016 2023 2026 2027 2038 2044 2046 2063 2083
10,90,CG-MOACO,area_s5_t300,0.300561797752809,1612.0199001251453,0.8,9 31 38 48 59 67 80 91 98 102 111 120 137 144 155 175 176 189 200 217 219 220 232 252 261 270 277 278 285 292 308 311 317 332 334 358 362 378 391 395 415 424 440 449 450 461 465 495 499 504 528 532 543 560 562 575 579 583 593 615 626 644 648 654 700 731 734 740 750 760 770 771 775 776 790 802 809 825 828 862 871 877 884 890 910 917 929 941 947 957 958 960 967 978 982 1012 1016 1017 1018 1022 1037 1060 1064 1070 1079 1086 1089 1096 1123 1127 1137 1143 1175 1183 1185 1199 1204 1222 1237 1248 1262 1264 1280 1316 1318 1323 1334 1339 1359 1361 1363 1375 1376 1384 1403 1404 1412 1419 1423 1434 1454 1455 1458 1469 1480 1495 1528 1544 1565 1582 1615 1616 1618 1643 1645 1648 1652 1660 1673 1676 1705 1718 1734 1735 1749 1756 1765 1777 1797 1808 1813 1818 1839 1842 1849 1852 1860 1882 1901 1928 1937 1959 1965 1967 1980 1983 1989 1991 2006 2008 2023 2026 2038 2046 2063 2080 2083
10,91,CG-MOACO,area_s5_t300,0.2837078651685393,1640.230413805396,1.3266499161421599,1 9 31 71 78 80 98 102 105 106 111 132 137 175 176 178 180 189 191 196 200 210 215 219 220 245 252 262 270 278 282 284 292 306 311 316 323 348 369 370 379 398 420 423 432 450 452 465 475 477 486 500 504 508 517 528 533 544 562 565 578 583 593 603 606 612 650 664 676 678 681 708 711 736 740 760 766 771 772 790 812 825 831 860 862 870 875 885 897 910 911 917 929 941 946 947 951 967 972 978 982 987 1000 1024 1028 1037 1039 1049 1062 1070 1073 1086 1127 1143 1158 1162 1173 1187 1199 1221 1223 1237 1260 1262 1264 1274 1279 1302 1304 1310 1318 1334 1339 1347 1361 1379 1383 1385 1395 1403 1404 1408 1412 1422 1423 1426 1434 1435 1468 1480 1483 1529 1544 1565 1605 1608 1616 1639 1645 1647 1649 1652 1654 1660 1705 1732 1735 1747 1756 1781 1792 1793 1808 1813 1815 1818 1840 1852 1860 1866 1878 1882 1888 1901 1902 1954 1961 1963 1965 1983 1986 1991 2008 2014 2023 2045 2046 2049 2058 2063 2083
10,92,CG-MOACO,area_s5_t300,0.29822097378277157,1622.483258664632,2.65329983228432,1 9 19 40 47 55 71 80 86 91 102 114 133 152 166 172 175 178 182 189 197 212 219 220 226 230 247 252 257 263 265 270 278 307 311 317 334 344 348 362 379 380 395 426 440 450 453 464 465 486 495 528 532 534 558 578 583 593 595 613 626 648 650 654 658 676 685 692 700 708 740 744 760 771 772 776 790 802 806 809 825 853 858 860 862 875 887 890 897 910 913 918 925 929 942 946 951 954 957 966 967 968 977 982 1012 1016 1024 1028 1033 1053 1055 1062 1105 1117 1127 1129 1143 1167 1175 1187 1199 1205 1234 1264 1279 1310 1318 1331 1334 1339 1361 1374 1375 1401 1402 1404 1408 1412 1416 1419 1423 1436 1448 1468 1483 1511 1524 1544 1565 1571 1573 1575 1582 1599 1616 1637 1643 1645 1647 1649 1653 1660 1672 1701 1708 1731 1747 1756 1765 1773 1777 1797 1802 1808 1818 1842 1851 1860 1867 1878 1882 1890 1901 1962 1963 1965 1983 1989 2008 2023 2036 2037 2046 2058 2063 2078 2083
10,93,CG-MOACO,area_s5_t300,0.29307116104868913,1627.0784256609077,0.9797958971132712,1 9 13 47 58 80 86 99 102 105 114 165 167 175 182 219 220 226 230 237 247 252 257 260 264 278 284 285 307 308 311 315 317 334 348 356 370 379 393 395 399 429 432 440 442 450 458 461 465 481 486 495 532 540 559 564 583 593 617 624 626 632 637 650 654 675 678 705 708 711 716 734 740 773 775 776 794 802 806 807 853 858 862 868 885 890 910 913 934 946 957 958 978 982 1001 1012 1016 1021 1024 1028 1037 1039 1043 1060 1077 1086 1089 1115 1127 1137 1142 1158 1163 1173 1187 1199 1202 1205 1234 1235 1237 1264 1290 1318 1327 1334 1339 1370 1373 1375 1376 1391 1402 1408 1412 1414 1419 1423 1434 1435 1440 1448 1458 1483 1487 1490 1496 1520 1524 1528 1559 1574 1584 1599 1614 1645 1649 1652 1654 1655 1660 1672 1701 1708 1718 1735 1738 1747 1753 1756 1763 1767 1776 1779 1797 1802 1806 1815 1823 1835 1842 1860 1867 1868 1882 1928 1937 1940 1963 1983 2008 2015 2018 2023 2027 2038 2055 2058 2063
10,94,CG-MOACO,area_s5_t300,0.27855805243445697,1675.99101770328,1.16619037896906,9 29 31 38 43 46 72 78 80 98 99 102 105 108 114 137 143 144 165 175 176 178 181 196 201 206 214 215 218 220 227 252 277 284 292 317 332 334 344 362 379 395 423 440 449 464 465 475 479 484 495 504 508 528 533 559 562 565 566 580 589 593 602 611 648 650 654 681 700 708 716 731 734 740 760 771 790 802 806 807 808 825 831 862 884 891 910 911 913 929 941 954 957 960 966 982 984 994 1016 1018 1024 1028 1034 1043 1060 1070 1079 1104 1105 1127 1143 1162 1164 1180 1187 1191 1199 1202 1204 1236 1237 1239 1244 1251 1262 1264 1266 1274 1288 1292 1295 1301 1318 1339 1370 1373 1378 1384 1395 1403 1408 1419 1422 1423 1435 1440 1483 1490 1513 1518 1520 1553 1562 1565 1577 1590 1599 1604 1605 1614 1616 1643 1645 1652 1653 1673 1705 1718 1735 1747 1749 1753 1756 1773 1787 1792 1793 1797 1808 1823 1833 1836 1851 1860 1865 1882 1883 1901 1909 1923 1937 1954 1962 1963 1966 1971 1983 1991 2006 2023 2027 2045 2057 2063
10,95,CG-MOACO,area_s5_t300,0.27715355805243447,1663.0537385625967,1.5491933384829668,1 38 71 76 78 80 96 102 105 106 114 134 137 153 166 175 176 182 196 218 220 226 230 252 257 258 270 273 284 285 292 308 311 317 334 349 356 379 391 411 431 440 449 450 458 464 465 474 484 504 508 510 518 525 528 543 562 593 611 613 615 617 622 624 626 650 652 671 674 685 697 700 708 731 734 741 760 802 812 814 825 831 856 858 862 868 885 895 905 910 911 913 917 929 942 958 966 967 978 982 1001 1016 1028 1036 1056 1060 1070 1104 1105 1127 1137 1143 1168 1170 1173 1183 1184 1187 1191 1199 1202 1204 1205 1223 1224 1262 1264 1292 1299 1302 1323 1339 1373 1375 1384 1394 1395 1403 1409 1412 1416 1419 1422 1426 1429 1434 1435 1440 1441 1469 1482 1496 1506 1517 1525 1529 1554 1565 1580 1584 1604 1606 1645 1648 1652 1670 1673 1720 1732 1756 1765 1777 1784 1787 1797 1800 1804 1808 1818 1820 1823 1839 1854 1860 1870 1892 1901 1926 1937 1940 1963 1967 1983 1989 2006 2008 2018 2023 2026 2037 2045 2057 2063 2078 2083
10,96,CG-MOACO,area_s5_t300,0.2724719101123596,1666.3103427231656,2.449489742783178,1 9 14 15 31 47 55 67 78 80 98 99 102 106 108 137 143 153 155 165 172 175 176 181 190 202 206 207 227 230 232 252 257 265 277 284 285 308 311 317 334 348 358 370 395 415 420 440 449 450 458 464 465 467 495 510 528 532 543 552 559 562 583 590 593 611 626 654 675 700 708 719 734 741 771 775 776 795 802 806 809 814 825 862 866 868 870 875 910 911 913 917 929 942 946 947 957 978 991 1016 1024 1039 1041 1058 1060 1064 1077 1104 1105 1117 1124 1127 1137 1143 1158 1164 1170 1174 1187 1199 1202 1205 1223 1234 1264 1266 1269 1278 1310 1314 1318 1323 1334 1339 1340 1370 1376 1377 1384 1394 1403 1419 1422 1423 1430 1434 1435 1440 1446 1458 1469 1480 1490 1496 1520 1524 1559 1565 1571 1582 1615 1618 1645 1648 1652 1653 1673 1683 1708 1732 1747 1756 1757 1769 1777 1780 1797 1805 1808 1818 1831 1836 1854 1860 1882 1901 1922 1926 1937 1963 1966 1980 1983 1989 2006 2008 2018 2023 2029 2037 2046 2063 2078 2080 2083
10,97,CG-MOACO,area_s5_t300,0.26357677902621723,1688.9396279542261,3.54400902933387,1 5 9 31 47 63 78 80 102 110 117 137 153 158 165 175 176 178 179 189 202 214 217 220 232 252 257 261 270 277 284 285 292 300 307 310 317 334 356 362 391 393 412 420 440 442 448 450 452 461 514 545 558 562 583 592 593 602 617 622 626 637 671 674 676 678 687 700 705 708 716 734 740 760 772 775 776 790 802 807 812 825 831 847 868 871 879 885 900 905 911 915 929 935 941 956 972 978 980 1001 1016 1017 1020 1024 1028 1060 1064 1068 1070 1127 1143 1172 1173 1187 1199 1201 1202 1204 1205 1237 1258 1262 1264 1310 1314 1318 1323 1334 1336 1339 1347 1361 1364 1370 1373 1375 1376 1384 1394 1395 1403 1412 1419 1423 1426 1434 1435 1469 1480 1483 1490 1524 1527 1534 1550 1565 1571 1580 1582 1584 1616 1627 1643 1645 1647 1649 1652 1653 1673 1683 1708 1711 1732 1747 1749 1753 1766 1779 1787 1797 1800 1806 1812 1814 1823 1834 1836 1840 1842 1854 1860 1865 1882 1916 1923 1937 1940 1963 1965 1983 2006 2008 2023 2025 2027 2028 2038 2057 2063
10,98,CG-MOACO,area_s5_t300,0.27621722846441943,1678.8622438979876,1.624807680927192,1 5 31 41 47 76 80 96 102 114 134 137 165 166 170 175 176 178 189 191 197 215 219 220 251 252 260 265 270 277 278 284 292 306 311 317 337 362 369 370 379 393 395 415 431 440 449 450 465 475 497 504 508 517 525 543 554 559 562 565 583 589 592 593 613 615 648 664 675 685 697 700 705 708 719 734 771 802 806 815 825 853 856 868 885 910 917 929 941 943 957 978 980 1016 1027 1029 1031 1032 1037 1039 1060 1064 1068 1070 1077 1089 1126 1128 1137 1143 1156 1158 1163 1170 1174 1183 1187 1188 1199 1222 1237 1259 1262 1264 1290 1296 1304 1314 1316 1318 1336 1339 1359 1370 1373 1375 1385 1394 1395 1403 1419 1426 1434 1435 1448 1469 1480 1483 1490 1496 1524 1537 1565 1578 1581 1594 1605 1616 1645 1648 1652 1653 1658 1704 1708 1718 1726 1734 1735 1738 1747 1749 1756 1779 1787 1793 1797 1802 1812 1823 1831 1836 1842 1851 1860 1888 1900 1937 1952 1963 1983 1986 1989 2006 2008 2023 2025 2039 2044 2049 2058 2063 2083
10,99,CG-MOACO,area_s5_t300,0.27340823970037453,1665.9793814235998,3.1622776601683795,1 5 26 38 47 55 63 67 80 98 102 106 111 125 134 137 175 176 182 189 191 200 204 210 215 219 220 226 230 232 252 257 258 260 270 277 278 284 308 311 315 317 334 379 385 393 415 431 443 449 450 465 500 508 517 525 543 559 562 565 583 589 593 605 608 612 617 625 648 654 658 685 700 708 716 719 734 738 760 766 771 773 777 790 806 858 862 870 872 890 910 911 915 929 938 941 944 957 958 967 980 1001 1028 1031 1039 1062 1064 1083 1089 1105 1117 1126 1137 1142 1162 1173 1187 1199 1202 1204 1205 1223 1228 1236 1237 1262 1264 1297 1304 1318 1323 1343 1370 1373 1375 1383 1385 1394 1395 1403 1411 1412 1413 1416 1419 1423 1430 1434 1435 1482 1490 1518 1524 1553 1580 1584 1605 1643 1645 1649 1652 1654 1658 1708 1718 1734 1735 1738 1749 1750 1756 1781 1787 1793 1797 1812 1823 1825 1839 1840 1842 1854 1860 1888 1896 1909 1922 1926 1928 1940 1941 1961 1963 1964 1971 1983 1986 2006 2009 2038 2044 2049 2058 2063 2083
